index,s,t,p,e,c
1,32306,32306,9,"[1.         1.8        2.43       2.916      3.2805     3.54294
 3.720087   3.8263752  3.87420489]",8
2,98601,98601,9,"[1.         1.8        2.43       2.916      3.2805     3.54294
 3.720087   3.8263752  3.87420489]",8
3,143505,143505,9,"[1.         1.8        2.43       2.916      3.2805     3.54294
 3.720087   3.8263752  3.87420489]",8
4,50736,50736,60,"[0.25       0.45       0.6075     0.729      0.820125   0.885735
 0.93002175 0.9565938  0.96855122 0.96855122 0.95886571 0.94143179
 0.91789599 0.88965304 0.85787972 0.82356453 0.78753358 0.75047318
 0.71294952 0.67542586 0.63827744 0.60180444 0.56624327 0.53177629
 0.49854027 0.46663369 0.43612303 0.40704816 0.37942703 0.35325965
 0.32853148 0.30521634 0.28327892 0.26267681 0.24336234 0.225284
 0.2083877  0.19261782 0.17791804 0.16423203 0.15150405 0.13967934
 0.12870454 0.1185279  0.10909954 0.10037158 0.09229821 0.08483581
 0.0779429  0.07158021 0.06571063 0.06029917 0.05531289 0.05072088
 0.04649414 0.04260554 0.03902972 0.035743   0.03272334 0.02995017
 0.02740441]",60
5,131820,131820,6,[1.       1.8      2.43     2.916    3.2805   3.54294  3.720087],6
6,326322,326322,30,"[0.25       0.45       0.6075     0.729      0.820125   0.885735
 0.93002175 0.9565938  0.96855122 0.96855122 0.95886571 0.94143179
 0.91789599 0.88965304 0.85787972 0.82356453 0.78753358 0.75047318
 0.71294952 0.67542586 0.63827744 0.60180444 0.56624327 0.53177629
 0.49854027 0.46663369 0.43612303 0.40704816 0.37942703 0.35325965
 0.32853148]",30
7,279731,279731,30,"[0.25       0.45       0.6075     0.729      0.820125   0.885735
 0.93002175 0.9565938  0.96855122 0.96855122 0.95886571 0.94143179
 0.91789599 0.88965304 0.85787972 0.82356453 0.78753358 0.75047318
 0.71294952 0.67542586 0.63827744 0.60180444 0.56624327 0.53177629
 0.49854027 0.46663369 0.43612303 0.40704816 0.37942703 0.35325965
 0.32853148]",30
8,127283,127283,9,"[1.         1.8        2.43       2.916      3.2805     3.54294
 3.720087   3.8263752  3.87420489]",8
9,278708,278708,6,[1.       1.8      2.43     2.916    3.2805   3.54294  3.720087],6
10,116015,116015,1,[1.  1.8],1
11,156756,156756,30,"[0.25       0.45       0.6075     0.729      0.820125   0.885735
 0.93002175 0.9565938  0.96855122 0.96855122 0.95886571 0.94143179
 0.91789599 0.88965304 0.85787972 0.82356453 0.78753358 0.75047318
 0.71294952 0.67542586 0.63827744 0.60180444 0.56624327 0.53177629
 0.49854027 0.46663369 0.43612303 0.40704816 0.37942703 0.35325965
 0.32853148]",30
12,214400,214400,6,[1.       1.8      2.43     2.916    3.2805   3.54294  3.720087],6
13,64896,64896,60,"[0.25       0.45       0.6075     0.729      0.820125   0.885735
 0.93002175 0.9565938  0.96855122 0.96855122 0.95886571 0.94143179
 0.91789599 0.88965304 0.85787972 0.82356453 0.78753358 0.75047318
 0.71294952 0.67542586 0.63827744 0.60180444 0.56624327 0.53177629
 0.49854027 0.46663369 0.43612303 0.40704816 0.37942703 0.35325965
 0.32853148 0.30521634 0.28327892 0.26267681 0.24336234 0.225284
 0.2083877  0.19261782 0.17791804 0.16423203 0.15150405 0.13967934
 0.12870454 0.1185279  0.10909954 0.10037158 0.09229821 0.08483581
 0.0779429  0.07158021 0.06571063 0.06029917 0.05531289 0.05072088
 0.04649414 0.04260554 0.03902972 0.035743   0.03272334 0.02995017
 0.02740441]",60
14,206057,206057,9,"[1.         1.8        2.43       2.916      3.2805     3.54294
 3.720087   3.8263752  3.87420489]",8
15,102033,102033,6,[1.       1.8      2.43     2.916    3.2805   3.54294  3.720087],6
16,266401,266401,30,"[0.25       0.45       0.6075     0.729      0.820125   0.885735
 0.93002175 0.9565938  0.96855122 0.96855122 0.95886571 0.94143179
 0.91789599 0.88965304 0.85787972 0.82356453 0.78753358 0.75047318
 0.71294952 0.67542586 0.63827744 0.60180444 0.56624327 0.53177629
 0.49854027 0.46663369 0.43612303 0.40704816 0.37942703 0.35325965
 0.32853148]",30
17,185459,185459,30,"[0.25       0.45       0.6075     0.729      0.820125   0.885735
 0.93002175 0.9565938  0.96855122 0.96855122 0.95886571 0.94143179
 0.91789599 0.88965304 0.85787972 0.82356453 0.78753358 0.75047318
 0.71294952 0.67542586 0.63827744 0.60180444 0.56624327 0.53177629
 0.49854027 0.46663369 0.43612303 0.40704816 0.37942703 0.35325965
 0.32853148]",30
18,171769,171769,6,[1.       1.8      2.43     2.916    3.2805   3.54294  3.720087],6
19,139762,139762,6,[1.       1.8      2.43     2.916    3.2805   3.54294  3.720087],6
20,118183,118183,3,[0.29411765 0.52941176 0.71470588 0.85764706],3
21,299695,299695,3,[0.29411765 0.52941176 0.71470588 0.85764706],3
22,224881,224881,3,[0.29411765 0.52941176 0.71470588 0.85764706],3
23,246050,246050,6,[1.       1.8      2.43     2.916    3.2805   3.54294  3.720087],6
24,11863,11863,3,[0.29411765 0.52941176 0.71470588 0.85764706],3
25,244580,244580,9,"[1.         1.8        2.43       2.916      3.2805     3.54294
 3.720087   3.8263752  3.87420489]",8
26,283794,283794,60,"[0.25       0.45       0.6075     0.729      0.820125   0.885735
 0.93002175 0.9565938  0.96855122 0.96855122 0.95886571 0.94143179
 0.91789599 0.88965304 0.85787972 0.82356453 0.78753358 0.75047318
 0.71294952 0.67542586 0.63827744 0.60180444 0.56624327 0.53177629
 0.49854027 0.46663369 0.43612303 0.40704816 0.37942703 0.35325965
 0.32853148 0.30521634 0.28327892 0.26267681 0.24336234 0.225284
 0.2083877  0.19261782 0.17791804 0.16423203 0.15150405 0.13967934
 0.12870454 0.1185279  0.10909954 0.10037158 0.09229821 0.08483581
 0.0779429  0.07158021 0.06571063 0.06029917 0.05531289 0.05072088
 0.04649414 0.04260554 0.03902972 0.035743   0.03272334 0.02995017
 0.02740441]",60
27,53002,53002,3,[0.29411765 0.52941176 0.71470588 0.85764706],3
28,226720,226720,3,[0.29411765 0.52941176 0.71470588 0.85764706],3
29,91838,91838,6,[1.       1.8      2.43     2.916    3.2805   3.54294  3.720087],6
30,304801,304801,9,"[1.         1.8        2.43       2.916      3.2805     3.54294
 3.720087   3.8263752  3.87420489]",8
31,130528,130528,9,"[1.         1.8        2.43       2.916      3.2805     3.54294
 3.720087   3.8263752  3.87420489]",8
32,102053,102053,60,"[0.25       0.45       0.6075     0.729      0.820125   0.885735
 0.93002175 0.9565938  0.96855122 0.96855122 0.95886571 0.94143179
 0.91789599 0.88965304 0.85787972 0.82356453 0.78753358 0.75047318
 0.71294952 0.67542586 0.63827744 0.60180444 0.56624327 0.53177629
 0.49854027 0.46663369 0.43612303 0.40704816 0.37942703 0.35325965
 0.32853148 0.30521634 0.28327892 0.26267681 0.24336234 0.225284
 0.2083877  0.19261782 0.17791804 0.16423203 0.15150405 0.13967934
 0.12870454 0.1185279  0.10909954 0.10037158 0.09229821 0.08483581
 0.0779429  0.07158021 0.06571063 0.06029917 0.05531289 0.05072088
 0.04649414 0.04260554 0.03902972 0.035743   0.03272334 0.02995017
 0.02740441]",60
33,6801,6801,9,"[1.         1.8        2.43       2.916      3.2805     3.54294
 3.720087   3.8263752  3.87420489]",8
34,262468,262468,30,"[0.25       0.45       0.6075     0.729      0.820125   0.885735
 0.93002175 0.9565938  0.96855122 0.96855122 0.95886571 0.94143179
 0.91789599 0.88965304 0.85787972 0.82356453 0.78753358 0.75047318
 0.71294952 0.67542586 0.63827744 0.60180444 0.56624327 0.53177629
 0.49854027 0.46663369 0.43612303 0.40704816 0.37942703 0.35325965
 0.32853148]",30
35,42767,42767,30,"[0.25       0.45       0.6075     0.729      0.820125   0.885735
 0.93002175 0.9565938  0.96855122 0.96855122 0.95886571 0.94143179
 0.91789599 0.88965304 0.85787972 0.82356453 0.78753358 0.75047318
 0.71294952 0.67542586 0.63827744 0.60180444 0.56624327 0.53177629
 0.49854027 0.46663369 0.43612303 0.40704816 0.37942703 0.35325965
 0.32853148]",30
36,8978,8978,60,"[0.25       0.45       0.6075     0.729      0.820125   0.885735
 0.93002175 0.9565938  0.96855122 0.96855122 0.95886571 0.94143179
 0.91789599 0.88965304 0.85787972 0.82356453 0.78753358 0.75047318
 0.71294952 0.67542586 0.63827744 0.60180444 0.56624327 0.53177629
 0.49854027 0.46663369 0.43612303 0.40704816 0.37942703 0.35325965
 0.32853148 0.30521634 0.28327892 0.26267681 0.24336234 0.225284
 0.2083877  0.19261782 0.17791804 0.16423203 0.15150405 0.13967934
 0.12870454 0.1185279  0.10909954 0.10037158 0.09229821 0.08483581
 0.0779429  0.07158021 0.06571063 0.06029917 0.05531289 0.05072088
 0.04649414 0.04260554 0.03902972 0.035743   0.03272334 0.02995017
 0.02740441]",60
37,67999,67999,6,[1.       1.8      2.43     2.916    3.2805   3.54294  3.720087],6
38,52971,52971,3,[0.29411765 0.52941176 0.71470588 0.85764706],3
39,266726,266726,9,"[1.         1.8        2.43       2.916      3.2805     3.54294
 3.720087   3.8263752  3.87420489]",8
40,96341,96341,30,"[0.25       0.45       0.6075     0.729      0.820125   0.885735
 0.93002175 0.9565938  0.96855122 0.96855122 0.95886571 0.94143179
 0.91789599 0.88965304 0.85787972 0.82356453 0.78753358 0.75047318
 0.71294952 0.67542586 0.63827744 0.60180444 0.56624327 0.53177629
 0.49854027 0.46663369 0.43612303 0.40704816 0.37942703 0.35325965
 0.32853148]",30
41,229965,229965,9,"[1.         1.8        2.43       2.916      3.2805     3.54294
 3.720087   3.8263752  3.87420489]",8
42,301885,301885,1,[1.  1.8],1
43,303915,303915,6,[1.       1.8      2.43     2.916    3.2805   3.54294  3.720087],6
44,239195,239195,6,[1.       1.8      2.43     2.916    3.2805   3.54294  3.720087],6
45,317404,317404,3,[0.29411765 0.52941176 0.71470588 0.85764706],3
46,171207,171207,30,"[0.25       0.45       0.6075     0.729      0.820125   0.885735
 0.93002175 0.9565938  0.96855122 0.96855122 0.95886571 0.94143179
 0.91789599 0.88965304 0.85787972 0.82356453 0.78753358 0.75047318
 0.71294952 0.67542586 0.63827744 0.60180444 0.56624327 0.53177629
 0.49854027 0.46663369 0.43612303 0.40704816 0.37942703 0.35325965
 0.32853148]",30
47,87801,87801,60,"[0.25       0.45       0.6075     0.729      0.820125   0.885735
 0.93002175 0.9565938  0.96855122 0.96855122 0.95886571 0.94143179
 0.91789599 0.88965304 0.85787972 0.82356453 0.78753358 0.75047318
 0.71294952 0.67542586 0.63827744 0.60180444 0.56624327 0.53177629
 0.49854027 0.46663369 0.43612303 0.40704816 0.37942703 0.35325965
 0.32853148 0.30521634 0.28327892 0.26267681 0.24336234 0.225284
 0.2083877  0.19261782 0.17791804 0.16423203 0.15150405 0.13967934
 0.12870454 0.1185279  0.10909954 0.10037158 0.09229821 0.08483581
 0.0779429  0.07158021 0.06571063 0.06029917 0.05531289 0.05072088
 0.04649414 0.04260554 0.03902972 0.035743   0.03272334 0.02995017
 0.02740441]",60
48,294062,294062,6,[1.       1.8      2.43     2.916    3.2805   3.54294  3.720087],6
49,60666,60666,60,"[0.25       0.45       0.6075     0.729      0.820125   0.885735
 0.93002175 0.9565938  0.96855122 0.96855122 0.95886571 0.94143179
 0.91789599 0.88965304 0.85787972 0.82356453 0.78753358 0.75047318
 0.71294952 0.67542586 0.63827744 0.60180444 0.56624327 0.53177629
 0.49854027 0.46663369 0.43612303 0.40704816 0.37942703 0.35325965
 0.32853148 0.30521634 0.28327892 0.26267681 0.24336234 0.225284
 0.2083877  0.19261782 0.17791804 0.16423203 0.15150405 0.13967934
 0.12870454 0.1185279  0.10909954 0.10037158 0.09229821 0.08483581
 0.0779429  0.07158021 0.06571063 0.06029917 0.05531289 0.05072088
 0.04649414 0.04260554 0.03902972 0.035743   0.03272334 0.02995017
 0.02740441]",60
50,8173,8173,9,"[1.         1.8        2.43       2.916      3.2805     3.54294
 3.720087   3.8263752  3.87420489]",8
51,253318,253318,6,[1.       1.8      2.43     2.916    3.2805   3.54294  3.720087],6
52,326418,326418,6,[1.       1.8      2.43     2.916    3.2805   3.54294  3.720087],6
53,265612,265612,6,[1.       1.8      2.43     2.916    3.2805   3.54294  3.720087],6
54,313685,313685,6,[1.       1.8      2.43     2.916    3.2805   3.54294  3.720087],6
55,177735,177735,6,[1.       1.8      2.43     2.916    3.2805   3.54294  3.720087],6
56,304806,304806,9,"[1.         1.8        2.43       2.916      3.2805     3.54294
 3.720087   3.8263752  3.87420489]",8
57,171768,171768,30,"[0.25       0.45       0.6075     0.729      0.820125   0.885735
 0.93002175 0.9565938  0.96855122 0.96855122 0.95886571 0.94143179
 0.91789599 0.88965304 0.85787972 0.82356453 0.78753358 0.75047318
 0.71294952 0.67542586 0.63827744 0.60180444 0.56624327 0.53177629
 0.49854027 0.46663369 0.43612303 0.40704816 0.37942703 0.35325965
 0.32853148]",30
58,212710,212710,30,"[0.25       0.45       0.6075     0.729      0.820125   0.885735
 0.93002175 0.9565938  0.96855122 0.96855122 0.95886571 0.94143179
 0.91789599 0.88965304 0.85787972 0.82356453 0.78753358 0.75047318
 0.71294952 0.67542586 0.63827744 0.60180444 0.56624327 0.53177629
 0.49854027 0.46663369 0.43612303 0.40704816 0.37942703 0.35325965
 0.32853148]",30
59,23402,23402,3,[0.29411765 0.52941176 0.71470588 0.85764706],3
60,267911,267911,30,"[0.25       0.45       0.6075     0.729      0.820125   0.885735
 0.93002175 0.9565938  0.96855122 0.96855122 0.95886571 0.94143179
 0.91789599 0.88965304 0.85787972 0.82356453 0.78753358 0.75047318
 0.71294952 0.67542586 0.63827744 0.60180444 0.56624327 0.53177629
 0.49854027 0.46663369 0.43612303 0.40704816 0.37942703 0.35325965
 0.32853148]",30
61,149749,149749,30,"[0.25       0.45       0.6075     0.729      0.820125   0.885735
 0.93002175 0.9565938  0.96855122 0.96855122 0.95886571 0.94143179
 0.91789599 0.88965304 0.85787972 0.82356453 0.78753358 0.75047318
 0.71294952 0.67542586 0.63827744 0.60180444 0.56624327 0.53177629
 0.49854027 0.46663369 0.43612303 0.40704816 0.37942703 0.35325965
 0.32853148]",30
62,172495,172495,30,"[0.25       0.45       0.6075     0.729      0.820125   0.885735
 0.93002175 0.9565938  0.96855122 0.96855122 0.95886571 0.94143179
 0.91789599 0.88965304 0.85787972 0.82356453 0.78753358 0.75047318
 0.71294952 0.67542586 0.63827744 0.60180444 0.56624327 0.53177629
 0.49854027 0.46663369 0.43612303 0.40704816 0.37942703 0.35325965
 0.32853148]",30
63,350113,350113,1,[1.  1.8],1
64,146235,146235,6,[1.       1.8      2.43     2.916    3.2805   3.54294  3.720087],6
65,73146,73146,60,"[0.25       0.45       0.6075     0.729      0.820125   0.885735
 0.93002175 0.9565938  0.96855122 0.96855122 0.95886571 0.94143179
 0.91789599 0.88965304 0.85787972 0.82356453 0.78753358 0.75047318
 0.71294952 0.67542586 0.63827744 0.60180444 0.56624327 0.53177629
 0.49854027 0.46663369 0.43612303 0.40704816 0.37942703 0.35325965
 0.32853148 0.30521634 0.28327892 0.26267681 0.24336234 0.225284
 0.2083877  0.19261782 0.17791804 0.16423203 0.15150405 0.13967934
 0.12870454 0.1185279  0.10909954 0.10037158 0.09229821 0.08483581
 0.0779429  0.07158021 0.06571063 0.06029917 0.05531289 0.05072088
 0.04649414 0.04260554 0.03902972 0.035743   0.03272334 0.02995017
 0.02740441]",60
66,19220,19220,1,[1.  1.8],1
67,104369,104369,9,"[1.         1.8        2.43       2.916      3.2805     3.54294
 3.720087   3.8263752  3.87420489]",8
68,38826,38826,60,"[0.25       0.45       0.6075     0.729      0.820125   0.885735
 0.93002175 0.9565938  0.96855122 0.96855122 0.95886571 0.94143179
 0.91789599 0.88965304 0.85787972 0.82356453 0.78753358 0.75047318
 0.71294952 0.67542586 0.63827744 0.60180444 0.56624327 0.53177629
 0.49854027 0.46663369 0.43612303 0.40704816 0.37942703 0.35325965
 0.32853148 0.30521634 0.28327892 0.26267681 0.24336234 0.225284
 0.2083877  0.19261782 0.17791804 0.16423203 0.15150405 0.13967934
 0.12870454 0.1185279  0.10909954 0.10037158 0.09229821 0.08483581
 0.0779429  0.07158021 0.06571063 0.06029917 0.05531289 0.05072088
 0.04649414 0.04260554 0.03902972 0.035743   0.03272334 0.02995017
 0.02740441]",60
69,185514,185514,6,[1.       1.8      2.43     2.916    3.2805   3.54294  3.720087],6
70,154908,154908,1,[1.  1.8],1
71,335117,335117,60,"[0.25       0.45       0.6075     0.729      0.820125   0.885735
 0.93002175 0.9565938  0.96855122 0.96855122 0.95886571 0.94143179
 0.91789599 0.88965304 0.85787972 0.82356453 0.78753358 0.75047318
 0.71294952 0.67542586 0.63827744 0.60180444 0.56624327 0.53177629
 0.49854027 0.46663369 0.43612303 0.40704816 0.37942703 0.35325965
 0.32853148 0.30521634 0.28327892 0.26267681 0.24336234 0.225284
 0.2083877  0.19261782 0.17791804 0.16423203 0.15150405 0.13967934
 0.12870454 0.1185279  0.10909954 0.10037158 0.09229821 0.08483581
 0.0779429  0.07158021 0.06571063 0.06029917 0.05531289 0.05072088
 0.04649414 0.04260554 0.03902972 0.035743   0.03272334 0.02995017
 0.02740441]",60
72,41342,41342,60,"[0.25       0.45       0.6075     0.729      0.820125   0.885735
 0.93002175 0.9565938  0.96855122 0.96855122 0.95886571 0.94143179
 0.91789599 0.88965304 0.85787972 0.82356453 0.78753358 0.75047318
 0.71294952 0.67542586 0.63827744 0.60180444 0.56624327 0.53177629
 0.49854027 0.46663369 0.43612303 0.40704816 0.37942703 0.35325965
 0.32853148 0.30521634 0.28327892 0.26267681 0.24336234 0.225284
 0.2083877  0.19261782 0.17791804 0.16423203 0.15150405 0.13967934
 0.12870454 0.1185279  0.10909954 0.10037158 0.09229821 0.08483581
 0.0779429  0.07158021 0.06571063 0.06029917 0.05531289 0.05072088
 0.04649414 0.04260554 0.03902972 0.035743   0.03272334 0.02995017
 0.02740441]",60
73,24867,24867,30,"[0.25       0.45       0.6075     0.729      0.820125   0.885735
 0.93002175 0.9565938  0.96855122 0.96855122 0.95886571 0.94143179
 0.91789599 0.88965304 0.85787972 0.82356453 0.78753358 0.75047318
 0.71294952 0.67542586 0.63827744 0.60180444 0.56624327 0.53177629
 0.49854027 0.46663369 0.43612303 0.40704816 0.37942703 0.35325965
 0.32853148]",30
74,310361,310361,60,"[0.25       0.45       0.6075     0.729      0.820125   0.885735
 0.93002175 0.9565938  0.96855122 0.96855122 0.95886571 0.94143179
 0.91789599 0.88965304 0.85787972 0.82356453 0.78753358 0.75047318
 0.71294952 0.67542586 0.63827744 0.60180444 0.56624327 0.53177629
 0.49854027 0.46663369 0.43612303 0.40704816 0.37942703 0.35325965
 0.32853148 0.30521634 0.28327892 0.26267681 0.24336234 0.225284
 0.2083877  0.19261782 0.17791804 0.16423203 0.15150405 0.13967934
 0.12870454 0.1185279  0.10909954 0.10037158 0.09229821 0.08483581
 0.0779429  0.07158021 0.06571063 0.06029917 0.05531289 0.05072088
 0.04649414 0.04260554 0.03902972 0.035743   0.03272334 0.02995017
 0.02740441]",60
75,209729,209729,9,"[1.         1.8        2.43       2.916      3.2805     3.54294
 3.720087   3.8263752  3.87420489]",8
76,318266,318266,1,[1.  1.8],1
77,68336,68336,30,"[0.25       0.45       0.6075     0.729      0.820125   0.885735
 0.93002175 0.9565938  0.96855122 0.96855122 0.95886571 0.94143179
 0.91789599 0.88965304 0.85787972 0.82356453 0.78753358 0.75047318
 0.71294952 0.67542586 0.63827744 0.60180444 0.56624327 0.53177629
 0.49854027 0.46663369 0.43612303 0.40704816 0.37942703 0.35325965
 0.32853148]",30
78,237096,237096,6,[1.       1.8      2.43     2.916    3.2805   3.54294  3.720087],6
79,217398,217398,6,[1.       1.8      2.43     2.916    3.2805   3.54294  3.720087],6
80,124473,124473,60,"[0.25       0.45       0.6075     0.729      0.820125   0.885735
 0.93002175 0.9565938  0.96855122 0.96855122 0.95886571 0.94143179
 0.91789599 0.88965304 0.85787972 0.82356453 0.78753358 0.75047318
 0.71294952 0.67542586 0.63827744 0.60180444 0.56624327 0.53177629
 0.49854027 0.46663369 0.43612303 0.40704816 0.37942703 0.35325965
 0.32853148 0.30521634 0.28327892 0.26267681 0.24336234 0.225284
 0.2083877  0.19261782 0.17791804 0.16423203 0.15150405 0.13967934
 0.12870454 0.1185279  0.10909954 0.10037158 0.09229821 0.08483581
 0.0779429  0.07158021 0.06571063 0.06029917 0.05531289 0.05072088
 0.04649414 0.04260554 0.03902972 0.035743   0.03272334 0.02995017
 0.02740441]",60
81,60844,60844,3,[0.29411765 0.52941176 0.71470588 0.85764706],3
82,102701,102701,6,[1.       1.8      2.43     2.916    3.2805   3.54294  3.720087],6
83,122324,122324,6,[1.       1.8      2.43     2.916    3.2805   3.54294  3.720087],6
84,123808,123808,60,"[0.25       0.45       0.6075     0.729      0.820125   0.885735
 0.93002175 0.9565938  0.96855122 0.96855122 0.95886571 0.94143179
 0.91789599 0.88965304 0.85787972 0.82356453 0.78753358 0.75047318
 0.71294952 0.67542586 0.63827744 0.60180444 0.56624327 0.53177629
 0.49854027 0.46663369 0.43612303 0.40704816 0.37942703 0.35325965
 0.32853148 0.30521634 0.28327892 0.26267681 0.24336234 0.225284
 0.2083877  0.19261782 0.17791804 0.16423203 0.15150405 0.13967934
 0.12870454 0.1185279  0.10909954 0.10037158 0.09229821 0.08483581
 0.0779429  0.07158021 0.06571063 0.06029917 0.05531289 0.05072088
 0.04649414 0.04260554 0.03902972 0.035743   0.03272334 0.02995017
 0.02740441]",60
85,347667,347667,1,[1.  1.8],1
86,240647,240647,30,"[0.25       0.45       0.6075     0.729      0.820125   0.885735
 0.93002175 0.9565938  0.96855122 0.96855122 0.95886571 0.94143179
 0.91789599 0.88965304 0.85787972 0.82356453 0.78753358 0.75047318
 0.71294952 0.67542586 0.63827744 0.60180444 0.56624327 0.53177629
 0.49854027 0.46663369 0.43612303 0.40704816 0.37942703 0.35325965
 0.32853148]",30
87,3070,3070,30,"[0.25       0.45       0.6075     0.729      0.820125   0.885735
 0.93002175 0.9565938  0.96855122 0.96855122 0.95886571 0.94143179
 0.91789599 0.88965304 0.85787972 0.82356453 0.78753358 0.75047318
 0.71294952 0.67542586 0.63827744 0.60180444 0.56624327 0.53177629
 0.49854027 0.46663369 0.43612303 0.40704816 0.37942703 0.35325965
 0.32853148]",30
88,21669,21669,1,[1.  1.8],1
89,45848,45848,6,[1.       1.8      2.43     2.916    3.2805   3.54294  3.720087],6
90,300643,300643,1,[1.  1.8],1
91,338054,338054,1,[1.  1.8],1
92,157660,157660,3,[0.29411765 0.52941176 0.71470588 0.85764706],3
93,190447,190447,1,[1.  1.8],1
94,258821,258821,9,"[1.         1.8        2.43       2.916      3.2805     3.54294
 3.720087   3.8263752  3.87420489]",8
95,256916,256916,3,[0.29411765 0.52941176 0.71470588 0.85764706],3
96,88055,88055,6,[1.       1.8      2.43     2.916    3.2805   3.54294  3.720087],6
97,178918,178918,9,"[1.         1.8        2.43       2.916      3.2805     3.54294
 3.720087   3.8263752  3.87420489]",8
98,90683,90683,6,[1.       1.8      2.43     2.916    3.2805   3.54294  3.720087],6
99,237624,237624,9,"[1.         1.8        2.43       2.916      3.2805     3.54294
 3.720087   3.8263752  3.87420489]",8
100,102302,102302,60,"[0.25       0.45       0.6075     0.729      0.820125   0.885735
 0.93002175 0.9565938  0.96855122 0.96855122 0.95886571 0.94143179
 0.91789599 0.88965304 0.85787972 0.82356453 0.78753358 0.75047318
 0.71294952 0.67542586 0.63827744 0.60180444 0.56624327 0.53177629
 0.49854027 0.46663369 0.43612303 0.40704816 0.37942703 0.35325965
 0.32853148 0.30521634 0.28327892 0.26267681 0.24336234 0.225284
 0.2083877  0.19261782 0.17791804 0.16423203 0.15150405 0.13967934
 0.12870454 0.1185279  0.10909954 0.10037158 0.09229821 0.08483581
 0.0779429  0.07158021 0.06571063 0.06029917 0.05531289 0.05072088
 0.04649414 0.04260554 0.03902972 0.035743   0.03272334 0.02995017
 0.02740441]",60
101,307376,307376,3,[0.29411765 0.52941176 0.71470588 0.85764706],3
102,294413,294413,9,"[1.         1.8        2.43       2.916      3.2805     3.54294
 3.720087   3.8263752  3.87420489]",8
103,81981,81981,9,"[1.         1.8        2.43       2.916      3.2805     3.54294
 3.720087   3.8263752  3.87420489]",8
104,196279,196279,6,[1.       1.8      2.43     2.916    3.2805   3.54294  3.720087],6
105,206058,206058,6,[1.       1.8      2.43     2.916    3.2805   3.54294  3.720087],6
106,209894,209894,60,"[0.25       0.45       0.6075     0.729      0.820125   0.885735
 0.93002175 0.9565938  0.96855122 0.96855122 0.95886571 0.94143179
 0.91789599 0.88965304 0.85787972 0.82356453 0.78753358 0.75047318
 0.71294952 0.67542586 0.63827744 0.60180444 0.56624327 0.53177629
 0.49854027 0.46663369 0.43612303 0.40704816 0.37942703 0.35325965
 0.32853148 0.30521634 0.28327892 0.26267681 0.24336234 0.225284
 0.2083877  0.19261782 0.17791804 0.16423203 0.15150405 0.13967934
 0.12870454 0.1185279  0.10909954 0.10037158 0.09229821 0.08483581
 0.0779429  0.07158021 0.06571063 0.06029917 0.05531289 0.05072088
 0.04649414 0.04260554 0.03902972 0.035743   0.03272334 0.02995017
 0.02740441]",60
107,13053,13053,60,"[0.25       0.45       0.6075     0.729      0.820125   0.885735
 0.93002175 0.9565938  0.96855122 0.96855122 0.95886571 0.94143179
 0.91789599 0.88965304 0.85787972 0.82356453 0.78753358 0.75047318
 0.71294952 0.67542586 0.63827744 0.60180444 0.56624327 0.53177629
 0.49854027 0.46663369 0.43612303 0.40704816 0.37942703 0.35325965
 0.32853148 0.30521634 0.28327892 0.26267681 0.24336234 0.225284
 0.2083877  0.19261782 0.17791804 0.16423203 0.15150405 0.13967934
 0.12870454 0.1185279  0.10909954 0.10037158 0.09229821 0.08483581
 0.0779429  0.07158021 0.06571063 0.06029917 0.05531289 0.05072088
 0.04649414 0.04260554 0.03902972 0.035743   0.03272334 0.02995017
 0.02740441]",60
108,78566,78566,9,"[1.         1.8        2.43       2.916      3.2805     3.54294
 3.720087   3.8263752  3.87420489]",8
109,57833,57833,3,[0.29411765 0.52941176 0.71470588 0.85764706],3
110,278865,278865,6,[1.       1.8      2.43     2.916    3.2805   3.54294  3.720087],6
111,101449,101449,9,"[1.         1.8        2.43       2.916      3.2805     3.54294
 3.720087   3.8263752  3.87420489]",8
112,114116,114116,3,[0.29411765 0.52941176 0.71470588 0.85764706],3
113,113019,113019,3,[0.29411765 0.52941176 0.71470588 0.85764706],3
114,2902,2902,9,"[1.         1.8        2.43       2.916      3.2805     3.54294
 3.720087   3.8263752  3.87420489]",8
115,156756,156756,6,[1.       1.8      2.43     2.916    3.2805   3.54294  3.720087],6
116,159460,159460,9,"[1.         1.8        2.43       2.916      3.2805     3.54294
 3.720087   3.8263752  3.87420489]",8
117,334811,334811,6,[1.       1.8      2.43     2.916    3.2805   3.54294  3.720087],6
118,75938,75938,6,[1.       1.8      2.43     2.916    3.2805   3.54294  3.720087],6
119,37627,37627,30,"[0.25       0.45       0.6075     0.729      0.820125   0.885735
 0.93002175 0.9565938  0.96855122 0.96855122 0.95886571 0.94143179
 0.91789599 0.88965304 0.85787972 0.82356453 0.78753358 0.75047318
 0.71294952 0.67542586 0.63827744 0.60180444 0.56624327 0.53177629
 0.49854027 0.46663369 0.43612303 0.40704816 0.37942703 0.35325965
 0.32853148]",30
120,120981,120981,30,"[0.25       0.45       0.6075     0.729      0.820125   0.885735
 0.93002175 0.9565938  0.96855122 0.96855122 0.95886571 0.94143179
 0.91789599 0.88965304 0.85787972 0.82356453 0.78753358 0.75047318
 0.71294952 0.67542586 0.63827744 0.60180444 0.56624327 0.53177629
 0.49854027 0.46663369 0.43612303 0.40704816 0.37942703 0.35325965
 0.32853148]",30
121,221806,221806,30,"[0.25       0.45       0.6075     0.729      0.820125   0.885735
 0.93002175 0.9565938  0.96855122 0.96855122 0.95886571 0.94143179
 0.91789599 0.88965304 0.85787972 0.82356453 0.78753358 0.75047318
 0.71294952 0.67542586 0.63827744 0.60180444 0.56624327 0.53177629
 0.49854027 0.46663369 0.43612303 0.40704816 0.37942703 0.35325965
 0.32853148]",30
122,324876,324876,1,[1.  1.8],1
123,348704,348704,6,[1.       1.8      2.43     2.916    3.2805   3.54294  3.720087],6
124,79268,79268,1,[1.  1.8],1
125,22232,22232,1,[1.  1.8],1
126,194241,194241,1,[1.  1.8],1
127,132634,132634,60,"[0.25       0.45       0.6075     0.729      0.820125   0.885735
 0.93002175 0.9565938  0.96855122 0.96855122 0.95886571 0.94143179
 0.91789599 0.88965304 0.85787972 0.82356453 0.78753358 0.75047318
 0.71294952 0.67542586 0.63827744 0.60180444 0.56624327 0.53177629
 0.49854027 0.46663369 0.43612303 0.40704816 0.37942703 0.35325965
 0.32853148 0.30521634 0.28327892 0.26267681 0.24336234 0.225284
 0.2083877  0.19261782 0.17791804 0.16423203 0.15150405 0.13967934
 0.12870454 0.1185279  0.10909954 0.10037158 0.09229821 0.08483581
 0.0779429  0.07158021 0.06571063 0.06029917 0.05531289 0.05072088
 0.04649414 0.04260554 0.03902972 0.035743   0.03272334 0.02995017
 0.02740441]",60
128,347871,347871,30,"[0.25       0.45       0.6075     0.729      0.820125   0.885735
 0.93002175 0.9565938  0.96855122 0.96855122 0.95886571 0.94143179
 0.91789599 0.88965304 0.85787972 0.82356453 0.78753358 0.75047318
 0.71294952 0.67542586 0.63827744 0.60180444 0.56624327 0.53177629
 0.49854027 0.46663369 0.43612303 0.40704816 0.37942703 0.35325965
 0.32853148]",30
129,225258,225258,3,[0.29411765 0.52941176 0.71470588 0.85764706],3
130,42534,42534,30,"[0.25       0.45       0.6075     0.729      0.820125   0.885735
 0.93002175 0.9565938  0.96855122 0.96855122 0.95886571 0.94143179
 0.91789599 0.88965304 0.85787972 0.82356453 0.78753358 0.75047318
 0.71294952 0.67542586 0.63827744 0.60180444 0.56624327 0.53177629
 0.49854027 0.46663369 0.43612303 0.40704816 0.37942703 0.35325965
 0.32853148]",30
131,324096,324096,1,[1.  1.8],1
132,44423,44423,6,[1.       1.8      2.43     2.916    3.2805   3.54294  3.720087],6
133,339344,339344,30,"[0.25       0.45       0.6075     0.729      0.820125   0.885735
 0.93002175 0.9565938  0.96855122 0.96855122 0.95886571 0.94143179
 0.91789599 0.88965304 0.85787972 0.82356453 0.78753358 0.75047318
 0.71294952 0.67542586 0.63827744 0.60180444 0.56624327 0.53177629
 0.49854027 0.46663369 0.43612303 0.40704816 0.37942703 0.35325965
 0.32853148]",30
134,182183,182183,60,"[0.25       0.45       0.6075     0.729      0.820125   0.885735
 0.93002175 0.9565938  0.96855122 0.96855122 0.95886571 0.94143179
 0.91789599 0.88965304 0.85787972 0.82356453 0.78753358 0.75047318
 0.71294952 0.67542586 0.63827744 0.60180444 0.56624327 0.53177629
 0.49854027 0.46663369 0.43612303 0.40704816 0.37942703 0.35325965
 0.32853148 0.30521634 0.28327892 0.26267681 0.24336234 0.225284
 0.2083877  0.19261782 0.17791804 0.16423203 0.15150405 0.13967934
 0.12870454 0.1185279  0.10909954 0.10037158 0.09229821 0.08483581
 0.0779429  0.07158021 0.06571063 0.06029917 0.05531289 0.05072088
 0.04649414 0.04260554 0.03902972 0.035743   0.03272334 0.02995017
 0.02740441]",60
135,74004,74004,6,[1.       1.8      2.43     2.916    3.2805   3.54294  3.720087],6
136,258873,258873,60,"[0.25       0.45       0.6075     0.729      0.820125   0.885735
 0.93002175 0.9565938  0.96855122 0.96855122 0.95886571 0.94143179
 0.91789599 0.88965304 0.85787972 0.82356453 0.78753358 0.75047318
 0.71294952 0.67542586 0.63827744 0.60180444 0.56624327 0.53177629
 0.49854027 0.46663369 0.43612303 0.40704816 0.37942703 0.35325965
 0.32853148 0.30521634 0.28327892 0.26267681 0.24336234 0.225284
 0.2083877  0.19261782 0.17791804 0.16423203 0.15150405 0.13967934
 0.12870454 0.1185279  0.10909954 0.10037158 0.09229821 0.08483581
 0.0779429  0.07158021 0.06571063 0.06029917 0.05531289 0.05072088
 0.04649414 0.04260554 0.03902972 0.035743   0.03272334 0.02995017
 0.02740441]",60
137,301596,301596,1,[1.  1.8],1
138,8531,8531,9,"[1.         1.8        2.43       2.916      3.2805     3.54294
 3.720087   3.8263752  3.87420489]",8
139,102033,102033,6,[1.       1.8      2.43     2.916    3.2805   3.54294  3.720087],6
140,207450,207450,6,[1.       1.8      2.43     2.916    3.2805   3.54294  3.720087],6
141,305327,305327,6,[1.       1.8      2.43     2.916    3.2805   3.54294  3.720087],6
142,187568,187568,30,"[0.25       0.45       0.6075     0.729      0.820125   0.885735
 0.93002175 0.9565938  0.96855122 0.96855122 0.95886571 0.94143179
 0.91789599 0.88965304 0.85787972 0.82356453 0.78753358 0.75047318
 0.71294952 0.67542586 0.63827744 0.60180444 0.56624327 0.53177629
 0.49854027 0.46663369 0.43612303 0.40704816 0.37942703 0.35325965
 0.32853148]",30
143,257179,257179,3,[0.29411765 0.52941176 0.71470588 0.85764706],3
144,315641,315641,30,"[0.25       0.45       0.6075     0.729      0.820125   0.885735
 0.93002175 0.9565938  0.96855122 0.96855122 0.95886571 0.94143179
 0.91789599 0.88965304 0.85787972 0.82356453 0.78753358 0.75047318
 0.71294952 0.67542586 0.63827744 0.60180444 0.56624327 0.53177629
 0.49854027 0.46663369 0.43612303 0.40704816 0.37942703 0.35325965
 0.32853148]",30
145,152301,152301,60,"[0.25       0.45       0.6075     0.729      0.820125   0.885735
 0.93002175 0.9565938  0.96855122 0.96855122 0.95886571 0.94143179
 0.91789599 0.88965304 0.85787972 0.82356453 0.78753358 0.75047318
 0.71294952 0.67542586 0.63827744 0.60180444 0.56624327 0.53177629
 0.49854027 0.46663369 0.43612303 0.40704816 0.37942703 0.35325965
 0.32853148 0.30521634 0.28327892 0.26267681 0.24336234 0.225284
 0.2083877  0.19261782 0.17791804 0.16423203 0.15150405 0.13967934
 0.12870454 0.1185279  0.10909954 0.10037158 0.09229821 0.08483581
 0.0779429  0.07158021 0.06571063 0.06029917 0.05531289 0.05072088
 0.04649414 0.04260554 0.03902972 0.035743   0.03272334 0.02995017
 0.02740441]",60
146,161195,161195,6,[1.       1.8      2.43     2.916    3.2805   3.54294  3.720087],6
147,302610,302610,3,[0.29411765 0.52941176 0.71470588 0.85764706],3
148,163567,163567,3,[0.29411765 0.52941176 0.71470588 0.85764706],3
149,41311,41311,60,"[0.25       0.45       0.6075     0.729      0.820125   0.885735
 0.93002175 0.9565938  0.96855122 0.96855122 0.95886571 0.94143179
 0.91789599 0.88965304 0.85787972 0.82356453 0.78753358 0.75047318
 0.71294952 0.67542586 0.63827744 0.60180444 0.56624327 0.53177629
 0.49854027 0.46663369 0.43612303 0.40704816 0.37942703 0.35325965
 0.32853148 0.30521634 0.28327892 0.26267681 0.24336234 0.225284
 0.2083877  0.19261782 0.17791804 0.16423203 0.15150405 0.13967934
 0.12870454 0.1185279  0.10909954 0.10037158 0.09229821 0.08483581
 0.0779429  0.07158021 0.06571063 0.06029917 0.05531289 0.05072088
 0.04649414 0.04260554 0.03902972 0.035743   0.03272334 0.02995017
 0.02740441]",60
150,166503,166503,9,"[1.         1.8        2.43       2.916      3.2805     3.54294
 3.720087   3.8263752  3.87420489]",8
151,107117,107117,1,[1.  1.8],1
152,197856,197856,30,"[0.25       0.45       0.6075     0.729      0.820125   0.885735
 0.93002175 0.9565938  0.96855122 0.96855122 0.95886571 0.94143179
 0.91789599 0.88965304 0.85787972 0.82356453 0.78753358 0.75047318
 0.71294952 0.67542586 0.63827744 0.60180444 0.56624327 0.53177629
 0.49854027 0.46663369 0.43612303 0.40704816 0.37942703 0.35325965
 0.32853148]",30
153,210933,210933,1,[1.  1.8],1
154,18813,18813,9,"[1.         1.8        2.43       2.916      3.2805     3.54294
 3.720087   3.8263752  3.87420489]",8
155,38531,38531,3,[0.29411765 0.52941176 0.71470588 0.85764706],3
156,71074,71074,30,"[0.25       0.45       0.6075     0.729      0.820125   0.885735
 0.93002175 0.9565938  0.96855122 0.96855122 0.95886571 0.94143179
 0.91789599 0.88965304 0.85787972 0.82356453 0.78753358 0.75047318
 0.71294952 0.67542586 0.63827744 0.60180444 0.56624327 0.53177629
 0.49854027 0.46663369 0.43612303 0.40704816 0.37942703 0.35325965
 0.32853148]",30
157,294510,294510,6,[1.       1.8      2.43     2.916    3.2805   3.54294  3.720087],6
158,314867,314867,9,"[1.         1.8        2.43       2.916      3.2805     3.54294
 3.720087   3.8263752  3.87420489]",8
159,156816,156816,60,"[0.25       0.45       0.6075     0.729      0.820125   0.885735
 0.93002175 0.9565938  0.96855122 0.96855122 0.95886571 0.94143179
 0.91789599 0.88965304 0.85787972 0.82356453 0.78753358 0.75047318
 0.71294952 0.67542586 0.63827744 0.60180444 0.56624327 0.53177629
 0.49854027 0.46663369 0.43612303 0.40704816 0.37942703 0.35325965
 0.32853148 0.30521634 0.28327892 0.26267681 0.24336234 0.225284
 0.2083877  0.19261782 0.17791804 0.16423203 0.15150405 0.13967934
 0.12870454 0.1185279  0.10909954 0.10037158 0.09229821 0.08483581
 0.0779429  0.07158021 0.06571063 0.06029917 0.05531289 0.05072088
 0.04649414 0.04260554 0.03902972 0.035743   0.03272334 0.02995017
 0.02740441]",60
160,146389,146389,1,[1.  1.8],1
161,42280,42280,1,[1.  1.8],1
162,301791,301791,30,"[0.25       0.45       0.6075     0.729      0.820125   0.885735
 0.93002175 0.9565938  0.96855122 0.96855122 0.95886571 0.94143179
 0.91789599 0.88965304 0.85787972 0.82356453 0.78753358 0.75047318
 0.71294952 0.67542586 0.63827744 0.60180444 0.56624327 0.53177629
 0.49854027 0.46663369 0.43612303 0.40704816 0.37942703 0.35325965
 0.32853148]",30
163,114029,114029,3,[0.29411765 0.52941176 0.71470588 0.85764706],3
164,237666,237666,9,"[1.         1.8        2.43       2.916      3.2805     3.54294
 3.720087   3.8263752  3.87420489]",8
165,201599,201599,6,[1.       1.8      2.43     2.916    3.2805   3.54294  3.720087],6
166,62461,62461,1,[1.  1.8],1
167,84866,84866,6,[1.       1.8      2.43     2.916    3.2805   3.54294  3.720087],6
168,684,684,6,[1.       1.8      2.43     2.916    3.2805   3.54294  3.720087],6
169,278689,278689,9,"[1.         1.8        2.43       2.916      3.2805     3.54294
 3.720087   3.8263752  3.87420489]",8
170,84985,84985,30,"[0.25       0.45       0.6075     0.729      0.820125   0.885735
 0.93002175 0.9565938  0.96855122 0.96855122 0.95886571 0.94143179
 0.91789599 0.88965304 0.85787972 0.82356453 0.78753358 0.75047318
 0.71294952 0.67542586 0.63827744 0.60180444 0.56624327 0.53177629
 0.49854027 0.46663369 0.43612303 0.40704816 0.37942703 0.35325965
 0.32853148]",30
171,137838,137838,30,"[0.25       0.45       0.6075     0.729      0.820125   0.885735
 0.93002175 0.9565938  0.96855122 0.96855122 0.95886571 0.94143179
 0.91789599 0.88965304 0.85787972 0.82356453 0.78753358 0.75047318
 0.71294952 0.67542586 0.63827744 0.60180444 0.56624327 0.53177629
 0.49854027 0.46663369 0.43612303 0.40704816 0.37942703 0.35325965
 0.32853148]",30
172,292013,292013,30,"[0.25       0.45       0.6075     0.729      0.820125   0.885735
 0.93002175 0.9565938  0.96855122 0.96855122 0.95886571 0.94143179
 0.91789599 0.88965304 0.85787972 0.82356453 0.78753358 0.75047318
 0.71294952 0.67542586 0.63827744 0.60180444 0.56624327 0.53177629
 0.49854027 0.46663369 0.43612303 0.40704816 0.37942703 0.35325965
 0.32853148]",30
173,193184,193184,9,"[1.         1.8        2.43       2.916      3.2805     3.54294
 3.720087   3.8263752  3.87420489]",8
174,246791,246791,30,"[0.25       0.45       0.6075     0.729      0.820125   0.885735
 0.93002175 0.9565938  0.96855122 0.96855122 0.95886571 0.94143179
 0.91789599 0.88965304 0.85787972 0.82356453 0.78753358 0.75047318
 0.71294952 0.67542586 0.63827744 0.60180444 0.56624327 0.53177629
 0.49854027 0.46663369 0.43612303 0.40704816 0.37942703 0.35325965
 0.32853148]",30
175,7118,7118,30,"[0.25       0.45       0.6075     0.729      0.820125   0.885735
 0.93002175 0.9565938  0.96855122 0.96855122 0.95886571 0.94143179
 0.91789599 0.88965304 0.85787972 0.82356453 0.78753358 0.75047318
 0.71294952 0.67542586 0.63827744 0.60180444 0.56624327 0.53177629
 0.49854027 0.46663369 0.43612303 0.40704816 0.37942703 0.35325965
 0.32853148]",30
176,344097,344097,9,"[1.         1.8        2.43       2.916      3.2805     3.54294
 3.720087   3.8263752  3.87420489]",8
177,276223,276223,1,[1.  1.8],1
178,9791,9791,60,"[0.25       0.45       0.6075     0.729      0.820125   0.885735
 0.93002175 0.9565938  0.96855122 0.96855122 0.95886571 0.94143179
 0.91789599 0.88965304 0.85787972 0.82356453 0.78753358 0.75047318
 0.71294952 0.67542586 0.63827744 0.60180444 0.56624327 0.53177629
 0.49854027 0.46663369 0.43612303 0.40704816 0.37942703 0.35325965
 0.32853148 0.30521634 0.28327892 0.26267681 0.24336234 0.225284
 0.2083877  0.19261782 0.17791804 0.16423203 0.15150405 0.13967934
 0.12870454 0.1185279  0.10909954 0.10037158 0.09229821 0.08483581
 0.0779429  0.07158021 0.06571063 0.06029917 0.05531289 0.05072088
 0.04649414 0.04260554 0.03902972 0.035743   0.03272334 0.02995017
 0.02740441]",60
179,261552,261552,60,"[0.25       0.45       0.6075     0.729      0.820125   0.885735
 0.93002175 0.9565938  0.96855122 0.96855122 0.95886571 0.94143179
 0.91789599 0.88965304 0.85787972 0.82356453 0.78753358 0.75047318
 0.71294952 0.67542586 0.63827744 0.60180444 0.56624327 0.53177629
 0.49854027 0.46663369 0.43612303 0.40704816 0.37942703 0.35325965
 0.32853148 0.30521634 0.28327892 0.26267681 0.24336234 0.225284
 0.2083877  0.19261782 0.17791804 0.16423203 0.15150405 0.13967934
 0.12870454 0.1185279  0.10909954 0.10037158 0.09229821 0.08483581
 0.0779429  0.07158021 0.06571063 0.06029917 0.05531289 0.05072088
 0.04649414 0.04260554 0.03902972 0.035743   0.03272334 0.02995017
 0.02740441]",60
180,275452,275452,30,"[0.25       0.45       0.6075     0.729      0.820125   0.885735
 0.93002175 0.9565938  0.96855122 0.96855122 0.95886571 0.94143179
 0.91789599 0.88965304 0.85787972 0.82356453 0.78753358 0.75047318
 0.71294952 0.67542586 0.63827744 0.60180444 0.56624327 0.53177629
 0.49854027 0.46663369 0.43612303 0.40704816 0.37942703 0.35325965
 0.32853148]",30
181,49322,49322,60,"[0.25       0.45       0.6075     0.729      0.820125   0.885735
 0.93002175 0.9565938  0.96855122 0.96855122 0.95886571 0.94143179
 0.91789599 0.88965304 0.85787972 0.82356453 0.78753358 0.75047318
 0.71294952 0.67542586 0.63827744 0.60180444 0.56624327 0.53177629
 0.49854027 0.46663369 0.43612303 0.40704816 0.37942703 0.35325965
 0.32853148 0.30521634 0.28327892 0.26267681 0.24336234 0.225284
 0.2083877  0.19261782 0.17791804 0.16423203 0.15150405 0.13967934
 0.12870454 0.1185279  0.10909954 0.10037158 0.09229821 0.08483581
 0.0779429  0.07158021 0.06571063 0.06029917 0.05531289 0.05072088
 0.04649414 0.04260554 0.03902972 0.035743   0.03272334 0.02995017
 0.02740441]",60
182,144296,144296,6,[1.       1.8      2.43     2.916    3.2805   3.54294  3.720087],6
183,161602,161602,9,"[1.         1.8        2.43       2.916      3.2805     3.54294
 3.720087   3.8263752  3.87420489]",8
184,30400,30400,60,"[0.25       0.45       0.6075     0.729      0.820125   0.885735
 0.93002175 0.9565938  0.96855122 0.96855122 0.95886571 0.94143179
 0.91789599 0.88965304 0.85787972 0.82356453 0.78753358 0.75047318
 0.71294952 0.67542586 0.63827744 0.60180444 0.56624327 0.53177629
 0.49854027 0.46663369 0.43612303 0.40704816 0.37942703 0.35325965
 0.32853148 0.30521634 0.28327892 0.26267681 0.24336234 0.225284
 0.2083877  0.19261782 0.17791804 0.16423203 0.15150405 0.13967934
 0.12870454 0.1185279  0.10909954 0.10037158 0.09229821 0.08483581
 0.0779429  0.07158021 0.06571063 0.06029917 0.05531289 0.05072088
 0.04649414 0.04260554 0.03902972 0.035743   0.03272334 0.02995017
 0.02740441]",60
185,334719,334719,6,[1.       1.8      2.43     2.916    3.2805   3.54294  3.720087],6
186,311625,311625,3,[0.29411765 0.52941176 0.71470588 0.85764706],3
187,239963,239963,60,"[0.25       0.45       0.6075     0.729      0.820125   0.885735
 0.93002175 0.9565938  0.96855122 0.96855122 0.95886571 0.94143179
 0.91789599 0.88965304 0.85787972 0.82356453 0.78753358 0.75047318
 0.71294952 0.67542586 0.63827744 0.60180444 0.56624327 0.53177629
 0.49854027 0.46663369 0.43612303 0.40704816 0.37942703 0.35325965
 0.32853148 0.30521634 0.28327892 0.26267681 0.24336234 0.225284
 0.2083877  0.19261782 0.17791804 0.16423203 0.15150405 0.13967934
 0.12870454 0.1185279  0.10909954 0.10037158 0.09229821 0.08483581
 0.0779429  0.07158021 0.06571063 0.06029917 0.05531289 0.05072088
 0.04649414 0.04260554 0.03902972 0.035743   0.03272334 0.02995017
 0.02740441]",60
188,46268,46268,3,[0.29411765 0.52941176 0.71470588 0.85764706],3
189,275384,275384,9,"[1.         1.8        2.43       2.916      3.2805     3.54294
 3.720087   3.8263752  3.87420489]",8
190,203320,203320,3,[0.29411765 0.52941176 0.71470588 0.85764706],3
191,45785,45785,9,"[1.         1.8        2.43       2.916      3.2805     3.54294
 3.720087   3.8263752  3.87420489]",8
192,316947,316947,30,"[0.25       0.45       0.6075     0.729      0.820125   0.885735
 0.93002175 0.9565938  0.96855122 0.96855122 0.95886571 0.94143179
 0.91789599 0.88965304 0.85787972 0.82356453 0.78753358 0.75047318
 0.71294952 0.67542586 0.63827744 0.60180444 0.56624327 0.53177629
 0.49854027 0.46663369 0.43612303 0.40704816 0.37942703 0.35325965
 0.32853148]",30
193,203317,203317,1,[1.  1.8],1
194,191219,191219,1,[1.  1.8],1
195,292030,292030,60,"[0.25       0.45       0.6075     0.729      0.820125   0.885735
 0.93002175 0.9565938  0.96855122 0.96855122 0.95886571 0.94143179
 0.91789599 0.88965304 0.85787972 0.82356453 0.78753358 0.75047318
 0.71294952 0.67542586 0.63827744 0.60180444 0.56624327 0.53177629
 0.49854027 0.46663369 0.43612303 0.40704816 0.37942703 0.35325965
 0.32853148 0.30521634 0.28327892 0.26267681 0.24336234 0.225284
 0.2083877  0.19261782 0.17791804 0.16423203 0.15150405 0.13967934
 0.12870454 0.1185279  0.10909954 0.10037158 0.09229821 0.08483581
 0.0779429  0.07158021 0.06571063 0.06029917 0.05531289 0.05072088
 0.04649414 0.04260554 0.03902972 0.035743   0.03272334 0.02995017
 0.02740441]",60
196,182970,182970,6,[1.       1.8      2.43     2.916    3.2805   3.54294  3.720087],6
197,191972,191972,6,[1.       1.8      2.43     2.916    3.2805   3.54294  3.720087],6
198,96826,96826,3,[0.29411765 0.52941176 0.71470588 0.85764706],3
199,225945,225945,60,"[0.25       0.45       0.6075     0.729      0.820125   0.885735
 0.93002175 0.9565938  0.96855122 0.96855122 0.95886571 0.94143179
 0.91789599 0.88965304 0.85787972 0.82356453 0.78753358 0.75047318
 0.71294952 0.67542586 0.63827744 0.60180444 0.56624327 0.53177629
 0.49854027 0.46663369 0.43612303 0.40704816 0.37942703 0.35325965
 0.32853148 0.30521634 0.28327892 0.26267681 0.24336234 0.225284
 0.2083877  0.19261782 0.17791804 0.16423203 0.15150405 0.13967934
 0.12870454 0.1185279  0.10909954 0.10037158 0.09229821 0.08483581
 0.0779429  0.07158021 0.06571063 0.06029917 0.05531289 0.05072088
 0.04649414 0.04260554 0.03902972 0.035743   0.03272334 0.02995017
 0.02740441]",60
200,244792,244792,6,[1.       1.8      2.43     2.916    3.2805   3.54294  3.720087],6
201,74365,74365,1,[1.  1.8],1
202,19743,19743,9,"[1.         1.8        2.43       2.916      3.2805     3.54294
 3.720087   3.8263752  3.87420489]",8
203,341091,341091,3,[0.29411765 0.52941176 0.71470588 0.85764706],3
204,31570,31570,30,"[0.25       0.45       0.6075     0.729      0.820125   0.885735
 0.93002175 0.9565938  0.96855122 0.96855122 0.95886571 0.94143179
 0.91789599 0.88965304 0.85787972 0.82356453 0.78753358 0.75047318
 0.71294952 0.67542586 0.63827744 0.60180444 0.56624327 0.53177629
 0.49854027 0.46663369 0.43612303 0.40704816 0.37942703 0.35325965
 0.32853148]",30
205,75074,75074,30,"[0.25       0.45       0.6075     0.729      0.820125   0.885735
 0.93002175 0.9565938  0.96855122 0.96855122 0.95886571 0.94143179
 0.91789599 0.88965304 0.85787972 0.82356453 0.78753358 0.75047318
 0.71294952 0.67542586 0.63827744 0.60180444 0.56624327 0.53177629
 0.49854027 0.46663369 0.43612303 0.40704816 0.37942703 0.35325965
 0.32853148]",30
206,179160,179160,3,[0.29411765 0.52941176 0.71470588 0.85764706],3
207,188323,188323,3,[0.29411765 0.52941176 0.71470588 0.85764706],3
208,323025,323025,30,"[0.25       0.45       0.6075     0.729      0.820125   0.885735
 0.93002175 0.9565938  0.96855122 0.96855122 0.95886571 0.94143179
 0.91789599 0.88965304 0.85787972 0.82356453 0.78753358 0.75047318
 0.71294952 0.67542586 0.63827744 0.60180444 0.56624327 0.53177629
 0.49854027 0.46663369 0.43612303 0.40704816 0.37942703 0.35325965
 0.32853148]",30
209,220257,220257,9,"[1.         1.8        2.43       2.916      3.2805     3.54294
 3.720087   3.8263752  3.87420489]",8
210,293201,293201,3,[0.29411765 0.52941176 0.71470588 0.85764706],3
211,162510,162510,6,[1.       1.8      2.43     2.916    3.2805   3.54294  3.720087],6
212,14195,14195,9,"[1.         1.8        2.43       2.916      3.2805     3.54294
 3.720087   3.8263752  3.87420489]",8
213,195040,195040,1,[1.  1.8],1
214,200478,200478,30,"[0.25       0.45       0.6075     0.729      0.820125   0.885735
 0.93002175 0.9565938  0.96855122 0.96855122 0.95886571 0.94143179
 0.91789599 0.88965304 0.85787972 0.82356453 0.78753358 0.75047318
 0.71294952 0.67542586 0.63827744 0.60180444 0.56624327 0.53177629
 0.49854027 0.46663369 0.43612303 0.40704816 0.37942703 0.35325965
 0.32853148]",30
215,37360,37360,3,[0.29411765 0.52941176 0.71470588 0.85764706],3
216,298451,298451,60,"[0.25       0.45       0.6075     0.729      0.820125   0.885735
 0.93002175 0.9565938  0.96855122 0.96855122 0.95886571 0.94143179
 0.91789599 0.88965304 0.85787972 0.82356453 0.78753358 0.75047318
 0.71294952 0.67542586 0.63827744 0.60180444 0.56624327 0.53177629
 0.49854027 0.46663369 0.43612303 0.40704816 0.37942703 0.35325965
 0.32853148 0.30521634 0.28327892 0.26267681 0.24336234 0.225284
 0.2083877  0.19261782 0.17791804 0.16423203 0.15150405 0.13967934
 0.12870454 0.1185279  0.10909954 0.10037158 0.09229821 0.08483581
 0.0779429  0.07158021 0.06571063 0.06029917 0.05531289 0.05072088
 0.04649414 0.04260554 0.03902972 0.035743   0.03272334 0.02995017
 0.02740441]",60
217,9700,9700,60,"[0.25       0.45       0.6075     0.729      0.820125   0.885735
 0.93002175 0.9565938  0.96855122 0.96855122 0.95886571 0.94143179
 0.91789599 0.88965304 0.85787972 0.82356453 0.78753358 0.75047318
 0.71294952 0.67542586 0.63827744 0.60180444 0.56624327 0.53177629
 0.49854027 0.46663369 0.43612303 0.40704816 0.37942703 0.35325965
 0.32853148 0.30521634 0.28327892 0.26267681 0.24336234 0.225284
 0.2083877  0.19261782 0.17791804 0.16423203 0.15150405 0.13967934
 0.12870454 0.1185279  0.10909954 0.10037158 0.09229821 0.08483581
 0.0779429  0.07158021 0.06571063 0.06029917 0.05531289 0.05072088
 0.04649414 0.04260554 0.03902972 0.035743   0.03272334 0.02995017
 0.02740441]",60
218,252329,252329,6,[1.       1.8      2.43     2.916    3.2805   3.54294  3.720087],6
219,10066,10066,6,[1.       1.8      2.43     2.916    3.2805   3.54294  3.720087],6
220,336344,336344,3,[0.29411765 0.52941176 0.71470588 0.85764706],3
221,157512,157512,60,"[0.25       0.45       0.6075     0.729      0.820125   0.885735
 0.93002175 0.9565938  0.96855122 0.96855122 0.95886571 0.94143179
 0.91789599 0.88965304 0.85787972 0.82356453 0.78753358 0.75047318
 0.71294952 0.67542586 0.63827744 0.60180444 0.56624327 0.53177629
 0.49854027 0.46663369 0.43612303 0.40704816 0.37942703 0.35325965
 0.32853148 0.30521634 0.28327892 0.26267681 0.24336234 0.225284
 0.2083877  0.19261782 0.17791804 0.16423203 0.15150405 0.13967934
 0.12870454 0.1185279  0.10909954 0.10037158 0.09229821 0.08483581
 0.0779429  0.07158021 0.06571063 0.06029917 0.05531289 0.05072088
 0.04649414 0.04260554 0.03902972 0.035743   0.03272334 0.02995017
 0.02740441]",60
222,23217,23217,1,[1.  1.8],1
223,220271,220271,3,[0.29411765 0.52941176 0.71470588 0.85764706],3
224,8726,8726,9,"[1.         1.8        2.43       2.916      3.2805     3.54294
 3.720087   3.8263752  3.87420489]",8
225,154004,154004,1,[1.  1.8],1
226,48022,48022,30,"[0.25       0.45       0.6075     0.729      0.820125   0.885735
 0.93002175 0.9565938  0.96855122 0.96855122 0.95886571 0.94143179
 0.91789599 0.88965304 0.85787972 0.82356453 0.78753358 0.75047318
 0.71294952 0.67542586 0.63827744 0.60180444 0.56624327 0.53177629
 0.49854027 0.46663369 0.43612303 0.40704816 0.37942703 0.35325965
 0.32853148]",30
227,76627,76627,1,[1.  1.8],1
228,343462,343462,9,"[1.         1.8        2.43       2.916      3.2805     3.54294
 3.720087   3.8263752  3.87420489]",8
229,209985,209985,6,[1.       1.8      2.43     2.916    3.2805   3.54294  3.720087],6
230,58107,58107,60,"[0.25       0.45       0.6075     0.729      0.820125   0.885735
 0.93002175 0.9565938  0.96855122 0.96855122 0.95886571 0.94143179
 0.91789599 0.88965304 0.85787972 0.82356453 0.78753358 0.75047318
 0.71294952 0.67542586 0.63827744 0.60180444 0.56624327 0.53177629
 0.49854027 0.46663369 0.43612303 0.40704816 0.37942703 0.35325965
 0.32853148 0.30521634 0.28327892 0.26267681 0.24336234 0.225284
 0.2083877  0.19261782 0.17791804 0.16423203 0.15150405 0.13967934
 0.12870454 0.1185279  0.10909954 0.10037158 0.09229821 0.08483581
 0.0779429  0.07158021 0.06571063 0.06029917 0.05531289 0.05072088
 0.04649414 0.04260554 0.03902972 0.035743   0.03272334 0.02995017
 0.02740441]",60
231,40344,40344,6,[1.       1.8      2.43     2.916    3.2805   3.54294  3.720087],6
232,348903,348903,6,[1.       1.8      2.43     2.916    3.2805   3.54294  3.720087],6
233,53249,53249,3,[0.29411765 0.52941176 0.71470588 0.85764706],3
234,86891,86891,30,"[0.25       0.45       0.6075     0.729      0.820125   0.885735
 0.93002175 0.9565938  0.96855122 0.96855122 0.95886571 0.94143179
 0.91789599 0.88965304 0.85787972 0.82356453 0.78753358 0.75047318
 0.71294952 0.67542586 0.63827744 0.60180444 0.56624327 0.53177629
 0.49854027 0.46663369 0.43612303 0.40704816 0.37942703 0.35325965
 0.32853148]",30
235,272662,272662,1,[1.  1.8],1
236,93506,93506,30,"[0.25       0.45       0.6075     0.729      0.820125   0.885735
 0.93002175 0.9565938  0.96855122 0.96855122 0.95886571 0.94143179
 0.91789599 0.88965304 0.85787972 0.82356453 0.78753358 0.75047318
 0.71294952 0.67542586 0.63827744 0.60180444 0.56624327 0.53177629
 0.49854027 0.46663369 0.43612303 0.40704816 0.37942703 0.35325965
 0.32853148]",30
237,301745,301745,30,"[0.25       0.45       0.6075     0.729      0.820125   0.885735
 0.93002175 0.9565938  0.96855122 0.96855122 0.95886571 0.94143179
 0.91789599 0.88965304 0.85787972 0.82356453 0.78753358 0.75047318
 0.71294952 0.67542586 0.63827744 0.60180444 0.56624327 0.53177629
 0.49854027 0.46663369 0.43612303 0.40704816 0.37942703 0.35325965
 0.32853148]",30
238,307437,307437,9,"[1.         1.8        2.43       2.916      3.2805     3.54294
 3.720087   3.8263752  3.87420489]",8
239,38380,38380,3,[0.29411765 0.52941176 0.71470588 0.85764706],3
240,123393,123393,3,[0.29411765 0.52941176 0.71470588 0.85764706],3
241,327078,327078,6,[1.       1.8      2.43     2.916    3.2805   3.54294  3.720087],6
242,73705,73705,3,[0.29411765 0.52941176 0.71470588 0.85764706],3
243,310123,310123,1,[1.  1.8],1
244,248579,248579,6,[1.       1.8      2.43     2.916    3.2805   3.54294  3.720087],6
245,253050,253050,60,"[0.25       0.45       0.6075     0.729      0.820125   0.885735
 0.93002175 0.9565938  0.96855122 0.96855122 0.95886571 0.94143179
 0.91789599 0.88965304 0.85787972 0.82356453 0.78753358 0.75047318
 0.71294952 0.67542586 0.63827744 0.60180444 0.56624327 0.53177629
 0.49854027 0.46663369 0.43612303 0.40704816 0.37942703 0.35325965
 0.32853148 0.30521634 0.28327892 0.26267681 0.24336234 0.225284
 0.2083877  0.19261782 0.17791804 0.16423203 0.15150405 0.13967934
 0.12870454 0.1185279  0.10909954 0.10037158 0.09229821 0.08483581
 0.0779429  0.07158021 0.06571063 0.06029917 0.05531289 0.05072088
 0.04649414 0.04260554 0.03902972 0.035743   0.03272334 0.02995017
 0.02740441]",60
246,298287,298287,60,"[0.25       0.45       0.6075     0.729      0.820125   0.885735
 0.93002175 0.9565938  0.96855122 0.96855122 0.95886571 0.94143179
 0.91789599 0.88965304 0.85787972 0.82356453 0.78753358 0.75047318
 0.71294952 0.67542586 0.63827744 0.60180444 0.56624327 0.53177629
 0.49854027 0.46663369 0.43612303 0.40704816 0.37942703 0.35325965
 0.32853148 0.30521634 0.28327892 0.26267681 0.24336234 0.225284
 0.2083877  0.19261782 0.17791804 0.16423203 0.15150405 0.13967934
 0.12870454 0.1185279  0.10909954 0.10037158 0.09229821 0.08483581
 0.0779429  0.07158021 0.06571063 0.06029917 0.05531289 0.05072088
 0.04649414 0.04260554 0.03902972 0.035743   0.03272334 0.02995017
 0.02740441]",60
247,204049,204049,6,[1.       1.8      2.43     2.916    3.2805   3.54294  3.720087],6
248,109540,109540,3,[0.29411765 0.52941176 0.71470588 0.85764706],3
249,189527,189527,6,[1.       1.8      2.43     2.916    3.2805   3.54294  3.720087],6
250,242356,242356,6,[1.       1.8      2.43     2.916    3.2805   3.54294  3.720087],6
251,346911,346911,3,[0.29411765 0.52941176 0.71470588 0.85764706],3
252,319950,319950,30,"[0.25       0.45       0.6075     0.729      0.820125   0.885735
 0.93002175 0.9565938  0.96855122 0.96855122 0.95886571 0.94143179
 0.91789599 0.88965304 0.85787972 0.82356453 0.78753358 0.75047318
 0.71294952 0.67542586 0.63827744 0.60180444 0.56624327 0.53177629
 0.49854027 0.46663369 0.43612303 0.40704816 0.37942703 0.35325965
 0.32853148]",30
253,188297,188297,6,[1.       1.8      2.43     2.916    3.2805   3.54294  3.720087],6
254,55521,55521,1,[1.  1.8],1
255,187416,187416,6,[1.       1.8      2.43     2.916    3.2805   3.54294  3.720087],6
256,178943,178943,30,"[0.25       0.45       0.6075     0.729      0.820125   0.885735
 0.93002175 0.9565938  0.96855122 0.96855122 0.95886571 0.94143179
 0.91789599 0.88965304 0.85787972 0.82356453 0.78753358 0.75047318
 0.71294952 0.67542586 0.63827744 0.60180444 0.56624327 0.53177629
 0.49854027 0.46663369 0.43612303 0.40704816 0.37942703 0.35325965
 0.32853148]",30
257,214118,214118,3,[0.29411765 0.52941176 0.71470588 0.85764706],3
258,119152,119152,30,"[0.25       0.45       0.6075     0.729      0.820125   0.885735
 0.93002175 0.9565938  0.96855122 0.96855122 0.95886571 0.94143179
 0.91789599 0.88965304 0.85787972 0.82356453 0.78753358 0.75047318
 0.71294952 0.67542586 0.63827744 0.60180444 0.56624327 0.53177629
 0.49854027 0.46663369 0.43612303 0.40704816 0.37942703 0.35325965
 0.32853148]",30
259,64359,64359,3,[0.29411765 0.52941176 0.71470588 0.85764706],3
260,242271,242271,6,[1.       1.8      2.43     2.916    3.2805   3.54294  3.720087],6
261,129110,129110,3,[0.29411765 0.52941176 0.71470588 0.85764706],3
262,185352,185352,60,"[0.25       0.45       0.6075     0.729      0.820125   0.885735
 0.93002175 0.9565938  0.96855122 0.96855122 0.95886571 0.94143179
 0.91789599 0.88965304 0.85787972 0.82356453 0.78753358 0.75047318
 0.71294952 0.67542586 0.63827744 0.60180444 0.56624327 0.53177629
 0.49854027 0.46663369 0.43612303 0.40704816 0.37942703 0.35325965
 0.32853148 0.30521634 0.28327892 0.26267681 0.24336234 0.225284
 0.2083877  0.19261782 0.17791804 0.16423203 0.15150405 0.13967934
 0.12870454 0.1185279  0.10909954 0.10037158 0.09229821 0.08483581
 0.0779429  0.07158021 0.06571063 0.06029917 0.05531289 0.05072088
 0.04649414 0.04260554 0.03902972 0.035743   0.03272334 0.02995017
 0.02740441]",60
263,200908,200908,6,[1.       1.8      2.43     2.916    3.2805   3.54294  3.720087],6
264,234757,234757,1,[1.  1.8],1
265,247578,247578,30,"[0.25       0.45       0.6075     0.729      0.820125   0.885735
 0.93002175 0.9565938  0.96855122 0.96855122 0.95886571 0.94143179
 0.91789599 0.88965304 0.85787972 0.82356453 0.78753358 0.75047318
 0.71294952 0.67542586 0.63827744 0.60180444 0.56624327 0.53177629
 0.49854027 0.46663369 0.43612303 0.40704816 0.37942703 0.35325965
 0.32853148]",30
266,187010,187010,9,"[1.         1.8        2.43       2.916      3.2805     3.54294
 3.720087   3.8263752  3.87420489]",8
267,285237,285237,6,[1.       1.8      2.43     2.916    3.2805   3.54294  3.720087],6
268,9030,9030,60,"[0.25       0.45       0.6075     0.729      0.820125   0.885735
 0.93002175 0.9565938  0.96855122 0.96855122 0.95886571 0.94143179
 0.91789599 0.88965304 0.85787972 0.82356453 0.78753358 0.75047318
 0.71294952 0.67542586 0.63827744 0.60180444 0.56624327 0.53177629
 0.49854027 0.46663369 0.43612303 0.40704816 0.37942703 0.35325965
 0.32853148 0.30521634 0.28327892 0.26267681 0.24336234 0.225284
 0.2083877  0.19261782 0.17791804 0.16423203 0.15150405 0.13967934
 0.12870454 0.1185279  0.10909954 0.10037158 0.09229821 0.08483581
 0.0779429  0.07158021 0.06571063 0.06029917 0.05531289 0.05072088
 0.04649414 0.04260554 0.03902972 0.035743   0.03272334 0.02995017
 0.02740441]",60
269,181947,181947,3,[0.29411765 0.52941176 0.71470588 0.85764706],3
270,126938,126938,60,"[0.25       0.45       0.6075     0.729      0.820125   0.885735
 0.93002175 0.9565938  0.96855122 0.96855122 0.95886571 0.94143179
 0.91789599 0.88965304 0.85787972 0.82356453 0.78753358 0.75047318
 0.71294952 0.67542586 0.63827744 0.60180444 0.56624327 0.53177629
 0.49854027 0.46663369 0.43612303 0.40704816 0.37942703 0.35325965
 0.32853148 0.30521634 0.28327892 0.26267681 0.24336234 0.225284
 0.2083877  0.19261782 0.17791804 0.16423203 0.15150405 0.13967934
 0.12870454 0.1185279  0.10909954 0.10037158 0.09229821 0.08483581
 0.0779429  0.07158021 0.06571063 0.06029917 0.05531289 0.05072088
 0.04649414 0.04260554 0.03902972 0.035743   0.03272334 0.02995017
 0.02740441]",60
271,330131,330131,30,"[0.25       0.45       0.6075     0.729      0.820125   0.885735
 0.93002175 0.9565938  0.96855122 0.96855122 0.95886571 0.94143179
 0.91789599 0.88965304 0.85787972 0.82356453 0.78753358 0.75047318
 0.71294952 0.67542586 0.63827744 0.60180444 0.56624327 0.53177629
 0.49854027 0.46663369 0.43612303 0.40704816 0.37942703 0.35325965
 0.32853148]",30
272,107377,107377,60,"[0.25       0.45       0.6075     0.729      0.820125   0.885735
 0.93002175 0.9565938  0.96855122 0.96855122 0.95886571 0.94143179
 0.91789599 0.88965304 0.85787972 0.82356453 0.78753358 0.75047318
 0.71294952 0.67542586 0.63827744 0.60180444 0.56624327 0.53177629
 0.49854027 0.46663369 0.43612303 0.40704816 0.37942703 0.35325965
 0.32853148 0.30521634 0.28327892 0.26267681 0.24336234 0.225284
 0.2083877  0.19261782 0.17791804 0.16423203 0.15150405 0.13967934
 0.12870454 0.1185279  0.10909954 0.10037158 0.09229821 0.08483581
 0.0779429  0.07158021 0.06571063 0.06029917 0.05531289 0.05072088
 0.04649414 0.04260554 0.03902972 0.035743   0.03272334 0.02995017
 0.02740441]",60
273,295432,295432,6,[1.       1.8      2.43     2.916    3.2805   3.54294  3.720087],6
274,167277,167277,3,[0.29411765 0.52941176 0.71470588 0.85764706],3
275,239522,239522,9,"[1.         1.8        2.43       2.916      3.2805     3.54294
 3.720087   3.8263752  3.87420489]",8
276,260092,260092,3,[0.29411765 0.52941176 0.71470588 0.85764706],3
277,256043,256043,1,[1.  1.8],1
278,136102,136102,3,[0.29411765 0.52941176 0.71470588 0.85764706],3
279,285699,285699,9,"[1.         1.8        2.43       2.916      3.2805     3.54294
 3.720087   3.8263752  3.87420489]",8
280,210363,210363,9,"[1.         1.8        2.43       2.916      3.2805     3.54294
 3.720087   3.8263752  3.87420489]",8
281,169694,169694,60,"[0.25       0.45       0.6075     0.729      0.820125   0.885735
 0.93002175 0.9565938  0.96855122 0.96855122 0.95886571 0.94143179
 0.91789599 0.88965304 0.85787972 0.82356453 0.78753358 0.75047318
 0.71294952 0.67542586 0.63827744 0.60180444 0.56624327 0.53177629
 0.49854027 0.46663369 0.43612303 0.40704816 0.37942703 0.35325965
 0.32853148 0.30521634 0.28327892 0.26267681 0.24336234 0.225284
 0.2083877  0.19261782 0.17791804 0.16423203 0.15150405 0.13967934
 0.12870454 0.1185279  0.10909954 0.10037158 0.09229821 0.08483581
 0.0779429  0.07158021 0.06571063 0.06029917 0.05531289 0.05072088
 0.04649414 0.04260554 0.03902972 0.035743   0.03272334 0.02995017
 0.02740441]",60
282,130318,130318,1,[1.  1.8],1
283,185740,185740,3,[0.29411765 0.52941176 0.71470588 0.85764706],3
284,239611,239611,6,[1.       1.8      2.43     2.916    3.2805   3.54294  3.720087],6
285,334808,334808,60,"[0.25       0.45       0.6075     0.729      0.820125   0.885735
 0.93002175 0.9565938  0.96855122 0.96855122 0.95886571 0.94143179
 0.91789599 0.88965304 0.85787972 0.82356453 0.78753358 0.75047318
 0.71294952 0.67542586 0.63827744 0.60180444 0.56624327 0.53177629
 0.49854027 0.46663369 0.43612303 0.40704816 0.37942703 0.35325965
 0.32853148 0.30521634 0.28327892 0.26267681 0.24336234 0.225284
 0.2083877  0.19261782 0.17791804 0.16423203 0.15150405 0.13967934
 0.12870454 0.1185279  0.10909954 0.10037158 0.09229821 0.08483581
 0.0779429  0.07158021 0.06571063 0.06029917 0.05531289 0.05072088
 0.04649414 0.04260554 0.03902972 0.035743   0.03272334 0.02995017
 0.02740441]",60
286,10150,10150,9,"[1.         1.8        2.43       2.916      3.2805     3.54294
 3.720087   3.8263752  3.87420489]",8
287,205758,205758,6,[1.       1.8      2.43     2.916    3.2805   3.54294  3.720087],6
288,318011,318011,60,"[0.25       0.45       0.6075     0.729      0.820125   0.885735
 0.93002175 0.9565938  0.96855122 0.96855122 0.95886571 0.94143179
 0.91789599 0.88965304 0.85787972 0.82356453 0.78753358 0.75047318
 0.71294952 0.67542586 0.63827744 0.60180444 0.56624327 0.53177629
 0.49854027 0.46663369 0.43612303 0.40704816 0.37942703 0.35325965
 0.32853148 0.30521634 0.28327892 0.26267681 0.24336234 0.225284
 0.2083877  0.19261782 0.17791804 0.16423203 0.15150405 0.13967934
 0.12870454 0.1185279  0.10909954 0.10037158 0.09229821 0.08483581
 0.0779429  0.07158021 0.06571063 0.06029917 0.05531289 0.05072088
 0.04649414 0.04260554 0.03902972 0.035743   0.03272334 0.02995017
 0.02740441]",60
289,40073,40073,9,"[1.         1.8        2.43       2.916      3.2805     3.54294
 3.720087   3.8263752  3.87420489]",8
290,289367,289367,30,"[0.25       0.45       0.6075     0.729      0.820125   0.885735
 0.93002175 0.9565938  0.96855122 0.96855122 0.95886571 0.94143179
 0.91789599 0.88965304 0.85787972 0.82356453 0.78753358 0.75047318
 0.71294952 0.67542586 0.63827744 0.60180444 0.56624327 0.53177629
 0.49854027 0.46663369 0.43612303 0.40704816 0.37942703 0.35325965
 0.32853148]",30
291,348619,348619,30,"[0.25       0.45       0.6075     0.729      0.820125   0.885735
 0.93002175 0.9565938  0.96855122 0.96855122 0.95886571 0.94143179
 0.91789599 0.88965304 0.85787972 0.82356453 0.78753358 0.75047318
 0.71294952 0.67542586 0.63827744 0.60180444 0.56624327 0.53177629
 0.49854027 0.46663369 0.43612303 0.40704816 0.37942703 0.35325965
 0.32853148]",30
292,5295,5295,9,"[1.         1.8        2.43       2.916      3.2805     3.54294
 3.720087   3.8263752  3.87420489]",8
293,120239,120239,6,[1.       1.8      2.43     2.916    3.2805   3.54294  3.720087],6
294,201170,201170,60,"[0.25       0.45       0.6075     0.729      0.820125   0.885735
 0.93002175 0.9565938  0.96855122 0.96855122 0.95886571 0.94143179
 0.91789599 0.88965304 0.85787972 0.82356453 0.78753358 0.75047318
 0.71294952 0.67542586 0.63827744 0.60180444 0.56624327 0.53177629
 0.49854027 0.46663369 0.43612303 0.40704816 0.37942703 0.35325965
 0.32853148 0.30521634 0.28327892 0.26267681 0.24336234 0.225284
 0.2083877  0.19261782 0.17791804 0.16423203 0.15150405 0.13967934
 0.12870454 0.1185279  0.10909954 0.10037158 0.09229821 0.08483581
 0.0779429  0.07158021 0.06571063 0.06029917 0.05531289 0.05072088
 0.04649414 0.04260554 0.03902972 0.035743   0.03272334 0.02995017
 0.02740441]",60
295,158608,158608,9,"[1.         1.8        2.43       2.916      3.2805     3.54294
 3.720087   3.8263752  3.87420489]",8
296,168739,168739,60,"[0.25       0.45       0.6075     0.729      0.820125   0.885735
 0.93002175 0.9565938  0.96855122 0.96855122 0.95886571 0.94143179
 0.91789599 0.88965304 0.85787972 0.82356453 0.78753358 0.75047318
 0.71294952 0.67542586 0.63827744 0.60180444 0.56624327 0.53177629
 0.49854027 0.46663369 0.43612303 0.40704816 0.37942703 0.35325965
 0.32853148 0.30521634 0.28327892 0.26267681 0.24336234 0.225284
 0.2083877  0.19261782 0.17791804 0.16423203 0.15150405 0.13967934
 0.12870454 0.1185279  0.10909954 0.10037158 0.09229821 0.08483581
 0.0779429  0.07158021 0.06571063 0.06029917 0.05531289 0.05072088
 0.04649414 0.04260554 0.03902972 0.035743   0.03272334 0.02995017
 0.02740441]",60
297,13130,13130,30,"[0.25       0.45       0.6075     0.729      0.820125   0.885735
 0.93002175 0.9565938  0.96855122 0.96855122 0.95886571 0.94143179
 0.91789599 0.88965304 0.85787972 0.82356453 0.78753358 0.75047318
 0.71294952 0.67542586 0.63827744 0.60180444 0.56624327 0.53177629
 0.49854027 0.46663369 0.43612303 0.40704816 0.37942703 0.35325965
 0.32853148]",30
298,174417,174417,9,"[1.         1.8        2.43       2.916      3.2805     3.54294
 3.720087   3.8263752  3.87420489]",8
299,191740,191740,9,"[1.         1.8        2.43       2.916      3.2805     3.54294
 3.720087   3.8263752  3.87420489]",8
300,312272,312272,9,"[1.         1.8        2.43       2.916      3.2805     3.54294
 3.720087   3.8263752  3.87420489]",8
301,205645,205645,6,[1.       1.8      2.43     2.916    3.2805   3.54294  3.720087],6
302,263932,263932,1,[1.  1.8],1
303,294767,294767,30,"[0.25       0.45       0.6075     0.729      0.820125   0.885735
 0.93002175 0.9565938  0.96855122 0.96855122 0.95886571 0.94143179
 0.91789599 0.88965304 0.85787972 0.82356453 0.78753358 0.75047318
 0.71294952 0.67542586 0.63827744 0.60180444 0.56624327 0.53177629
 0.49854027 0.46663369 0.43612303 0.40704816 0.37942703 0.35325965
 0.32853148]",30
304,153965,153965,30,"[0.25       0.45       0.6075     0.729      0.820125   0.885735
 0.93002175 0.9565938  0.96855122 0.96855122 0.95886571 0.94143179
 0.91789599 0.88965304 0.85787972 0.82356453 0.78753358 0.75047318
 0.71294952 0.67542586 0.63827744 0.60180444 0.56624327 0.53177629
 0.49854027 0.46663369 0.43612303 0.40704816 0.37942703 0.35325965
 0.32853148]",30
305,106452,106452,60,"[0.25       0.45       0.6075     0.729      0.820125   0.885735
 0.93002175 0.9565938  0.96855122 0.96855122 0.95886571 0.94143179
 0.91789599 0.88965304 0.85787972 0.82356453 0.78753358 0.75047318
 0.71294952 0.67542586 0.63827744 0.60180444 0.56624327 0.53177629
 0.49854027 0.46663369 0.43612303 0.40704816 0.37942703 0.35325965
 0.32853148 0.30521634 0.28327892 0.26267681 0.24336234 0.225284
 0.2083877  0.19261782 0.17791804 0.16423203 0.15150405 0.13967934
 0.12870454 0.1185279  0.10909954 0.10037158 0.09229821 0.08483581
 0.0779429  0.07158021 0.06571063 0.06029917 0.05531289 0.05072088
 0.04649414 0.04260554 0.03902972 0.035743   0.03272334 0.02995017
 0.02740441]",60
306,84923,84923,30,"[0.25       0.45       0.6075     0.729      0.820125   0.885735
 0.93002175 0.9565938  0.96855122 0.96855122 0.95886571 0.94143179
 0.91789599 0.88965304 0.85787972 0.82356453 0.78753358 0.75047318
 0.71294952 0.67542586 0.63827744 0.60180444 0.56624327 0.53177629
 0.49854027 0.46663369 0.43612303 0.40704816 0.37942703 0.35325965
 0.32853148]",30
307,289240,289240,6,[1.       1.8      2.43     2.916    3.2805   3.54294  3.720087],6
308,247468,247468,3,[0.29411765 0.52941176 0.71470588 0.85764706],3
309,239861,239861,1,[1.  1.8],1
310,256926,256926,1,[1.  1.8],1
311,26340,26340,9,"[1.         1.8        2.43       2.916      3.2805     3.54294
 3.720087   3.8263752  3.87420489]",8
312,12856,12856,30,"[0.25       0.45       0.6075     0.729      0.820125   0.885735
 0.93002175 0.9565938  0.96855122 0.96855122 0.95886571 0.94143179
 0.91789599 0.88965304 0.85787972 0.82356453 0.78753358 0.75047318
 0.71294952 0.67542586 0.63827744 0.60180444 0.56624327 0.53177629
 0.49854027 0.46663369 0.43612303 0.40704816 0.37942703 0.35325965
 0.32853148]",30
313,132391,132391,3,[0.29411765 0.52941176 0.71470588 0.85764706],3
314,173216,173216,1,[1.  1.8],1
315,275718,275718,9,"[1.         1.8        2.43       2.916      3.2805     3.54294
 3.720087   3.8263752  3.87420489]",8
316,97590,97590,3,[0.29411765 0.52941176 0.71470588 0.85764706],3
317,268627,268627,6,[1.       1.8      2.43     2.916    3.2805   3.54294  3.720087],6
318,321436,321436,6,[1.       1.8      2.43     2.916    3.2805   3.54294  3.720087],6
319,126008,126008,9,"[1.         1.8        2.43       2.916      3.2805     3.54294
 3.720087   3.8263752  3.87420489]",8
320,82610,82610,1,[1.  1.8],1
321,261140,261140,6,[1.       1.8      2.43     2.916    3.2805   3.54294  3.720087],6
322,325105,325105,60,"[0.25       0.45       0.6075     0.729      0.820125   0.885735
 0.93002175 0.9565938  0.96855122 0.96855122 0.95886571 0.94143179
 0.91789599 0.88965304 0.85787972 0.82356453 0.78753358 0.75047318
 0.71294952 0.67542586 0.63827744 0.60180444 0.56624327 0.53177629
 0.49854027 0.46663369 0.43612303 0.40704816 0.37942703 0.35325965
 0.32853148 0.30521634 0.28327892 0.26267681 0.24336234 0.225284
 0.2083877  0.19261782 0.17791804 0.16423203 0.15150405 0.13967934
 0.12870454 0.1185279  0.10909954 0.10037158 0.09229821 0.08483581
 0.0779429  0.07158021 0.06571063 0.06029917 0.05531289 0.05072088
 0.04649414 0.04260554 0.03902972 0.035743   0.03272334 0.02995017
 0.02740441]",60
323,203856,203856,1,[1.  1.8],1
324,181066,181066,1,[1.  1.8],1
325,84690,84690,9,"[1.         1.8        2.43       2.916      3.2805     3.54294
 3.720087   3.8263752  3.87420489]",8
326,251479,251479,60,"[0.25       0.45       0.6075     0.729      0.820125   0.885735
 0.93002175 0.9565938  0.96855122 0.96855122 0.95886571 0.94143179
 0.91789599 0.88965304 0.85787972 0.82356453 0.78753358 0.75047318
 0.71294952 0.67542586 0.63827744 0.60180444 0.56624327 0.53177629
 0.49854027 0.46663369 0.43612303 0.40704816 0.37942703 0.35325965
 0.32853148 0.30521634 0.28327892 0.26267681 0.24336234 0.225284
 0.2083877  0.19261782 0.17791804 0.16423203 0.15150405 0.13967934
 0.12870454 0.1185279  0.10909954 0.10037158 0.09229821 0.08483581
 0.0779429  0.07158021 0.06571063 0.06029917 0.05531289 0.05072088
 0.04649414 0.04260554 0.03902972 0.035743   0.03272334 0.02995017
 0.02740441]",60
327,9749,9749,6,[1.       1.8      2.43     2.916    3.2805   3.54294  3.720087],6
328,69565,69565,6,[1.       1.8      2.43     2.916    3.2805   3.54294  3.720087],6
329,119207,119207,9,"[1.         1.8        2.43       2.916      3.2805     3.54294
 3.720087   3.8263752  3.87420489]",8
330,65237,65237,6,[1.       1.8      2.43     2.916    3.2805   3.54294  3.720087],6
331,36007,36007,60,"[0.25       0.45       0.6075     0.729      0.820125   0.885735
 0.93002175 0.9565938  0.96855122 0.96855122 0.95886571 0.94143179
 0.91789599 0.88965304 0.85787972 0.82356453 0.78753358 0.75047318
 0.71294952 0.67542586 0.63827744 0.60180444 0.56624327 0.53177629
 0.49854027 0.46663369 0.43612303 0.40704816 0.37942703 0.35325965
 0.32853148 0.30521634 0.28327892 0.26267681 0.24336234 0.225284
 0.2083877  0.19261782 0.17791804 0.16423203 0.15150405 0.13967934
 0.12870454 0.1185279  0.10909954 0.10037158 0.09229821 0.08483581
 0.0779429  0.07158021 0.06571063 0.06029917 0.05531289 0.05072088
 0.04649414 0.04260554 0.03902972 0.035743   0.03272334 0.02995017
 0.02740441]",60
332,326418,326418,1,[1.  1.8],1
333,272249,272249,3,[0.29411765 0.52941176 0.71470588 0.85764706],3
334,241763,241763,1,[1.  1.8],1
335,263250,263250,3,[0.29411765 0.52941176 0.71470588 0.85764706],3
336,104652,104652,30,"[0.25       0.45       0.6075     0.729      0.820125   0.885735
 0.93002175 0.9565938  0.96855122 0.96855122 0.95886571 0.94143179
 0.91789599 0.88965304 0.85787972 0.82356453 0.78753358 0.75047318
 0.71294952 0.67542586 0.63827744 0.60180444 0.56624327 0.53177629
 0.49854027 0.46663369 0.43612303 0.40704816 0.37942703 0.35325965
 0.32853148]",30
337,32941,32941,6,[1.       1.8      2.43     2.916    3.2805   3.54294  3.720087],6
338,194828,194828,60,"[0.25       0.45       0.6075     0.729      0.820125   0.885735
 0.93002175 0.9565938  0.96855122 0.96855122 0.95886571 0.94143179
 0.91789599 0.88965304 0.85787972 0.82356453 0.78753358 0.75047318
 0.71294952 0.67542586 0.63827744 0.60180444 0.56624327 0.53177629
 0.49854027 0.46663369 0.43612303 0.40704816 0.37942703 0.35325965
 0.32853148 0.30521634 0.28327892 0.26267681 0.24336234 0.225284
 0.2083877  0.19261782 0.17791804 0.16423203 0.15150405 0.13967934
 0.12870454 0.1185279  0.10909954 0.10037158 0.09229821 0.08483581
 0.0779429  0.07158021 0.06571063 0.06029917 0.05531289 0.05072088
 0.04649414 0.04260554 0.03902972 0.035743   0.03272334 0.02995017
 0.02740441]",60
339,764,764,1,[1.  1.8],1
340,171481,171481,30,"[0.25       0.45       0.6075     0.729      0.820125   0.885735
 0.93002175 0.9565938  0.96855122 0.96855122 0.95886571 0.94143179
 0.91789599 0.88965304 0.85787972 0.82356453 0.78753358 0.75047318
 0.71294952 0.67542586 0.63827744 0.60180444 0.56624327 0.53177629
 0.49854027 0.46663369 0.43612303 0.40704816 0.37942703 0.35325965
 0.32853148]",30
341,315576,315576,3,[0.29411765 0.52941176 0.71470588 0.85764706],3
342,313856,313856,1,[1.  1.8],1
343,343145,343145,3,[0.29411765 0.52941176 0.71470588 0.85764706],3
344,305580,305580,3,[0.29411765 0.52941176 0.71470588 0.85764706],3
345,342470,342470,6,[1.       1.8      2.43     2.916    3.2805   3.54294  3.720087],6
346,66768,66768,9,"[1.         1.8        2.43       2.916      3.2805     3.54294
 3.720087   3.8263752  3.87420489]",8
347,179968,179968,6,[1.       1.8      2.43     2.916    3.2805   3.54294  3.720087],6
348,37654,37654,3,[0.29411765 0.52941176 0.71470588 0.85764706],3
349,225485,225485,1,[1.  1.8],1
350,255977,255977,6,[1.       1.8      2.43     2.916    3.2805   3.54294  3.720087],6
351,132392,132392,30,"[0.25       0.45       0.6075     0.729      0.820125   0.885735
 0.93002175 0.9565938  0.96855122 0.96855122 0.95886571 0.94143179
 0.91789599 0.88965304 0.85787972 0.82356453 0.78753358 0.75047318
 0.71294952 0.67542586 0.63827744 0.60180444 0.56624327 0.53177629
 0.49854027 0.46663369 0.43612303 0.40704816 0.37942703 0.35325965
 0.32853148]",30
352,119920,119920,1,[1.  1.8],1
353,16673,16673,6,[1.       1.8      2.43     2.916    3.2805   3.54294  3.720087],6
354,123767,123767,9,"[1.         1.8        2.43       2.916      3.2805     3.54294
 3.720087   3.8263752  3.87420489]",8
355,303238,303238,1,[1.  1.8],1
356,270967,270967,6,[1.       1.8      2.43     2.916    3.2805   3.54294  3.720087],6
357,306883,306883,6,[1.       1.8      2.43     2.916    3.2805   3.54294  3.720087],6
358,64055,64055,6,[1.       1.8      2.43     2.916    3.2805   3.54294  3.720087],6
359,265497,265497,30,"[0.25       0.45       0.6075     0.729      0.820125   0.885735
 0.93002175 0.9565938  0.96855122 0.96855122 0.95886571 0.94143179
 0.91789599 0.88965304 0.85787972 0.82356453 0.78753358 0.75047318
 0.71294952 0.67542586 0.63827744 0.60180444 0.56624327 0.53177629
 0.49854027 0.46663369 0.43612303 0.40704816 0.37942703 0.35325965
 0.32853148]",30
360,319405,319405,60,"[0.25       0.45       0.6075     0.729      0.820125   0.885735
 0.93002175 0.9565938  0.96855122 0.96855122 0.95886571 0.94143179
 0.91789599 0.88965304 0.85787972 0.82356453 0.78753358 0.75047318
 0.71294952 0.67542586 0.63827744 0.60180444 0.56624327 0.53177629
 0.49854027 0.46663369 0.43612303 0.40704816 0.37942703 0.35325965
 0.32853148 0.30521634 0.28327892 0.26267681 0.24336234 0.225284
 0.2083877  0.19261782 0.17791804 0.16423203 0.15150405 0.13967934
 0.12870454 0.1185279  0.10909954 0.10037158 0.09229821 0.08483581
 0.0779429  0.07158021 0.06571063 0.06029917 0.05531289 0.05072088
 0.04649414 0.04260554 0.03902972 0.035743   0.03272334 0.02995017
 0.02740441]",60
361,327994,327994,6,[1.       1.8      2.43     2.916    3.2805   3.54294  3.720087],6
362,283854,283854,1,[1.  1.8],1
363,38737,38737,30,"[0.25       0.45       0.6075     0.729      0.820125   0.885735
 0.93002175 0.9565938  0.96855122 0.96855122 0.95886571 0.94143179
 0.91789599 0.88965304 0.85787972 0.82356453 0.78753358 0.75047318
 0.71294952 0.67542586 0.63827744 0.60180444 0.56624327 0.53177629
 0.49854027 0.46663369 0.43612303 0.40704816 0.37942703 0.35325965
 0.32853148]",30
364,114717,114717,30,"[0.25       0.45       0.6075     0.729      0.820125   0.885735
 0.93002175 0.9565938  0.96855122 0.96855122 0.95886571 0.94143179
 0.91789599 0.88965304 0.85787972 0.82356453 0.78753358 0.75047318
 0.71294952 0.67542586 0.63827744 0.60180444 0.56624327 0.53177629
 0.49854027 0.46663369 0.43612303 0.40704816 0.37942703 0.35325965
 0.32853148]",30
365,258655,258655,1,[1.  1.8],1
366,226824,226824,1,[1.  1.8],1
367,75993,75993,6,[1.       1.8      2.43     2.916    3.2805   3.54294  3.720087],6
368,173463,173463,3,[0.29411765 0.52941176 0.71470588 0.85764706],3
369,315458,315458,30,"[0.25       0.45       0.6075     0.729      0.820125   0.885735
 0.93002175 0.9565938  0.96855122 0.96855122 0.95886571 0.94143179
 0.91789599 0.88965304 0.85787972 0.82356453 0.78753358 0.75047318
 0.71294952 0.67542586 0.63827744 0.60180444 0.56624327 0.53177629
 0.49854027 0.46663369 0.43612303 0.40704816 0.37942703 0.35325965
 0.32853148]",30
370,314859,314859,9,"[1.         1.8        2.43       2.916      3.2805     3.54294
 3.720087   3.8263752  3.87420489]",8
371,98660,98660,3,[0.29411765 0.52941176 0.71470588 0.85764706],3
372,155955,155955,6,[1.       1.8      2.43     2.916    3.2805   3.54294  3.720087],6
373,52596,52596,30,"[0.25       0.45       0.6075     0.729      0.820125   0.885735
 0.93002175 0.9565938  0.96855122 0.96855122 0.95886571 0.94143179
 0.91789599 0.88965304 0.85787972 0.82356453 0.78753358 0.75047318
 0.71294952 0.67542586 0.63827744 0.60180444 0.56624327 0.53177629
 0.49854027 0.46663369 0.43612303 0.40704816 0.37942703 0.35325965
 0.32853148]",30
374,81283,81283,30,"[0.25       0.45       0.6075     0.729      0.820125   0.885735
 0.93002175 0.9565938  0.96855122 0.96855122 0.95886571 0.94143179
 0.91789599 0.88965304 0.85787972 0.82356453 0.78753358 0.75047318
 0.71294952 0.67542586 0.63827744 0.60180444 0.56624327 0.53177629
 0.49854027 0.46663369 0.43612303 0.40704816 0.37942703 0.35325965
 0.32853148]",30
375,329704,329704,60,"[0.25       0.45       0.6075     0.729      0.820125   0.885735
 0.93002175 0.9565938  0.96855122 0.96855122 0.95886571 0.94143179
 0.91789599 0.88965304 0.85787972 0.82356453 0.78753358 0.75047318
 0.71294952 0.67542586 0.63827744 0.60180444 0.56624327 0.53177629
 0.49854027 0.46663369 0.43612303 0.40704816 0.37942703 0.35325965
 0.32853148 0.30521634 0.28327892 0.26267681 0.24336234 0.225284
 0.2083877  0.19261782 0.17791804 0.16423203 0.15150405 0.13967934
 0.12870454 0.1185279  0.10909954 0.10037158 0.09229821 0.08483581
 0.0779429  0.07158021 0.06571063 0.06029917 0.05531289 0.05072088
 0.04649414 0.04260554 0.03902972 0.035743   0.03272334 0.02995017
 0.02740441]",60
376,43820,43820,1,[1.  1.8],1
377,216878,216878,6,[1.       1.8      2.43     2.916    3.2805   3.54294  3.720087],6
378,118586,118586,60,"[0.25       0.45       0.6075     0.729      0.820125   0.885735
 0.93002175 0.9565938  0.96855122 0.96855122 0.95886571 0.94143179
 0.91789599 0.88965304 0.85787972 0.82356453 0.78753358 0.75047318
 0.71294952 0.67542586 0.63827744 0.60180444 0.56624327 0.53177629
 0.49854027 0.46663369 0.43612303 0.40704816 0.37942703 0.35325965
 0.32853148 0.30521634 0.28327892 0.26267681 0.24336234 0.225284
 0.2083877  0.19261782 0.17791804 0.16423203 0.15150405 0.13967934
 0.12870454 0.1185279  0.10909954 0.10037158 0.09229821 0.08483581
 0.0779429  0.07158021 0.06571063 0.06029917 0.05531289 0.05072088
 0.04649414 0.04260554 0.03902972 0.035743   0.03272334 0.02995017
 0.02740441]",60
379,126134,126134,1,[1.  1.8],1
380,7060,7060,6,[1.       1.8      2.43     2.916    3.2805   3.54294  3.720087],6
381,174221,174221,30,"[0.25       0.45       0.6075     0.729      0.820125   0.885735
 0.93002175 0.9565938  0.96855122 0.96855122 0.95886571 0.94143179
 0.91789599 0.88965304 0.85787972 0.82356453 0.78753358 0.75047318
 0.71294952 0.67542586 0.63827744 0.60180444 0.56624327 0.53177629
 0.49854027 0.46663369 0.43612303 0.40704816 0.37942703 0.35325965
 0.32853148]",30
382,123724,123724,1,[1.  1.8],1
383,349992,349992,3,[0.29411765 0.52941176 0.71470588 0.85764706],3
384,10500,10500,30,"[0.25       0.45       0.6075     0.729      0.820125   0.885735
 0.93002175 0.9565938  0.96855122 0.96855122 0.95886571 0.94143179
 0.91789599 0.88965304 0.85787972 0.82356453 0.78753358 0.75047318
 0.71294952 0.67542586 0.63827744 0.60180444 0.56624327 0.53177629
 0.49854027 0.46663369 0.43612303 0.40704816 0.37942703 0.35325965
 0.32853148]",30
385,168867,168867,6,[1.       1.8      2.43     2.916    3.2805   3.54294  3.720087],6
386,96300,96300,6,[1.       1.8      2.43     2.916    3.2805   3.54294  3.720087],6
387,282792,282792,3,[0.29411765 0.52941176 0.71470588 0.85764706],3
388,37889,37889,60,"[0.25       0.45       0.6075     0.729      0.820125   0.885735
 0.93002175 0.9565938  0.96855122 0.96855122 0.95886571 0.94143179
 0.91789599 0.88965304 0.85787972 0.82356453 0.78753358 0.75047318
 0.71294952 0.67542586 0.63827744 0.60180444 0.56624327 0.53177629
 0.49854027 0.46663369 0.43612303 0.40704816 0.37942703 0.35325965
 0.32853148 0.30521634 0.28327892 0.26267681 0.24336234 0.225284
 0.2083877  0.19261782 0.17791804 0.16423203 0.15150405 0.13967934
 0.12870454 0.1185279  0.10909954 0.10037158 0.09229821 0.08483581
 0.0779429  0.07158021 0.06571063 0.06029917 0.05531289 0.05072088
 0.04649414 0.04260554 0.03902972 0.035743   0.03272334 0.02995017
 0.02740441]",60
389,186189,186189,30,"[0.25       0.45       0.6075     0.729      0.820125   0.885735
 0.93002175 0.9565938  0.96855122 0.96855122 0.95886571 0.94143179
 0.91789599 0.88965304 0.85787972 0.82356453 0.78753358 0.75047318
 0.71294952 0.67542586 0.63827744 0.60180444 0.56624327 0.53177629
 0.49854027 0.46663369 0.43612303 0.40704816 0.37942703 0.35325965
 0.32853148]",30
390,16687,16687,3,[0.29411765 0.52941176 0.71470588 0.85764706],3
391,77982,77982,6,[1.       1.8      2.43     2.916    3.2805   3.54294  3.720087],6
392,125066,125066,1,[1.  1.8],1
393,39435,39435,30,"[0.25       0.45       0.6075     0.729      0.820125   0.885735
 0.93002175 0.9565938  0.96855122 0.96855122 0.95886571 0.94143179
 0.91789599 0.88965304 0.85787972 0.82356453 0.78753358 0.75047318
 0.71294952 0.67542586 0.63827744 0.60180444 0.56624327 0.53177629
 0.49854027 0.46663369 0.43612303 0.40704816 0.37942703 0.35325965
 0.32853148]",30
394,225054,225054,60,"[0.25       0.45       0.6075     0.729      0.820125   0.885735
 0.93002175 0.9565938  0.96855122 0.96855122 0.95886571 0.94143179
 0.91789599 0.88965304 0.85787972 0.82356453 0.78753358 0.75047318
 0.71294952 0.67542586 0.63827744 0.60180444 0.56624327 0.53177629
 0.49854027 0.46663369 0.43612303 0.40704816 0.37942703 0.35325965
 0.32853148 0.30521634 0.28327892 0.26267681 0.24336234 0.225284
 0.2083877  0.19261782 0.17791804 0.16423203 0.15150405 0.13967934
 0.12870454 0.1185279  0.10909954 0.10037158 0.09229821 0.08483581
 0.0779429  0.07158021 0.06571063 0.06029917 0.05531289 0.05072088
 0.04649414 0.04260554 0.03902972 0.035743   0.03272334 0.02995017
 0.02740441]",60
395,48466,48466,60,"[0.25       0.45       0.6075     0.729      0.820125   0.885735
 0.93002175 0.9565938  0.96855122 0.96855122 0.95886571 0.94143179
 0.91789599 0.88965304 0.85787972 0.82356453 0.78753358 0.75047318
 0.71294952 0.67542586 0.63827744 0.60180444 0.56624327 0.53177629
 0.49854027 0.46663369 0.43612303 0.40704816 0.37942703 0.35325965
 0.32853148 0.30521634 0.28327892 0.26267681 0.24336234 0.225284
 0.2083877  0.19261782 0.17791804 0.16423203 0.15150405 0.13967934
 0.12870454 0.1185279  0.10909954 0.10037158 0.09229821 0.08483581
 0.0779429  0.07158021 0.06571063 0.06029917 0.05531289 0.05072088
 0.04649414 0.04260554 0.03902972 0.035743   0.03272334 0.02995017
 0.02740441]",60
396,106891,106891,6,[1.       1.8      2.43     2.916    3.2805   3.54294  3.720087],6
397,260552,260552,9,"[1.         1.8        2.43       2.916      3.2805     3.54294
 3.720087   3.8263752  3.87420489]",8
398,265745,265745,3,[0.29411765 0.52941176 0.71470588 0.85764706],3
399,202874,202874,60,"[0.25       0.45       0.6075     0.729      0.820125   0.885735
 0.93002175 0.9565938  0.96855122 0.96855122 0.95886571 0.94143179
 0.91789599 0.88965304 0.85787972 0.82356453 0.78753358 0.75047318
 0.71294952 0.67542586 0.63827744 0.60180444 0.56624327 0.53177629
 0.49854027 0.46663369 0.43612303 0.40704816 0.37942703 0.35325965
 0.32853148 0.30521634 0.28327892 0.26267681 0.24336234 0.225284
 0.2083877  0.19261782 0.17791804 0.16423203 0.15150405 0.13967934
 0.12870454 0.1185279  0.10909954 0.10037158 0.09229821 0.08483581
 0.0779429  0.07158021 0.06571063 0.06029917 0.05531289 0.05072088
 0.04649414 0.04260554 0.03902972 0.035743   0.03272334 0.02995017
 0.02740441]",60
400,286847,286847,9,"[1.         1.8        2.43       2.916      3.2805     3.54294
 3.720087   3.8263752  3.87420489]",8
401,54842,54842,6,[1.       1.8      2.43     2.916    3.2805   3.54294  3.720087],6
402,19220,19220,6,[1.       1.8      2.43     2.916    3.2805   3.54294  3.720087],6
403,237710,237710,30,"[0.25       0.45       0.6075     0.729      0.820125   0.885735
 0.93002175 0.9565938  0.96855122 0.96855122 0.95886571 0.94143179
 0.91789599 0.88965304 0.85787972 0.82356453 0.78753358 0.75047318
 0.71294952 0.67542586 0.63827744 0.60180444 0.56624327 0.53177629
 0.49854027 0.46663369 0.43612303 0.40704816 0.37942703 0.35325965
 0.32853148]",30
404,139065,139065,60,"[0.25       0.45       0.6075     0.729      0.820125   0.885735
 0.93002175 0.9565938  0.96855122 0.96855122 0.95886571 0.94143179
 0.91789599 0.88965304 0.85787972 0.82356453 0.78753358 0.75047318
 0.71294952 0.67542586 0.63827744 0.60180444 0.56624327 0.53177629
 0.49854027 0.46663369 0.43612303 0.40704816 0.37942703 0.35325965
 0.32853148 0.30521634 0.28327892 0.26267681 0.24336234 0.225284
 0.2083877  0.19261782 0.17791804 0.16423203 0.15150405 0.13967934
 0.12870454 0.1185279  0.10909954 0.10037158 0.09229821 0.08483581
 0.0779429  0.07158021 0.06571063 0.06029917 0.05531289 0.05072088
 0.04649414 0.04260554 0.03902972 0.035743   0.03272334 0.02995017
 0.02740441]",60
405,98012,98012,1,[1.  1.8],1
406,43860,43860,3,[0.29411765 0.52941176 0.71470588 0.85764706],3
407,324279,324279,6,[1.       1.8      2.43     2.916    3.2805   3.54294  3.720087],6
408,164108,164108,1,[1.  1.8],1
409,258083,258083,3,[0.29411765 0.52941176 0.71470588 0.85764706],3
410,170205,170205,3,[0.29411765 0.52941176 0.71470588 0.85764706],3
411,223092,223092,3,[0.29411765 0.52941176 0.71470588 0.85764706],3
412,163738,163738,60,"[0.25       0.45       0.6075     0.729      0.820125   0.885735
 0.93002175 0.9565938  0.96855122 0.96855122 0.95886571 0.94143179
 0.91789599 0.88965304 0.85787972 0.82356453 0.78753358 0.75047318
 0.71294952 0.67542586 0.63827744 0.60180444 0.56624327 0.53177629
 0.49854027 0.46663369 0.43612303 0.40704816 0.37942703 0.35325965
 0.32853148 0.30521634 0.28327892 0.26267681 0.24336234 0.225284
 0.2083877  0.19261782 0.17791804 0.16423203 0.15150405 0.13967934
 0.12870454 0.1185279  0.10909954 0.10037158 0.09229821 0.08483581
 0.0779429  0.07158021 0.06571063 0.06029917 0.05531289 0.05072088
 0.04649414 0.04260554 0.03902972 0.035743   0.03272334 0.02995017
 0.02740441]",60
413,192764,192764,6,[1.       1.8      2.43     2.916    3.2805   3.54294  3.720087],6
414,317417,317417,3,[0.29411765 0.52941176 0.71470588 0.85764706],3
415,44703,44703,30,"[0.25       0.45       0.6075     0.729      0.820125   0.885735
 0.93002175 0.9565938  0.96855122 0.96855122 0.95886571 0.94143179
 0.91789599 0.88965304 0.85787972 0.82356453 0.78753358 0.75047318
 0.71294952 0.67542586 0.63827744 0.60180444 0.56624327 0.53177629
 0.49854027 0.46663369 0.43612303 0.40704816 0.37942703 0.35325965
 0.32853148]",30
416,43411,43411,9,"[1.         1.8        2.43       2.916      3.2805     3.54294
 3.720087   3.8263752  3.87420489]",8
417,146724,146724,6,[1.       1.8      2.43     2.916    3.2805   3.54294  3.720087],6
418,273560,273560,1,[1.  1.8],1
419,250628,250628,3,[0.29411765 0.52941176 0.71470588 0.85764706],3
420,3339,3339,1,[1.  1.8],1
421,272180,272180,6,[1.       1.8      2.43     2.916    3.2805   3.54294  3.720087],6
422,214827,214827,6,[1.       1.8      2.43     2.916    3.2805   3.54294  3.720087],6
423,46192,46192,30,"[0.25       0.45       0.6075     0.729      0.820125   0.885735
 0.93002175 0.9565938  0.96855122 0.96855122 0.95886571 0.94143179
 0.91789599 0.88965304 0.85787972 0.82356453 0.78753358 0.75047318
 0.71294952 0.67542586 0.63827744 0.60180444 0.56624327 0.53177629
 0.49854027 0.46663369 0.43612303 0.40704816 0.37942703 0.35325965
 0.32853148]",30
424,130594,130594,1,[1.  1.8],1
425,4527,4527,9,"[1.         1.8        2.43       2.916      3.2805     3.54294
 3.720087   3.8263752  3.87420489]",8
426,145287,145287,9,"[1.         1.8        2.43       2.916      3.2805     3.54294
 3.720087   3.8263752  3.87420489]",8
427,342327,342327,6,[1.       1.8      2.43     2.916    3.2805   3.54294  3.720087],6
428,36398,36398,3,[0.29411765 0.52941176 0.71470588 0.85764706],3
429,227024,227024,6,[1.       1.8      2.43     2.916    3.2805   3.54294  3.720087],6
430,257594,257594,6,[1.       1.8      2.43     2.916    3.2805   3.54294  3.720087],6
431,231304,231304,6,[1.       1.8      2.43     2.916    3.2805   3.54294  3.720087],6
432,49218,49218,30,"[0.25       0.45       0.6075     0.729      0.820125   0.885735
 0.93002175 0.9565938  0.96855122 0.96855122 0.95886571 0.94143179
 0.91789599 0.88965304 0.85787972 0.82356453 0.78753358 0.75047318
 0.71294952 0.67542586 0.63827744 0.60180444 0.56624327 0.53177629
 0.49854027 0.46663369 0.43612303 0.40704816 0.37942703 0.35325965
 0.32853148]",30
433,35493,35493,6,[1.       1.8      2.43     2.916    3.2805   3.54294  3.720087],6
434,22232,22232,30,"[0.25       0.45       0.6075     0.729      0.820125   0.885735
 0.93002175 0.9565938  0.96855122 0.96855122 0.95886571 0.94143179
 0.91789599 0.88965304 0.85787972 0.82356453 0.78753358 0.75047318
 0.71294952 0.67542586 0.63827744 0.60180444 0.56624327 0.53177629
 0.49854027 0.46663369 0.43612303 0.40704816 0.37942703 0.35325965
 0.32853148]",30
435,13142,13142,9,"[1.         1.8        2.43       2.916      3.2805     3.54294
 3.720087   3.8263752  3.87420489]",8
436,213309,213309,9,"[1.         1.8        2.43       2.916      3.2805     3.54294
 3.720087   3.8263752  3.87420489]",8
437,80808,80808,6,[1.       1.8      2.43     2.916    3.2805   3.54294  3.720087],6
438,304058,304058,6,[1.       1.8      2.43     2.916    3.2805   3.54294  3.720087],6
439,219648,219648,60,"[0.25       0.45       0.6075     0.729      0.820125   0.885735
 0.93002175 0.9565938  0.96855122 0.96855122 0.95886571 0.94143179
 0.91789599 0.88965304 0.85787972 0.82356453 0.78753358 0.75047318
 0.71294952 0.67542586 0.63827744 0.60180444 0.56624327 0.53177629
 0.49854027 0.46663369 0.43612303 0.40704816 0.37942703 0.35325965
 0.32853148 0.30521634 0.28327892 0.26267681 0.24336234 0.225284
 0.2083877  0.19261782 0.17791804 0.16423203 0.15150405 0.13967934
 0.12870454 0.1185279  0.10909954 0.10037158 0.09229821 0.08483581
 0.0779429  0.07158021 0.06571063 0.06029917 0.05531289 0.05072088
 0.04649414 0.04260554 0.03902972 0.035743   0.03272334 0.02995017
 0.02740441]",60
440,1018,1018,1,[1.  1.8],1
441,138721,138721,6,[1.       1.8      2.43     2.916    3.2805   3.54294  3.720087],6
442,310016,310016,30,"[0.25       0.45       0.6075     0.729      0.820125   0.885735
 0.93002175 0.9565938  0.96855122 0.96855122 0.95886571 0.94143179
 0.91789599 0.88965304 0.85787972 0.82356453 0.78753358 0.75047318
 0.71294952 0.67542586 0.63827744 0.60180444 0.56624327 0.53177629
 0.49854027 0.46663369 0.43612303 0.40704816 0.37942703 0.35325965
 0.32853148]",30
443,167415,167415,30,"[0.25       0.45       0.6075     0.729      0.820125   0.885735
 0.93002175 0.9565938  0.96855122 0.96855122 0.95886571 0.94143179
 0.91789599 0.88965304 0.85787972 0.82356453 0.78753358 0.75047318
 0.71294952 0.67542586 0.63827744 0.60180444 0.56624327 0.53177629
 0.49854027 0.46663369 0.43612303 0.40704816 0.37942703 0.35325965
 0.32853148]",30
444,285791,285791,1,[1.  1.8],1
445,159922,159922,30,"[0.25       0.45       0.6075     0.729      0.820125   0.885735
 0.93002175 0.9565938  0.96855122 0.96855122 0.95886571 0.94143179
 0.91789599 0.88965304 0.85787972 0.82356453 0.78753358 0.75047318
 0.71294952 0.67542586 0.63827744 0.60180444 0.56624327 0.53177629
 0.49854027 0.46663369 0.43612303 0.40704816 0.37942703 0.35325965
 0.32853148]",30
446,34922,34922,1,[1.  1.8],1
447,323440,323440,1,[1.  1.8],1
448,191795,191795,1,[1.  1.8],1
449,139200,139200,3,[0.29411765 0.52941176 0.71470588 0.85764706],3
450,343990,343990,1,[1.  1.8],1
451,167277,167277,9,"[1.         1.8        2.43       2.916      3.2805     3.54294
 3.720087   3.8263752  3.87420489]",8
452,206984,206984,60,"[0.25       0.45       0.6075     0.729      0.820125   0.885735
 0.93002175 0.9565938  0.96855122 0.96855122 0.95886571 0.94143179
 0.91789599 0.88965304 0.85787972 0.82356453 0.78753358 0.75047318
 0.71294952 0.67542586 0.63827744 0.60180444 0.56624327 0.53177629
 0.49854027 0.46663369 0.43612303 0.40704816 0.37942703 0.35325965
 0.32853148 0.30521634 0.28327892 0.26267681 0.24336234 0.225284
 0.2083877  0.19261782 0.17791804 0.16423203 0.15150405 0.13967934
 0.12870454 0.1185279  0.10909954 0.10037158 0.09229821 0.08483581
 0.0779429  0.07158021 0.06571063 0.06029917 0.05531289 0.05072088
 0.04649414 0.04260554 0.03902972 0.035743   0.03272334 0.02995017
 0.02740441]",60
453,133730,133730,6,[1.       1.8      2.43     2.916    3.2805   3.54294  3.720087],6
454,115208,115208,30,"[0.25       0.45       0.6075     0.729      0.820125   0.885735
 0.93002175 0.9565938  0.96855122 0.96855122 0.95886571 0.94143179
 0.91789599 0.88965304 0.85787972 0.82356453 0.78753358 0.75047318
 0.71294952 0.67542586 0.63827744 0.60180444 0.56624327 0.53177629
 0.49854027 0.46663369 0.43612303 0.40704816 0.37942703 0.35325965
 0.32853148]",30
455,61531,61531,1,[1.  1.8],1
456,334913,334913,60,"[0.25       0.45       0.6075     0.729      0.820125   0.885735
 0.93002175 0.9565938  0.96855122 0.96855122 0.95886571 0.94143179
 0.91789599 0.88965304 0.85787972 0.82356453 0.78753358 0.75047318
 0.71294952 0.67542586 0.63827744 0.60180444 0.56624327 0.53177629
 0.49854027 0.46663369 0.43612303 0.40704816 0.37942703 0.35325965
 0.32853148 0.30521634 0.28327892 0.26267681 0.24336234 0.225284
 0.2083877  0.19261782 0.17791804 0.16423203 0.15150405 0.13967934
 0.12870454 0.1185279  0.10909954 0.10037158 0.09229821 0.08483581
 0.0779429  0.07158021 0.06571063 0.06029917 0.05531289 0.05072088
 0.04649414 0.04260554 0.03902972 0.035743   0.03272334 0.02995017
 0.02740441]",60
457,117218,117218,3,[0.29411765 0.52941176 0.71470588 0.85764706],3
458,85717,85717,3,[0.29411765 0.52941176 0.71470588 0.85764706],3
459,177269,177269,6,[1.       1.8      2.43     2.916    3.2805   3.54294  3.720087],6
460,289252,289252,60,"[0.25       0.45       0.6075     0.729      0.820125   0.885735
 0.93002175 0.9565938  0.96855122 0.96855122 0.95886571 0.94143179
 0.91789599 0.88965304 0.85787972 0.82356453 0.78753358 0.75047318
 0.71294952 0.67542586 0.63827744 0.60180444 0.56624327 0.53177629
 0.49854027 0.46663369 0.43612303 0.40704816 0.37942703 0.35325965
 0.32853148 0.30521634 0.28327892 0.26267681 0.24336234 0.225284
 0.2083877  0.19261782 0.17791804 0.16423203 0.15150405 0.13967934
 0.12870454 0.1185279  0.10909954 0.10037158 0.09229821 0.08483581
 0.0779429  0.07158021 0.06571063 0.06029917 0.05531289 0.05072088
 0.04649414 0.04260554 0.03902972 0.035743   0.03272334 0.02995017
 0.02740441]",60
461,20629,20629,9,"[1.         1.8        2.43       2.916      3.2805     3.54294
 3.720087   3.8263752  3.87420489]",8
462,86689,86689,60,"[0.25       0.45       0.6075     0.729      0.820125   0.885735
 0.93002175 0.9565938  0.96855122 0.96855122 0.95886571 0.94143179
 0.91789599 0.88965304 0.85787972 0.82356453 0.78753358 0.75047318
 0.71294952 0.67542586 0.63827744 0.60180444 0.56624327 0.53177629
 0.49854027 0.46663369 0.43612303 0.40704816 0.37942703 0.35325965
 0.32853148 0.30521634 0.28327892 0.26267681 0.24336234 0.225284
 0.2083877  0.19261782 0.17791804 0.16423203 0.15150405 0.13967934
 0.12870454 0.1185279  0.10909954 0.10037158 0.09229821 0.08483581
 0.0779429  0.07158021 0.06571063 0.06029917 0.05531289 0.05072088
 0.04649414 0.04260554 0.03902972 0.035743   0.03272334 0.02995017
 0.02740441]",60
463,326671,326671,60,"[0.25       0.45       0.6075     0.729      0.820125   0.885735
 0.93002175 0.9565938  0.96855122 0.96855122 0.95886571 0.94143179
 0.91789599 0.88965304 0.85787972 0.82356453 0.78753358 0.75047318
 0.71294952 0.67542586 0.63827744 0.60180444 0.56624327 0.53177629
 0.49854027 0.46663369 0.43612303 0.40704816 0.37942703 0.35325965
 0.32853148 0.30521634 0.28327892 0.26267681 0.24336234 0.225284
 0.2083877  0.19261782 0.17791804 0.16423203 0.15150405 0.13967934
 0.12870454 0.1185279  0.10909954 0.10037158 0.09229821 0.08483581
 0.0779429  0.07158021 0.06571063 0.06029917 0.05531289 0.05072088
 0.04649414 0.04260554 0.03902972 0.035743   0.03272334 0.02995017
 0.02740441]",60
464,221787,221787,60,"[0.25       0.45       0.6075     0.729      0.820125   0.885735
 0.93002175 0.9565938  0.96855122 0.96855122 0.95886571 0.94143179
 0.91789599 0.88965304 0.85787972 0.82356453 0.78753358 0.75047318
 0.71294952 0.67542586 0.63827744 0.60180444 0.56624327 0.53177629
 0.49854027 0.46663369 0.43612303 0.40704816 0.37942703 0.35325965
 0.32853148 0.30521634 0.28327892 0.26267681 0.24336234 0.225284
 0.2083877  0.19261782 0.17791804 0.16423203 0.15150405 0.13967934
 0.12870454 0.1185279  0.10909954 0.10037158 0.09229821 0.08483581
 0.0779429  0.07158021 0.06571063 0.06029917 0.05531289 0.05072088
 0.04649414 0.04260554 0.03902972 0.035743   0.03272334 0.02995017
 0.02740441]",60
465,110377,110377,9,"[1.         1.8        2.43       2.916      3.2805     3.54294
 3.720087   3.8263752  3.87420489]",8
466,180861,180861,30,"[0.25       0.45       0.6075     0.729      0.820125   0.885735
 0.93002175 0.9565938  0.96855122 0.96855122 0.95886571 0.94143179
 0.91789599 0.88965304 0.85787972 0.82356453 0.78753358 0.75047318
 0.71294952 0.67542586 0.63827744 0.60180444 0.56624327 0.53177629
 0.49854027 0.46663369 0.43612303 0.40704816 0.37942703 0.35325965
 0.32853148]",30
467,90028,90028,1,[1.  1.8],1
468,237646,237646,30,"[0.25       0.45       0.6075     0.729      0.820125   0.885735
 0.93002175 0.9565938  0.96855122 0.96855122 0.95886571 0.94143179
 0.91789599 0.88965304 0.85787972 0.82356453 0.78753358 0.75047318
 0.71294952 0.67542586 0.63827744 0.60180444 0.56624327 0.53177629
 0.49854027 0.46663369 0.43612303 0.40704816 0.37942703 0.35325965
 0.32853148]",30
469,3454,3454,9,"[1.         1.8        2.43       2.916      3.2805     3.54294
 3.720087   3.8263752  3.87420489]",8
470,35204,35204,6,[1.       1.8      2.43     2.916    3.2805   3.54294  3.720087],6
471,23244,23244,3,[0.29411765 0.52941176 0.71470588 0.85764706],3
472,207922,207922,6,[1.       1.8      2.43     2.916    3.2805   3.54294  3.720087],6
473,283313,283313,30,"[0.25       0.45       0.6075     0.729      0.820125   0.885735
 0.93002175 0.9565938  0.96855122 0.96855122 0.95886571 0.94143179
 0.91789599 0.88965304 0.85787972 0.82356453 0.78753358 0.75047318
 0.71294952 0.67542586 0.63827744 0.60180444 0.56624327 0.53177629
 0.49854027 0.46663369 0.43612303 0.40704816 0.37942703 0.35325965
 0.32853148]",30
474,130753,130753,9,"[1.         1.8        2.43       2.916      3.2805     3.54294
 3.720087   3.8263752  3.87420489]",8
475,119540,119540,6,[1.       1.8      2.43     2.916    3.2805   3.54294  3.720087],6
476,270331,270331,1,[1.  1.8],1
477,149009,149009,60,"[0.25       0.45       0.6075     0.729      0.820125   0.885735
 0.93002175 0.9565938  0.96855122 0.96855122 0.95886571 0.94143179
 0.91789599 0.88965304 0.85787972 0.82356453 0.78753358 0.75047318
 0.71294952 0.67542586 0.63827744 0.60180444 0.56624327 0.53177629
 0.49854027 0.46663369 0.43612303 0.40704816 0.37942703 0.35325965
 0.32853148 0.30521634 0.28327892 0.26267681 0.24336234 0.225284
 0.2083877  0.19261782 0.17791804 0.16423203 0.15150405 0.13967934
 0.12870454 0.1185279  0.10909954 0.10037158 0.09229821 0.08483581
 0.0779429  0.07158021 0.06571063 0.06029917 0.05531289 0.05072088
 0.04649414 0.04260554 0.03902972 0.035743   0.03272334 0.02995017
 0.02740441]",60
478,205193,205193,3,[0.29411765 0.52941176 0.71470588 0.85764706],3
479,339434,339434,3,[0.29411765 0.52941176 0.71470588 0.85764706],3
480,308613,308613,9,"[1.         1.8        2.43       2.916      3.2805     3.54294
 3.720087   3.8263752  3.87420489]",8
481,314999,314999,9,"[1.         1.8        2.43       2.916      3.2805     3.54294
 3.720087   3.8263752  3.87420489]",8
482,342807,342807,1,[1.  1.8],1
483,53797,53797,1,[1.  1.8],1
484,286906,286906,3,[0.29411765 0.52941176 0.71470588 0.85764706],3
485,220996,220996,60,"[0.25       0.45       0.6075     0.729      0.820125   0.885735
 0.93002175 0.9565938  0.96855122 0.96855122 0.95886571 0.94143179
 0.91789599 0.88965304 0.85787972 0.82356453 0.78753358 0.75047318
 0.71294952 0.67542586 0.63827744 0.60180444 0.56624327 0.53177629
 0.49854027 0.46663369 0.43612303 0.40704816 0.37942703 0.35325965
 0.32853148 0.30521634 0.28327892 0.26267681 0.24336234 0.225284
 0.2083877  0.19261782 0.17791804 0.16423203 0.15150405 0.13967934
 0.12870454 0.1185279  0.10909954 0.10037158 0.09229821 0.08483581
 0.0779429  0.07158021 0.06571063 0.06029917 0.05531289 0.05072088
 0.04649414 0.04260554 0.03902972 0.035743   0.03272334 0.02995017
 0.02740441]",60
486,290520,290520,9,"[1.         1.8        2.43       2.916      3.2805     3.54294
 3.720087   3.8263752  3.87420489]",8
487,173912,173912,3,[0.29411765 0.52941176 0.71470588 0.85764706],3
488,308202,308202,3,[0.29411765 0.52941176 0.71470588 0.85764706],3
489,85731,85731,1,[1.  1.8],1
490,214071,214071,1,[1.  1.8],1
491,157584,157584,60,"[0.25       0.45       0.6075     0.729      0.820125   0.885735
 0.93002175 0.9565938  0.96855122 0.96855122 0.95886571 0.94143179
 0.91789599 0.88965304 0.85787972 0.82356453 0.78753358 0.75047318
 0.71294952 0.67542586 0.63827744 0.60180444 0.56624327 0.53177629
 0.49854027 0.46663369 0.43612303 0.40704816 0.37942703 0.35325965
 0.32853148 0.30521634 0.28327892 0.26267681 0.24336234 0.225284
 0.2083877  0.19261782 0.17791804 0.16423203 0.15150405 0.13967934
 0.12870454 0.1185279  0.10909954 0.10037158 0.09229821 0.08483581
 0.0779429  0.07158021 0.06571063 0.06029917 0.05531289 0.05072088
 0.04649414 0.04260554 0.03902972 0.035743   0.03272334 0.02995017
 0.02740441]",60
492,240128,240128,6,[1.       1.8      2.43     2.916    3.2805   3.54294  3.720087],6
493,141056,141056,3,[0.29411765 0.52941176 0.71470588 0.85764706],3
494,156702,156702,60,"[0.25       0.45       0.6075     0.729      0.820125   0.885735
 0.93002175 0.9565938  0.96855122 0.96855122 0.95886571 0.94143179
 0.91789599 0.88965304 0.85787972 0.82356453 0.78753358 0.75047318
 0.71294952 0.67542586 0.63827744 0.60180444 0.56624327 0.53177629
 0.49854027 0.46663369 0.43612303 0.40704816 0.37942703 0.35325965
 0.32853148 0.30521634 0.28327892 0.26267681 0.24336234 0.225284
 0.2083877  0.19261782 0.17791804 0.16423203 0.15150405 0.13967934
 0.12870454 0.1185279  0.10909954 0.10037158 0.09229821 0.08483581
 0.0779429  0.07158021 0.06571063 0.06029917 0.05531289 0.05072088
 0.04649414 0.04260554 0.03902972 0.035743   0.03272334 0.02995017
 0.02740441]",60
495,347137,347137,3,[0.29411765 0.52941176 0.71470588 0.85764706],3
496,305762,305762,6,[1.       1.8      2.43     2.916    3.2805   3.54294  3.720087],6
497,205184,205184,60,"[0.25       0.45       0.6075     0.729      0.820125   0.885735
 0.93002175 0.9565938  0.96855122 0.96855122 0.95886571 0.94143179
 0.91789599 0.88965304 0.85787972 0.82356453 0.78753358 0.75047318
 0.71294952 0.67542586 0.63827744 0.60180444 0.56624327 0.53177629
 0.49854027 0.46663369 0.43612303 0.40704816 0.37942703 0.35325965
 0.32853148 0.30521634 0.28327892 0.26267681 0.24336234 0.225284
 0.2083877  0.19261782 0.17791804 0.16423203 0.15150405 0.13967934
 0.12870454 0.1185279  0.10909954 0.10037158 0.09229821 0.08483581
 0.0779429  0.07158021 0.06571063 0.06029917 0.05531289 0.05072088
 0.04649414 0.04260554 0.03902972 0.035743   0.03272334 0.02995017
 0.02740441]",60
498,227753,227753,9,"[1.         1.8        2.43       2.916      3.2805     3.54294
 3.720087   3.8263752  3.87420489]",8
499,244049,244049,1,[1.  1.8],1
500,65868,65868,60,"[0.25       0.45       0.6075     0.729      0.820125   0.885735
 0.93002175 0.9565938  0.96855122 0.96855122 0.95886571 0.94143179
 0.91789599 0.88965304 0.85787972 0.82356453 0.78753358 0.75047318
 0.71294952 0.67542586 0.63827744 0.60180444 0.56624327 0.53177629
 0.49854027 0.46663369 0.43612303 0.40704816 0.37942703 0.35325965
 0.32853148 0.30521634 0.28327892 0.26267681 0.24336234 0.225284
 0.2083877  0.19261782 0.17791804 0.16423203 0.15150405 0.13967934
 0.12870454 0.1185279  0.10909954 0.10037158 0.09229821 0.08483581
 0.0779429  0.07158021 0.06571063 0.06029917 0.05531289 0.05072088
 0.04649414 0.04260554 0.03902972 0.035743   0.03272334 0.02995017
 0.02740441]",60
501,39318,39318,30,"[0.25       0.45       0.6075     0.729      0.820125   0.885735
 0.93002175 0.9565938  0.96855122 0.96855122 0.95886571 0.94143179
 0.91789599 0.88965304 0.85787972 0.82356453 0.78753358 0.75047318
 0.71294952 0.67542586 0.63827744 0.60180444 0.56624327 0.53177629
 0.49854027 0.46663369 0.43612303 0.40704816 0.37942703 0.35325965
 0.32853148]",30
502,295465,295465,1,[1.  1.8],1
503,217029,217029,3,[0.29411765 0.52941176 0.71470588 0.85764706],3
504,218804,218804,1,[1.  1.8],1
505,115300,115300,9,"[1.         1.8        2.43       2.916      3.2805     3.54294
 3.720087   3.8263752  3.87420489]",8
506,100917,100917,1,[1.  1.8],1
507,282837,282837,9,"[1.         1.8        2.43       2.916      3.2805     3.54294
 3.720087   3.8263752  3.87420489]",8
508,8233,8233,3,[0.29411765 0.52941176 0.71470588 0.85764706],3
509,206806,206806,30,"[0.25       0.45       0.6075     0.729      0.820125   0.885735
 0.93002175 0.9565938  0.96855122 0.96855122 0.95886571 0.94143179
 0.91789599 0.88965304 0.85787972 0.82356453 0.78753358 0.75047318
 0.71294952 0.67542586 0.63827744 0.60180444 0.56624327 0.53177629
 0.49854027 0.46663369 0.43612303 0.40704816 0.37942703 0.35325965
 0.32853148]",30
510,42826,42826,6,[1.       1.8      2.43     2.916    3.2805   3.54294  3.720087],6
511,273437,273437,6,[1.       1.8      2.43     2.916    3.2805   3.54294  3.720087],6
512,107376,107376,1,[1.  1.8],1
513,280979,280979,9,"[1.         1.8        2.43       2.916      3.2805     3.54294
 3.720087   3.8263752  3.87420489]",8
514,157585,157585,30,"[0.25       0.45       0.6075     0.729      0.820125   0.885735
 0.93002175 0.9565938  0.96855122 0.96855122 0.95886571 0.94143179
 0.91789599 0.88965304 0.85787972 0.82356453 0.78753358 0.75047318
 0.71294952 0.67542586 0.63827744 0.60180444 0.56624327 0.53177629
 0.49854027 0.46663369 0.43612303 0.40704816 0.37942703 0.35325965
 0.32853148]",30
515,10190,10190,60,"[0.25       0.45       0.6075     0.729      0.820125   0.885735
 0.93002175 0.9565938  0.96855122 0.96855122 0.95886571 0.94143179
 0.91789599 0.88965304 0.85787972 0.82356453 0.78753358 0.75047318
 0.71294952 0.67542586 0.63827744 0.60180444 0.56624327 0.53177629
 0.49854027 0.46663369 0.43612303 0.40704816 0.37942703 0.35325965
 0.32853148 0.30521634 0.28327892 0.26267681 0.24336234 0.225284
 0.2083877  0.19261782 0.17791804 0.16423203 0.15150405 0.13967934
 0.12870454 0.1185279  0.10909954 0.10037158 0.09229821 0.08483581
 0.0779429  0.07158021 0.06571063 0.06029917 0.05531289 0.05072088
 0.04649414 0.04260554 0.03902972 0.035743   0.03272334 0.02995017
 0.02740441]",60
516,124521,124521,60,"[0.25       0.45       0.6075     0.729      0.820125   0.885735
 0.93002175 0.9565938  0.96855122 0.96855122 0.95886571 0.94143179
 0.91789599 0.88965304 0.85787972 0.82356453 0.78753358 0.75047318
 0.71294952 0.67542586 0.63827744 0.60180444 0.56624327 0.53177629
 0.49854027 0.46663369 0.43612303 0.40704816 0.37942703 0.35325965
 0.32853148 0.30521634 0.28327892 0.26267681 0.24336234 0.225284
 0.2083877  0.19261782 0.17791804 0.16423203 0.15150405 0.13967934
 0.12870454 0.1185279  0.10909954 0.10037158 0.09229821 0.08483581
 0.0779429  0.07158021 0.06571063 0.06029917 0.05531289 0.05072088
 0.04649414 0.04260554 0.03902972 0.035743   0.03272334 0.02995017
 0.02740441]",60
517,38913,38913,30,"[0.25       0.45       0.6075     0.729      0.820125   0.885735
 0.93002175 0.9565938  0.96855122 0.96855122 0.95886571 0.94143179
 0.91789599 0.88965304 0.85787972 0.82356453 0.78753358 0.75047318
 0.71294952 0.67542586 0.63827744 0.60180444 0.56624327 0.53177629
 0.49854027 0.46663369 0.43612303 0.40704816 0.37942703 0.35325965
 0.32853148]",30
518,198322,198322,6,[1.       1.8      2.43     2.916    3.2805   3.54294  3.720087],6
519,328879,328879,60,"[0.25       0.45       0.6075     0.729      0.820125   0.885735
 0.93002175 0.9565938  0.96855122 0.96855122 0.95886571 0.94143179
 0.91789599 0.88965304 0.85787972 0.82356453 0.78753358 0.75047318
 0.71294952 0.67542586 0.63827744 0.60180444 0.56624327 0.53177629
 0.49854027 0.46663369 0.43612303 0.40704816 0.37942703 0.35325965
 0.32853148 0.30521634 0.28327892 0.26267681 0.24336234 0.225284
 0.2083877  0.19261782 0.17791804 0.16423203 0.15150405 0.13967934
 0.12870454 0.1185279  0.10909954 0.10037158 0.09229821 0.08483581
 0.0779429  0.07158021 0.06571063 0.06029917 0.05531289 0.05072088
 0.04649414 0.04260554 0.03902972 0.035743   0.03272334 0.02995017
 0.02740441]",60
520,338193,338193,6,[1.       1.8      2.43     2.916    3.2805   3.54294  3.720087],6
521,246970,246970,30,"[0.25       0.45       0.6075     0.729      0.820125   0.885735
 0.93002175 0.9565938  0.96855122 0.96855122 0.95886571 0.94143179
 0.91789599 0.88965304 0.85787972 0.82356453 0.78753358 0.75047318
 0.71294952 0.67542586 0.63827744 0.60180444 0.56624327 0.53177629
 0.49854027 0.46663369 0.43612303 0.40704816 0.37942703 0.35325965
 0.32853148]",30
522,34484,34484,9,"[1.         1.8        2.43       2.916      3.2805     3.54294
 3.720087   3.8263752  3.87420489]",8
523,1367,1367,9,"[1.         1.8        2.43       2.916      3.2805     3.54294
 3.720087   3.8263752  3.87420489]",8
524,141712,141712,6,[1.       1.8      2.43     2.916    3.2805   3.54294  3.720087],6
525,121048,121048,3,[0.29411765 0.52941176 0.71470588 0.85764706],3
526,242965,242965,6,[1.       1.8      2.43     2.916    3.2805   3.54294  3.720087],6
527,197060,197060,30,"[0.25       0.45       0.6075     0.729      0.820125   0.885735
 0.93002175 0.9565938  0.96855122 0.96855122 0.95886571 0.94143179
 0.91789599 0.88965304 0.85787972 0.82356453 0.78753358 0.75047318
 0.71294952 0.67542586 0.63827744 0.60180444 0.56624327 0.53177629
 0.49854027 0.46663369 0.43612303 0.40704816 0.37942703 0.35325965
 0.32853148]",30
528,288596,288596,3,[0.29411765 0.52941176 0.71470588 0.85764706],3
529,283591,283591,30,"[0.25       0.45       0.6075     0.729      0.820125   0.885735
 0.93002175 0.9565938  0.96855122 0.96855122 0.95886571 0.94143179
 0.91789599 0.88965304 0.85787972 0.82356453 0.78753358 0.75047318
 0.71294952 0.67542586 0.63827744 0.60180444 0.56624327 0.53177629
 0.49854027 0.46663369 0.43612303 0.40704816 0.37942703 0.35325965
 0.32853148]",30
530,276600,276600,1,[1.  1.8],1
531,97018,97018,1,[1.  1.8],1
532,135071,135071,30,"[0.25       0.45       0.6075     0.729      0.820125   0.885735
 0.93002175 0.9565938  0.96855122 0.96855122 0.95886571 0.94143179
 0.91789599 0.88965304 0.85787972 0.82356453 0.78753358 0.75047318
 0.71294952 0.67542586 0.63827744 0.60180444 0.56624327 0.53177629
 0.49854027 0.46663369 0.43612303 0.40704816 0.37942703 0.35325965
 0.32853148]",30
533,237487,237487,9,"[1.         1.8        2.43       2.916      3.2805     3.54294
 3.720087   3.8263752  3.87420489]",8
534,79809,79809,60,"[0.25       0.45       0.6075     0.729      0.820125   0.885735
 0.93002175 0.9565938  0.96855122 0.96855122 0.95886571 0.94143179
 0.91789599 0.88965304 0.85787972 0.82356453 0.78753358 0.75047318
 0.71294952 0.67542586 0.63827744 0.60180444 0.56624327 0.53177629
 0.49854027 0.46663369 0.43612303 0.40704816 0.37942703 0.35325965
 0.32853148 0.30521634 0.28327892 0.26267681 0.24336234 0.225284
 0.2083877  0.19261782 0.17791804 0.16423203 0.15150405 0.13967934
 0.12870454 0.1185279  0.10909954 0.10037158 0.09229821 0.08483581
 0.0779429  0.07158021 0.06571063 0.06029917 0.05531289 0.05072088
 0.04649414 0.04260554 0.03902972 0.035743   0.03272334 0.02995017
 0.02740441]",60
535,6023,6023,9,"[1.         1.8        2.43       2.916      3.2805     3.54294
 3.720087   3.8263752  3.87420489]",8
536,274108,274108,9,"[1.         1.8        2.43       2.916      3.2805     3.54294
 3.720087   3.8263752  3.87420489]",8
537,69636,69636,3,[0.29411765 0.52941176 0.71470588 0.85764706],3
538,213672,213672,1,[1.  1.8],1
539,173776,173776,30,"[0.25       0.45       0.6075     0.729      0.820125   0.885735
 0.93002175 0.9565938  0.96855122 0.96855122 0.95886571 0.94143179
 0.91789599 0.88965304 0.85787972 0.82356453 0.78753358 0.75047318
 0.71294952 0.67542586 0.63827744 0.60180444 0.56624327 0.53177629
 0.49854027 0.46663369 0.43612303 0.40704816 0.37942703 0.35325965
 0.32853148]",30
540,318690,318690,30,"[0.25       0.45       0.6075     0.729      0.820125   0.885735
 0.93002175 0.9565938  0.96855122 0.96855122 0.95886571 0.94143179
 0.91789599 0.88965304 0.85787972 0.82356453 0.78753358 0.75047318
 0.71294952 0.67542586 0.63827744 0.60180444 0.56624327 0.53177629
 0.49854027 0.46663369 0.43612303 0.40704816 0.37942703 0.35325965
 0.32853148]",30
541,332584,332584,60,"[0.25       0.45       0.6075     0.729      0.820125   0.885735
 0.93002175 0.9565938  0.96855122 0.96855122 0.95886571 0.94143179
 0.91789599 0.88965304 0.85787972 0.82356453 0.78753358 0.75047318
 0.71294952 0.67542586 0.63827744 0.60180444 0.56624327 0.53177629
 0.49854027 0.46663369 0.43612303 0.40704816 0.37942703 0.35325965
 0.32853148 0.30521634 0.28327892 0.26267681 0.24336234 0.225284
 0.2083877  0.19261782 0.17791804 0.16423203 0.15150405 0.13967934
 0.12870454 0.1185279  0.10909954 0.10037158 0.09229821 0.08483581
 0.0779429  0.07158021 0.06571063 0.06029917 0.05531289 0.05072088
 0.04649414 0.04260554 0.03902972 0.035743   0.03272334 0.02995017
 0.02740441]",60
542,192787,192787,3,[0.29411765 0.52941176 0.71470588 0.85764706],3
543,281273,281273,9,"[1.         1.8        2.43       2.916      3.2805     3.54294
 3.720087   3.8263752  3.87420489]",8
544,146000,146000,1,[1.  1.8],1
545,229080,229080,3,[0.29411765 0.52941176 0.71470588 0.85764706],3
546,263222,263222,3,[0.29411765 0.52941176 0.71470588 0.85764706],3
547,142658,142658,6,[1.       1.8      2.43     2.916    3.2805   3.54294  3.720087],6
548,123453,123453,1,[1.  1.8],1
549,295602,295602,6,[1.       1.8      2.43     2.916    3.2805   3.54294  3.720087],6
550,119540,119540,9,"[1.         1.8        2.43       2.916      3.2805     3.54294
 3.720087   3.8263752  3.87420489]",8
551,36866,36866,9,"[1.         1.8        2.43       2.916      3.2805     3.54294
 3.720087   3.8263752  3.87420489]",8
552,327943,327943,6,[1.       1.8      2.43     2.916    3.2805   3.54294  3.720087],6
553,124542,124542,6,[1.       1.8      2.43     2.916    3.2805   3.54294  3.720087],6
554,342321,342321,3,[0.29411765 0.52941176 0.71470588 0.85764706],3
555,17435,17435,60,"[0.25       0.45       0.6075     0.729      0.820125   0.885735
 0.93002175 0.9565938  0.96855122 0.96855122 0.95886571 0.94143179
 0.91789599 0.88965304 0.85787972 0.82356453 0.78753358 0.75047318
 0.71294952 0.67542586 0.63827744 0.60180444 0.56624327 0.53177629
 0.49854027 0.46663369 0.43612303 0.40704816 0.37942703 0.35325965
 0.32853148 0.30521634 0.28327892 0.26267681 0.24336234 0.225284
 0.2083877  0.19261782 0.17791804 0.16423203 0.15150405 0.13967934
 0.12870454 0.1185279  0.10909954 0.10037158 0.09229821 0.08483581
 0.0779429  0.07158021 0.06571063 0.06029917 0.05531289 0.05072088
 0.04649414 0.04260554 0.03902972 0.035743   0.03272334 0.02995017
 0.02740441]",60
556,275103,275103,6,[1.       1.8      2.43     2.916    3.2805   3.54294  3.720087],6
557,30839,30839,60,"[0.25       0.45       0.6075     0.729      0.820125   0.885735
 0.93002175 0.9565938  0.96855122 0.96855122 0.95886571 0.94143179
 0.91789599 0.88965304 0.85787972 0.82356453 0.78753358 0.75047318
 0.71294952 0.67542586 0.63827744 0.60180444 0.56624327 0.53177629
 0.49854027 0.46663369 0.43612303 0.40704816 0.37942703 0.35325965
 0.32853148 0.30521634 0.28327892 0.26267681 0.24336234 0.225284
 0.2083877  0.19261782 0.17791804 0.16423203 0.15150405 0.13967934
 0.12870454 0.1185279  0.10909954 0.10037158 0.09229821 0.08483581
 0.0779429  0.07158021 0.06571063 0.06029917 0.05531289 0.05072088
 0.04649414 0.04260554 0.03902972 0.035743   0.03272334 0.02995017
 0.02740441]",60
558,109744,109744,1,[1.  1.8],1
559,50771,50771,3,[0.29411765 0.52941176 0.71470588 0.85764706],3
560,188150,188150,9,"[1.         1.8        2.43       2.916      3.2805     3.54294
 3.720087   3.8263752  3.87420489]",8
561,277375,277375,9,"[1.         1.8        2.43       2.916      3.2805     3.54294
 3.720087   3.8263752  3.87420489]",8
562,256617,256617,3,[0.29411765 0.52941176 0.71470588 0.85764706],3
563,68238,68238,60,"[0.25       0.45       0.6075     0.729      0.820125   0.885735
 0.93002175 0.9565938  0.96855122 0.96855122 0.95886571 0.94143179
 0.91789599 0.88965304 0.85787972 0.82356453 0.78753358 0.75047318
 0.71294952 0.67542586 0.63827744 0.60180444 0.56624327 0.53177629
 0.49854027 0.46663369 0.43612303 0.40704816 0.37942703 0.35325965
 0.32853148 0.30521634 0.28327892 0.26267681 0.24336234 0.225284
 0.2083877  0.19261782 0.17791804 0.16423203 0.15150405 0.13967934
 0.12870454 0.1185279  0.10909954 0.10037158 0.09229821 0.08483581
 0.0779429  0.07158021 0.06571063 0.06029917 0.05531289 0.05072088
 0.04649414 0.04260554 0.03902972 0.035743   0.03272334 0.02995017
 0.02740441]",60
564,194780,194780,3,[0.29411765 0.52941176 0.71470588 0.85764706],3
565,24184,24184,3,[0.29411765 0.52941176 0.71470588 0.85764706],3
566,73882,73882,1,[1.  1.8],1
567,108478,108478,3,[0.29411765 0.52941176 0.71470588 0.85764706],3
568,61749,61749,9,"[1.         1.8        2.43       2.916      3.2805     3.54294
 3.720087   3.8263752  3.87420489]",8
569,76131,76131,60,"[0.25       0.45       0.6075     0.729      0.820125   0.885735
 0.93002175 0.9565938  0.96855122 0.96855122 0.95886571 0.94143179
 0.91789599 0.88965304 0.85787972 0.82356453 0.78753358 0.75047318
 0.71294952 0.67542586 0.63827744 0.60180444 0.56624327 0.53177629
 0.49854027 0.46663369 0.43612303 0.40704816 0.37942703 0.35325965
 0.32853148 0.30521634 0.28327892 0.26267681 0.24336234 0.225284
 0.2083877  0.19261782 0.17791804 0.16423203 0.15150405 0.13967934
 0.12870454 0.1185279  0.10909954 0.10037158 0.09229821 0.08483581
 0.0779429  0.07158021 0.06571063 0.06029917 0.05531289 0.05072088
 0.04649414 0.04260554 0.03902972 0.035743   0.03272334 0.02995017
 0.02740441]",60
570,213977,213977,1,[1.  1.8],1
571,319672,319672,3,[0.29411765 0.52941176 0.71470588 0.85764706],3
572,95139,95139,1,[1.  1.8],1
573,91689,91689,9,"[1.         1.8        2.43       2.916      3.2805     3.54294
 3.720087   3.8263752  3.87420489]",8
574,24402,24402,9,"[1.         1.8        2.43       2.916      3.2805     3.54294
 3.720087   3.8263752  3.87420489]",8
575,144074,144074,3,[0.29411765 0.52941176 0.71470588 0.85764706],3
576,142792,142792,30,"[0.25       0.45       0.6075     0.729      0.820125   0.885735
 0.93002175 0.9565938  0.96855122 0.96855122 0.95886571 0.94143179
 0.91789599 0.88965304 0.85787972 0.82356453 0.78753358 0.75047318
 0.71294952 0.67542586 0.63827744 0.60180444 0.56624327 0.53177629
 0.49854027 0.46663369 0.43612303 0.40704816 0.37942703 0.35325965
 0.32853148]",30
577,20299,20299,30,"[0.25       0.45       0.6075     0.729      0.820125   0.885735
 0.93002175 0.9565938  0.96855122 0.96855122 0.95886571 0.94143179
 0.91789599 0.88965304 0.85787972 0.82356453 0.78753358 0.75047318
 0.71294952 0.67542586 0.63827744 0.60180444 0.56624327 0.53177629
 0.49854027 0.46663369 0.43612303 0.40704816 0.37942703 0.35325965
 0.32853148]",30
578,308539,308539,1,[1.  1.8],1
579,218396,218396,9,"[1.         1.8        2.43       2.916      3.2805     3.54294
 3.720087   3.8263752  3.87420489]",8
580,316193,316193,9,"[1.         1.8        2.43       2.916      3.2805     3.54294
 3.720087   3.8263752  3.87420489]",8
581,219907,219907,30,"[0.25       0.45       0.6075     0.729      0.820125   0.885735
 0.93002175 0.9565938  0.96855122 0.96855122 0.95886571 0.94143179
 0.91789599 0.88965304 0.85787972 0.82356453 0.78753358 0.75047318
 0.71294952 0.67542586 0.63827744 0.60180444 0.56624327 0.53177629
 0.49854027 0.46663369 0.43612303 0.40704816 0.37942703 0.35325965
 0.32853148]",30
582,244524,244524,30,"[0.25       0.45       0.6075     0.729      0.820125   0.885735
 0.93002175 0.9565938  0.96855122 0.96855122 0.95886571 0.94143179
 0.91789599 0.88965304 0.85787972 0.82356453 0.78753358 0.75047318
 0.71294952 0.67542586 0.63827744 0.60180444 0.56624327 0.53177629
 0.49854027 0.46663369 0.43612303 0.40704816 0.37942703 0.35325965
 0.32853148]",30
583,222734,222734,30,"[0.25       0.45       0.6075     0.729      0.820125   0.885735
 0.93002175 0.9565938  0.96855122 0.96855122 0.95886571 0.94143179
 0.91789599 0.88965304 0.85787972 0.82356453 0.78753358 0.75047318
 0.71294952 0.67542586 0.63827744 0.60180444 0.56624327 0.53177629
 0.49854027 0.46663369 0.43612303 0.40704816 0.37942703 0.35325965
 0.32853148]",30
584,44572,44572,9,"[1.         1.8        2.43       2.916      3.2805     3.54294
 3.720087   3.8263752  3.87420489]",8
585,147193,147193,9,"[1.         1.8        2.43       2.916      3.2805     3.54294
 3.720087   3.8263752  3.87420489]",8
586,42593,42593,60,"[0.25       0.45       0.6075     0.729      0.820125   0.885735
 0.93002175 0.9565938  0.96855122 0.96855122 0.95886571 0.94143179
 0.91789599 0.88965304 0.85787972 0.82356453 0.78753358 0.75047318
 0.71294952 0.67542586 0.63827744 0.60180444 0.56624327 0.53177629
 0.49854027 0.46663369 0.43612303 0.40704816 0.37942703 0.35325965
 0.32853148 0.30521634 0.28327892 0.26267681 0.24336234 0.225284
 0.2083877  0.19261782 0.17791804 0.16423203 0.15150405 0.13967934
 0.12870454 0.1185279  0.10909954 0.10037158 0.09229821 0.08483581
 0.0779429  0.07158021 0.06571063 0.06029917 0.05531289 0.05072088
 0.04649414 0.04260554 0.03902972 0.035743   0.03272334 0.02995017
 0.02740441]",60
587,14998,14998,9,"[1.         1.8        2.43       2.916      3.2805     3.54294
 3.720087   3.8263752  3.87420489]",8
588,63892,63892,60,"[0.25       0.45       0.6075     0.729      0.820125   0.885735
 0.93002175 0.9565938  0.96855122 0.96855122 0.95886571 0.94143179
 0.91789599 0.88965304 0.85787972 0.82356453 0.78753358 0.75047318
 0.71294952 0.67542586 0.63827744 0.60180444 0.56624327 0.53177629
 0.49854027 0.46663369 0.43612303 0.40704816 0.37942703 0.35325965
 0.32853148 0.30521634 0.28327892 0.26267681 0.24336234 0.225284
 0.2083877  0.19261782 0.17791804 0.16423203 0.15150405 0.13967934
 0.12870454 0.1185279  0.10909954 0.10037158 0.09229821 0.08483581
 0.0779429  0.07158021 0.06571063 0.06029917 0.05531289 0.05072088
 0.04649414 0.04260554 0.03902972 0.035743   0.03272334 0.02995017
 0.02740441]",60
589,208217,208217,30,"[0.25       0.45       0.6075     0.729      0.820125   0.885735
 0.93002175 0.9565938  0.96855122 0.96855122 0.95886571 0.94143179
 0.91789599 0.88965304 0.85787972 0.82356453 0.78753358 0.75047318
 0.71294952 0.67542586 0.63827744 0.60180444 0.56624327 0.53177629
 0.49854027 0.46663369 0.43612303 0.40704816 0.37942703 0.35325965
 0.32853148]",30
590,127692,127692,9,"[1.         1.8        2.43       2.916      3.2805     3.54294
 3.720087   3.8263752  3.87420489]",8
591,305794,305794,9,"[1.         1.8        2.43       2.916      3.2805     3.54294
 3.720087   3.8263752  3.87420489]",8
592,216899,216899,9,"[1.         1.8        2.43       2.916      3.2805     3.54294
 3.720087   3.8263752  3.87420489]",8
593,306875,306875,3,[0.29411765 0.52941176 0.71470588 0.85764706],3
594,232080,232080,3,[0.29411765 0.52941176 0.71470588 0.85764706],3
595,101521,101521,60,"[0.25       0.45       0.6075     0.729      0.820125   0.885735
 0.93002175 0.9565938  0.96855122 0.96855122 0.95886571 0.94143179
 0.91789599 0.88965304 0.85787972 0.82356453 0.78753358 0.75047318
 0.71294952 0.67542586 0.63827744 0.60180444 0.56624327 0.53177629
 0.49854027 0.46663369 0.43612303 0.40704816 0.37942703 0.35325965
 0.32853148 0.30521634 0.28327892 0.26267681 0.24336234 0.225284
 0.2083877  0.19261782 0.17791804 0.16423203 0.15150405 0.13967934
 0.12870454 0.1185279  0.10909954 0.10037158 0.09229821 0.08483581
 0.0779429  0.07158021 0.06571063 0.06029917 0.05531289 0.05072088
 0.04649414 0.04260554 0.03902972 0.035743   0.03272334 0.02995017
 0.02740441]",60
596,22042,22042,1,[1.  1.8],1
597,104629,104629,60,"[0.25       0.45       0.6075     0.729      0.820125   0.885735
 0.93002175 0.9565938  0.96855122 0.96855122 0.95886571 0.94143179
 0.91789599 0.88965304 0.85787972 0.82356453 0.78753358 0.75047318
 0.71294952 0.67542586 0.63827744 0.60180444 0.56624327 0.53177629
 0.49854027 0.46663369 0.43612303 0.40704816 0.37942703 0.35325965
 0.32853148 0.30521634 0.28327892 0.26267681 0.24336234 0.225284
 0.2083877  0.19261782 0.17791804 0.16423203 0.15150405 0.13967934
 0.12870454 0.1185279  0.10909954 0.10037158 0.09229821 0.08483581
 0.0779429  0.07158021 0.06571063 0.06029917 0.05531289 0.05072088
 0.04649414 0.04260554 0.03902972 0.035743   0.03272334 0.02995017
 0.02740441]",60
598,163157,163157,1,[1.  1.8],1
599,235976,235976,9,"[1.         1.8        2.43       2.916      3.2805     3.54294
 3.720087   3.8263752  3.87420489]",8
600,151641,151641,60,"[0.25       0.45       0.6075     0.729      0.820125   0.885735
 0.93002175 0.9565938  0.96855122 0.96855122 0.95886571 0.94143179
 0.91789599 0.88965304 0.85787972 0.82356453 0.78753358 0.75047318
 0.71294952 0.67542586 0.63827744 0.60180444 0.56624327 0.53177629
 0.49854027 0.46663369 0.43612303 0.40704816 0.37942703 0.35325965
 0.32853148 0.30521634 0.28327892 0.26267681 0.24336234 0.225284
 0.2083877  0.19261782 0.17791804 0.16423203 0.15150405 0.13967934
 0.12870454 0.1185279  0.10909954 0.10037158 0.09229821 0.08483581
 0.0779429  0.07158021 0.06571063 0.06029917 0.05531289 0.05072088
 0.04649414 0.04260554 0.03902972 0.035743   0.03272334 0.02995017
 0.02740441]",60
601,23050,23050,3,[0.29411765 0.52941176 0.71470588 0.85764706],3
602,47511,47511,30,"[0.25       0.45       0.6075     0.729      0.820125   0.885735
 0.93002175 0.9565938  0.96855122 0.96855122 0.95886571 0.94143179
 0.91789599 0.88965304 0.85787972 0.82356453 0.78753358 0.75047318
 0.71294952 0.67542586 0.63827744 0.60180444 0.56624327 0.53177629
 0.49854027 0.46663369 0.43612303 0.40704816 0.37942703 0.35325965
 0.32853148]",30
603,334418,334418,30,"[0.25       0.45       0.6075     0.729      0.820125   0.885735
 0.93002175 0.9565938  0.96855122 0.96855122 0.95886571 0.94143179
 0.91789599 0.88965304 0.85787972 0.82356453 0.78753358 0.75047318
 0.71294952 0.67542586 0.63827744 0.60180444 0.56624327 0.53177629
 0.49854027 0.46663369 0.43612303 0.40704816 0.37942703 0.35325965
 0.32853148]",30
604,95957,95957,30,"[0.25       0.45       0.6075     0.729      0.820125   0.885735
 0.93002175 0.9565938  0.96855122 0.96855122 0.95886571 0.94143179
 0.91789599 0.88965304 0.85787972 0.82356453 0.78753358 0.75047318
 0.71294952 0.67542586 0.63827744 0.60180444 0.56624327 0.53177629
 0.49854027 0.46663369 0.43612303 0.40704816 0.37942703 0.35325965
 0.32853148]",30
605,55572,55572,3,[0.29411765 0.52941176 0.71470588 0.85764706],3
606,212327,212327,9,"[1.         1.8        2.43       2.916      3.2805     3.54294
 3.720087   3.8263752  3.87420489]",8
607,67498,67498,6,[1.       1.8      2.43     2.916    3.2805   3.54294  3.720087],6
608,31490,31490,1,[1.  1.8],1
609,102734,102734,6,[1.       1.8      2.43     2.916    3.2805   3.54294  3.720087],6
610,235503,235503,3,[0.29411765 0.52941176 0.71470588 0.85764706],3
611,68966,68966,30,"[0.25       0.45       0.6075     0.729      0.820125   0.885735
 0.93002175 0.9565938  0.96855122 0.96855122 0.95886571 0.94143179
 0.91789599 0.88965304 0.85787972 0.82356453 0.78753358 0.75047318
 0.71294952 0.67542586 0.63827744 0.60180444 0.56624327 0.53177629
 0.49854027 0.46663369 0.43612303 0.40704816 0.37942703 0.35325965
 0.32853148]",30
612,136750,136750,60,"[0.25       0.45       0.6075     0.729      0.820125   0.885735
 0.93002175 0.9565938  0.96855122 0.96855122 0.95886571 0.94143179
 0.91789599 0.88965304 0.85787972 0.82356453 0.78753358 0.75047318
 0.71294952 0.67542586 0.63827744 0.60180444 0.56624327 0.53177629
 0.49854027 0.46663369 0.43612303 0.40704816 0.37942703 0.35325965
 0.32853148 0.30521634 0.28327892 0.26267681 0.24336234 0.225284
 0.2083877  0.19261782 0.17791804 0.16423203 0.15150405 0.13967934
 0.12870454 0.1185279  0.10909954 0.10037158 0.09229821 0.08483581
 0.0779429  0.07158021 0.06571063 0.06029917 0.05531289 0.05072088
 0.04649414 0.04260554 0.03902972 0.035743   0.03272334 0.02995017
 0.02740441]",60
613,179872,179872,60,"[0.25       0.45       0.6075     0.729      0.820125   0.885735
 0.93002175 0.9565938  0.96855122 0.96855122 0.95886571 0.94143179
 0.91789599 0.88965304 0.85787972 0.82356453 0.78753358 0.75047318
 0.71294952 0.67542586 0.63827744 0.60180444 0.56624327 0.53177629
 0.49854027 0.46663369 0.43612303 0.40704816 0.37942703 0.35325965
 0.32853148 0.30521634 0.28327892 0.26267681 0.24336234 0.225284
 0.2083877  0.19261782 0.17791804 0.16423203 0.15150405 0.13967934
 0.12870454 0.1185279  0.10909954 0.10037158 0.09229821 0.08483581
 0.0779429  0.07158021 0.06571063 0.06029917 0.05531289 0.05072088
 0.04649414 0.04260554 0.03902972 0.035743   0.03272334 0.02995017
 0.02740441]",60
614,224218,224218,30,"[0.25       0.45       0.6075     0.729      0.820125   0.885735
 0.93002175 0.9565938  0.96855122 0.96855122 0.95886571 0.94143179
 0.91789599 0.88965304 0.85787972 0.82356453 0.78753358 0.75047318
 0.71294952 0.67542586 0.63827744 0.60180444 0.56624327 0.53177629
 0.49854027 0.46663369 0.43612303 0.40704816 0.37942703 0.35325965
 0.32853148]",30
615,142253,142253,1,[1.  1.8],1
616,246692,246692,6,[1.       1.8      2.43     2.916    3.2805   3.54294  3.720087],6
617,30400,30400,6,[1.       1.8      2.43     2.916    3.2805   3.54294  3.720087],6
618,205396,205396,3,[0.29411765 0.52941176 0.71470588 0.85764706],3
619,207411,207411,6,[1.       1.8      2.43     2.916    3.2805   3.54294  3.720087],6
620,260619,260619,9,"[1.         1.8        2.43       2.916      3.2805     3.54294
 3.720087   3.8263752  3.87420489]",8
621,153565,153565,1,[1.  1.8],1
622,237825,237825,30,"[0.25       0.45       0.6075     0.729      0.820125   0.885735
 0.93002175 0.9565938  0.96855122 0.96855122 0.95886571 0.94143179
 0.91789599 0.88965304 0.85787972 0.82356453 0.78753358 0.75047318
 0.71294952 0.67542586 0.63827744 0.60180444 0.56624327 0.53177629
 0.49854027 0.46663369 0.43612303 0.40704816 0.37942703 0.35325965
 0.32853148]",30
623,305607,305607,9,"[1.         1.8        2.43       2.916      3.2805     3.54294
 3.720087   3.8263752  3.87420489]",8
624,303533,303533,60,"[0.25       0.45       0.6075     0.729      0.820125   0.885735
 0.93002175 0.9565938  0.96855122 0.96855122 0.95886571 0.94143179
 0.91789599 0.88965304 0.85787972 0.82356453 0.78753358 0.75047318
 0.71294952 0.67542586 0.63827744 0.60180444 0.56624327 0.53177629
 0.49854027 0.46663369 0.43612303 0.40704816 0.37942703 0.35325965
 0.32853148 0.30521634 0.28327892 0.26267681 0.24336234 0.225284
 0.2083877  0.19261782 0.17791804 0.16423203 0.15150405 0.13967934
 0.12870454 0.1185279  0.10909954 0.10037158 0.09229821 0.08483581
 0.0779429  0.07158021 0.06571063 0.06029917 0.05531289 0.05072088
 0.04649414 0.04260554 0.03902972 0.035743   0.03272334 0.02995017
 0.02740441]",60
625,276330,276330,1,[1.  1.8],1
626,105158,105158,30,"[0.25       0.45       0.6075     0.729      0.820125   0.885735
 0.93002175 0.9565938  0.96855122 0.96855122 0.95886571 0.94143179
 0.91789599 0.88965304 0.85787972 0.82356453 0.78753358 0.75047318
 0.71294952 0.67542586 0.63827744 0.60180444 0.56624327 0.53177629
 0.49854027 0.46663369 0.43612303 0.40704816 0.37942703 0.35325965
 0.32853148]",30
627,56965,56965,3,[0.29411765 0.52941176 0.71470588 0.85764706],3
628,300387,300387,3,[0.29411765 0.52941176 0.71470588 0.85764706],3
629,18862,18862,9,"[1.         1.8        2.43       2.916      3.2805     3.54294
 3.720087   3.8263752  3.87420489]",8
630,339512,339512,9,"[1.         1.8        2.43       2.916      3.2805     3.54294
 3.720087   3.8263752  3.87420489]",8
631,174017,174017,3,[0.29411765 0.52941176 0.71470588 0.85764706],3
632,128610,128610,30,"[0.25       0.45       0.6075     0.729      0.820125   0.885735
 0.93002175 0.9565938  0.96855122 0.96855122 0.95886571 0.94143179
 0.91789599 0.88965304 0.85787972 0.82356453 0.78753358 0.75047318
 0.71294952 0.67542586 0.63827744 0.60180444 0.56624327 0.53177629
 0.49854027 0.46663369 0.43612303 0.40704816 0.37942703 0.35325965
 0.32853148]",30
633,347325,347325,1,[1.  1.8],1
634,139761,139761,1,[1.  1.8],1
635,185456,185456,6,[1.       1.8      2.43     2.916    3.2805   3.54294  3.720087],6
636,191739,191739,60,"[0.25       0.45       0.6075     0.729      0.820125   0.885735
 0.93002175 0.9565938  0.96855122 0.96855122 0.95886571 0.94143179
 0.91789599 0.88965304 0.85787972 0.82356453 0.78753358 0.75047318
 0.71294952 0.67542586 0.63827744 0.60180444 0.56624327 0.53177629
 0.49854027 0.46663369 0.43612303 0.40704816 0.37942703 0.35325965
 0.32853148 0.30521634 0.28327892 0.26267681 0.24336234 0.225284
 0.2083877  0.19261782 0.17791804 0.16423203 0.15150405 0.13967934
 0.12870454 0.1185279  0.10909954 0.10037158 0.09229821 0.08483581
 0.0779429  0.07158021 0.06571063 0.06029917 0.05531289 0.05072088
 0.04649414 0.04260554 0.03902972 0.035743   0.03272334 0.02995017
 0.02740441]",60
637,68457,68457,9,"[1.         1.8        2.43       2.916      3.2805     3.54294
 3.720087   3.8263752  3.87420489]",8
638,132859,132859,1,[1.  1.8],1
639,265584,265584,6,[1.       1.8      2.43     2.916    3.2805   3.54294  3.720087],6
640,67786,67786,1,[1.  1.8],1
641,67462,67462,3,[0.29411765 0.52941176 0.71470588 0.85764706],3
642,241449,241449,1,[1.  1.8],1
643,229546,229546,9,"[1.         1.8        2.43       2.916      3.2805     3.54294
 3.720087   3.8263752  3.87420489]",8
644,325446,325446,6,[1.       1.8      2.43     2.916    3.2805   3.54294  3.720087],6
645,295131,295131,30,"[0.25       0.45       0.6075     0.729      0.820125   0.885735
 0.93002175 0.9565938  0.96855122 0.96855122 0.95886571 0.94143179
 0.91789599 0.88965304 0.85787972 0.82356453 0.78753358 0.75047318
 0.71294952 0.67542586 0.63827744 0.60180444 0.56624327 0.53177629
 0.49854027 0.46663369 0.43612303 0.40704816 0.37942703 0.35325965
 0.32853148]",30
646,158827,158827,1,[1.  1.8],1
647,103696,103696,1,[1.  1.8],1
648,189156,189156,3,[0.29411765 0.52941176 0.71470588 0.85764706],3
649,21969,21969,6,[1.       1.8      2.43     2.916    3.2805   3.54294  3.720087],6
650,255446,255446,30,"[0.25       0.45       0.6075     0.729      0.820125   0.885735
 0.93002175 0.9565938  0.96855122 0.96855122 0.95886571 0.94143179
 0.91789599 0.88965304 0.85787972 0.82356453 0.78753358 0.75047318
 0.71294952 0.67542586 0.63827744 0.60180444 0.56624327 0.53177629
 0.49854027 0.46663369 0.43612303 0.40704816 0.37942703 0.35325965
 0.32853148]",30
651,236128,236128,6,[1.       1.8      2.43     2.916    3.2805   3.54294  3.720087],6
652,151267,151267,3,[0.29411765 0.52941176 0.71470588 0.85764706],3
653,93961,93961,6,[1.       1.8      2.43     2.916    3.2805   3.54294  3.720087],6
654,76992,76992,3,[0.29411765 0.52941176 0.71470588 0.85764706],3
655,81551,81551,30,"[0.25       0.45       0.6075     0.729      0.820125   0.885735
 0.93002175 0.9565938  0.96855122 0.96855122 0.95886571 0.94143179
 0.91789599 0.88965304 0.85787972 0.82356453 0.78753358 0.75047318
 0.71294952 0.67542586 0.63827744 0.60180444 0.56624327 0.53177629
 0.49854027 0.46663369 0.43612303 0.40704816 0.37942703 0.35325965
 0.32853148]",30
656,120858,120858,6,[1.       1.8      2.43     2.916    3.2805   3.54294  3.720087],6
657,50677,50677,30,"[0.25       0.45       0.6075     0.729      0.820125   0.885735
 0.93002175 0.9565938  0.96855122 0.96855122 0.95886571 0.94143179
 0.91789599 0.88965304 0.85787972 0.82356453 0.78753358 0.75047318
 0.71294952 0.67542586 0.63827744 0.60180444 0.56624327 0.53177629
 0.49854027 0.46663369 0.43612303 0.40704816 0.37942703 0.35325965
 0.32853148]",30
658,109383,109383,60,"[0.25       0.45       0.6075     0.729      0.820125   0.885735
 0.93002175 0.9565938  0.96855122 0.96855122 0.95886571 0.94143179
 0.91789599 0.88965304 0.85787972 0.82356453 0.78753358 0.75047318
 0.71294952 0.67542586 0.63827744 0.60180444 0.56624327 0.53177629
 0.49854027 0.46663369 0.43612303 0.40704816 0.37942703 0.35325965
 0.32853148 0.30521634 0.28327892 0.26267681 0.24336234 0.225284
 0.2083877  0.19261782 0.17791804 0.16423203 0.15150405 0.13967934
 0.12870454 0.1185279  0.10909954 0.10037158 0.09229821 0.08483581
 0.0779429  0.07158021 0.06571063 0.06029917 0.05531289 0.05072088
 0.04649414 0.04260554 0.03902972 0.035743   0.03272334 0.02995017
 0.02740441]",60
659,155130,155130,3,[0.29411765 0.52941176 0.71470588 0.85764706],3
660,116300,116300,60,"[0.25       0.45       0.6075     0.729      0.820125   0.885735
 0.93002175 0.9565938  0.96855122 0.96855122 0.95886571 0.94143179
 0.91789599 0.88965304 0.85787972 0.82356453 0.78753358 0.75047318
 0.71294952 0.67542586 0.63827744 0.60180444 0.56624327 0.53177629
 0.49854027 0.46663369 0.43612303 0.40704816 0.37942703 0.35325965
 0.32853148 0.30521634 0.28327892 0.26267681 0.24336234 0.225284
 0.2083877  0.19261782 0.17791804 0.16423203 0.15150405 0.13967934
 0.12870454 0.1185279  0.10909954 0.10037158 0.09229821 0.08483581
 0.0779429  0.07158021 0.06571063 0.06029917 0.05531289 0.05072088
 0.04649414 0.04260554 0.03902972 0.035743   0.03272334 0.02995017
 0.02740441]",60
661,195757,195757,1,[1.  1.8],1
662,50061,50061,1,[1.  1.8],1
663,22116,22116,3,[0.29411765 0.52941176 0.71470588 0.85764706],3
664,231048,231048,1,[1.  1.8],1
665,36055,36055,30,"[0.25       0.45       0.6075     0.729      0.820125   0.885735
 0.93002175 0.9565938  0.96855122 0.96855122 0.95886571 0.94143179
 0.91789599 0.88965304 0.85787972 0.82356453 0.78753358 0.75047318
 0.71294952 0.67542586 0.63827744 0.60180444 0.56624327 0.53177629
 0.49854027 0.46663369 0.43612303 0.40704816 0.37942703 0.35325965
 0.32853148]",30
666,322106,322106,3,[0.29411765 0.52941176 0.71470588 0.85764706],3
667,149005,149005,6,[1.       1.8      2.43     2.916    3.2805   3.54294  3.720087],6
668,291156,291156,6,[1.       1.8      2.43     2.916    3.2805   3.54294  3.720087],6
669,211640,211640,1,[1.  1.8],1
670,54623,54623,6,[1.       1.8      2.43     2.916    3.2805   3.54294  3.720087],6
671,215360,215360,60,"[0.25       0.45       0.6075     0.729      0.820125   0.885735
 0.93002175 0.9565938  0.96855122 0.96855122 0.95886571 0.94143179
 0.91789599 0.88965304 0.85787972 0.82356453 0.78753358 0.75047318
 0.71294952 0.67542586 0.63827744 0.60180444 0.56624327 0.53177629
 0.49854027 0.46663369 0.43612303 0.40704816 0.37942703 0.35325965
 0.32853148 0.30521634 0.28327892 0.26267681 0.24336234 0.225284
 0.2083877  0.19261782 0.17791804 0.16423203 0.15150405 0.13967934
 0.12870454 0.1185279  0.10909954 0.10037158 0.09229821 0.08483581
 0.0779429  0.07158021 0.06571063 0.06029917 0.05531289 0.05072088
 0.04649414 0.04260554 0.03902972 0.035743   0.03272334 0.02995017
 0.02740441]",60
672,170997,170997,9,"[1.         1.8        2.43       2.916      3.2805     3.54294
 3.720087   3.8263752  3.87420489]",8
673,115984,115984,6,[1.       1.8      2.43     2.916    3.2805   3.54294  3.720087],6
674,305344,305344,3,[0.29411765 0.52941176 0.71470588 0.85764706],3
675,223797,223797,9,"[1.         1.8        2.43       2.916      3.2805     3.54294
 3.720087   3.8263752  3.87420489]",8
676,6002,6002,30,"[0.25       0.45       0.6075     0.729      0.820125   0.885735
 0.93002175 0.9565938  0.96855122 0.96855122 0.95886571 0.94143179
 0.91789599 0.88965304 0.85787972 0.82356453 0.78753358 0.75047318
 0.71294952 0.67542586 0.63827744 0.60180444 0.56624327 0.53177629
 0.49854027 0.46663369 0.43612303 0.40704816 0.37942703 0.35325965
 0.32853148]",30
677,336080,336080,30,"[0.25       0.45       0.6075     0.729      0.820125   0.885735
 0.93002175 0.9565938  0.96855122 0.96855122 0.95886571 0.94143179
 0.91789599 0.88965304 0.85787972 0.82356453 0.78753358 0.75047318
 0.71294952 0.67542586 0.63827744 0.60180444 0.56624327 0.53177629
 0.49854027 0.46663369 0.43612303 0.40704816 0.37942703 0.35325965
 0.32853148]",30
678,171976,171976,30,"[0.25       0.45       0.6075     0.729      0.820125   0.885735
 0.93002175 0.9565938  0.96855122 0.96855122 0.95886571 0.94143179
 0.91789599 0.88965304 0.85787972 0.82356453 0.78753358 0.75047318
 0.71294952 0.67542586 0.63827744 0.60180444 0.56624327 0.53177629
 0.49854027 0.46663369 0.43612303 0.40704816 0.37942703 0.35325965
 0.32853148]",30
679,276778,276778,9,"[1.         1.8        2.43       2.916      3.2805     3.54294
 3.720087   3.8263752  3.87420489]",8
680,328135,328135,6,[1.       1.8      2.43     2.916    3.2805   3.54294  3.720087],6
681,51251,51251,9,"[1.         1.8        2.43       2.916      3.2805     3.54294
 3.720087   3.8263752  3.87420489]",8
682,4310,4310,6,[1.       1.8      2.43     2.916    3.2805   3.54294  3.720087],6
683,247249,247249,6,[1.       1.8      2.43     2.916    3.2805   3.54294  3.720087],6
684,344028,344028,60,"[0.25       0.45       0.6075     0.729      0.820125   0.885735
 0.93002175 0.9565938  0.96855122 0.96855122 0.95886571 0.94143179
 0.91789599 0.88965304 0.85787972 0.82356453 0.78753358 0.75047318
 0.71294952 0.67542586 0.63827744 0.60180444 0.56624327 0.53177629
 0.49854027 0.46663369 0.43612303 0.40704816 0.37942703 0.35325965
 0.32853148 0.30521634 0.28327892 0.26267681 0.24336234 0.225284
 0.2083877  0.19261782 0.17791804 0.16423203 0.15150405 0.13967934
 0.12870454 0.1185279  0.10909954 0.10037158 0.09229821 0.08483581
 0.0779429  0.07158021 0.06571063 0.06029917 0.05531289 0.05072088
 0.04649414 0.04260554 0.03902972 0.035743   0.03272334 0.02995017
 0.02740441]",60
685,230678,230678,6,[1.       1.8      2.43     2.916    3.2805   3.54294  3.720087],6
686,83822,83822,30,"[0.25       0.45       0.6075     0.729      0.820125   0.885735
 0.93002175 0.9565938  0.96855122 0.96855122 0.95886571 0.94143179
 0.91789599 0.88965304 0.85787972 0.82356453 0.78753358 0.75047318
 0.71294952 0.67542586 0.63827744 0.60180444 0.56624327 0.53177629
 0.49854027 0.46663369 0.43612303 0.40704816 0.37942703 0.35325965
 0.32853148]",30
687,64858,64858,60,"[0.25       0.45       0.6075     0.729      0.820125   0.885735
 0.93002175 0.9565938  0.96855122 0.96855122 0.95886571 0.94143179
 0.91789599 0.88965304 0.85787972 0.82356453 0.78753358 0.75047318
 0.71294952 0.67542586 0.63827744 0.60180444 0.56624327 0.53177629
 0.49854027 0.46663369 0.43612303 0.40704816 0.37942703 0.35325965
 0.32853148 0.30521634 0.28327892 0.26267681 0.24336234 0.225284
 0.2083877  0.19261782 0.17791804 0.16423203 0.15150405 0.13967934
 0.12870454 0.1185279  0.10909954 0.10037158 0.09229821 0.08483581
 0.0779429  0.07158021 0.06571063 0.06029917 0.05531289 0.05072088
 0.04649414 0.04260554 0.03902972 0.035743   0.03272334 0.02995017
 0.02740441]",60
688,234619,234619,30,"[0.25       0.45       0.6075     0.729      0.820125   0.885735
 0.93002175 0.9565938  0.96855122 0.96855122 0.95886571 0.94143179
 0.91789599 0.88965304 0.85787972 0.82356453 0.78753358 0.75047318
 0.71294952 0.67542586 0.63827744 0.60180444 0.56624327 0.53177629
 0.49854027 0.46663369 0.43612303 0.40704816 0.37942703 0.35325965
 0.32853148]",30
689,189750,189750,1,[1.  1.8],1
690,139544,139544,9,"[1.         1.8        2.43       2.916      3.2805     3.54294
 3.720087   3.8263752  3.87420489]",8
691,186587,186587,6,[1.       1.8      2.43     2.916    3.2805   3.54294  3.720087],6
692,249326,249326,9,"[1.         1.8        2.43       2.916      3.2805     3.54294
 3.720087   3.8263752  3.87420489]",8
693,219545,219545,9,"[1.         1.8        2.43       2.916      3.2805     3.54294
 3.720087   3.8263752  3.87420489]",8
694,205187,205187,6,[1.       1.8      2.43     2.916    3.2805   3.54294  3.720087],6
695,192114,192114,60,"[0.25       0.45       0.6075     0.729      0.820125   0.885735
 0.93002175 0.9565938  0.96855122 0.96855122 0.95886571 0.94143179
 0.91789599 0.88965304 0.85787972 0.82356453 0.78753358 0.75047318
 0.71294952 0.67542586 0.63827744 0.60180444 0.56624327 0.53177629
 0.49854027 0.46663369 0.43612303 0.40704816 0.37942703 0.35325965
 0.32853148 0.30521634 0.28327892 0.26267681 0.24336234 0.225284
 0.2083877  0.19261782 0.17791804 0.16423203 0.15150405 0.13967934
 0.12870454 0.1185279  0.10909954 0.10037158 0.09229821 0.08483581
 0.0779429  0.07158021 0.06571063 0.06029917 0.05531289 0.05072088
 0.04649414 0.04260554 0.03902972 0.035743   0.03272334 0.02995017
 0.02740441]",60
696,159867,159867,1,[1.  1.8],1
697,48373,48373,6,[1.       1.8      2.43     2.916    3.2805   3.54294  3.720087],6
698,8892,8892,60,"[0.25       0.45       0.6075     0.729      0.820125   0.885735
 0.93002175 0.9565938  0.96855122 0.96855122 0.95886571 0.94143179
 0.91789599 0.88965304 0.85787972 0.82356453 0.78753358 0.75047318
 0.71294952 0.67542586 0.63827744 0.60180444 0.56624327 0.53177629
 0.49854027 0.46663369 0.43612303 0.40704816 0.37942703 0.35325965
 0.32853148 0.30521634 0.28327892 0.26267681 0.24336234 0.225284
 0.2083877  0.19261782 0.17791804 0.16423203 0.15150405 0.13967934
 0.12870454 0.1185279  0.10909954 0.10037158 0.09229821 0.08483581
 0.0779429  0.07158021 0.06571063 0.06029917 0.05531289 0.05072088
 0.04649414 0.04260554 0.03902972 0.035743   0.03272334 0.02995017
 0.02740441]",60
699,99397,99397,3,[0.29411765 0.52941176 0.71470588 0.85764706],3
700,11731,11731,3,[0.29411765 0.52941176 0.71470588 0.85764706],3
701,290500,290500,60,"[0.25       0.45       0.6075     0.729      0.820125   0.885735
 0.93002175 0.9565938  0.96855122 0.96855122 0.95886571 0.94143179
 0.91789599 0.88965304 0.85787972 0.82356453 0.78753358 0.75047318
 0.71294952 0.67542586 0.63827744 0.60180444 0.56624327 0.53177629
 0.49854027 0.46663369 0.43612303 0.40704816 0.37942703 0.35325965
 0.32853148 0.30521634 0.28327892 0.26267681 0.24336234 0.225284
 0.2083877  0.19261782 0.17791804 0.16423203 0.15150405 0.13967934
 0.12870454 0.1185279  0.10909954 0.10037158 0.09229821 0.08483581
 0.0779429  0.07158021 0.06571063 0.06029917 0.05531289 0.05072088
 0.04649414 0.04260554 0.03902972 0.035743   0.03272334 0.02995017
 0.02740441]",60
702,97039,97039,1,[1.  1.8],1
703,228971,228971,30,"[0.25       0.45       0.6075     0.729      0.820125   0.885735
 0.93002175 0.9565938  0.96855122 0.96855122 0.95886571 0.94143179
 0.91789599 0.88965304 0.85787972 0.82356453 0.78753358 0.75047318
 0.71294952 0.67542586 0.63827744 0.60180444 0.56624327 0.53177629
 0.49854027 0.46663369 0.43612303 0.40704816 0.37942703 0.35325965
 0.32853148]",30
704,233700,233700,6,[1.       1.8      2.43     2.916    3.2805   3.54294  3.720087],6
705,251186,251186,3,[0.29411765 0.52941176 0.71470588 0.85764706],3
706,5353,5353,3,[0.29411765 0.52941176 0.71470588 0.85764706],3
707,42442,42442,9,"[1.         1.8        2.43       2.916      3.2805     3.54294
 3.720087   3.8263752  3.87420489]",8
708,54531,54531,9,"[1.         1.8        2.43       2.916      3.2805     3.54294
 3.720087   3.8263752  3.87420489]",8
709,157354,157354,1,[1.  1.8],1
710,153172,153172,6,[1.       1.8      2.43     2.916    3.2805   3.54294  3.720087],6
711,103762,103762,6,[1.       1.8      2.43     2.916    3.2805   3.54294  3.720087],6
712,142195,142195,1,[1.  1.8],1
713,52024,52024,6,[1.       1.8      2.43     2.916    3.2805   3.54294  3.720087],6
714,97530,97530,60,"[0.25       0.45       0.6075     0.729      0.820125   0.885735
 0.93002175 0.9565938  0.96855122 0.96855122 0.95886571 0.94143179
 0.91789599 0.88965304 0.85787972 0.82356453 0.78753358 0.75047318
 0.71294952 0.67542586 0.63827744 0.60180444 0.56624327 0.53177629
 0.49854027 0.46663369 0.43612303 0.40704816 0.37942703 0.35325965
 0.32853148 0.30521634 0.28327892 0.26267681 0.24336234 0.225284
 0.2083877  0.19261782 0.17791804 0.16423203 0.15150405 0.13967934
 0.12870454 0.1185279  0.10909954 0.10037158 0.09229821 0.08483581
 0.0779429  0.07158021 0.06571063 0.06029917 0.05531289 0.05072088
 0.04649414 0.04260554 0.03902972 0.035743   0.03272334 0.02995017
 0.02740441]",60
715,79230,79230,1,[1.  1.8],1
716,53296,53296,6,[1.       1.8      2.43     2.916    3.2805   3.54294  3.720087],6
717,316728,316728,9,"[1.         1.8        2.43       2.916      3.2805     3.54294
 3.720087   3.8263752  3.87420489]",8
718,78421,78421,60,"[0.25       0.45       0.6075     0.729      0.820125   0.885735
 0.93002175 0.9565938  0.96855122 0.96855122 0.95886571 0.94143179
 0.91789599 0.88965304 0.85787972 0.82356453 0.78753358 0.75047318
 0.71294952 0.67542586 0.63827744 0.60180444 0.56624327 0.53177629
 0.49854027 0.46663369 0.43612303 0.40704816 0.37942703 0.35325965
 0.32853148 0.30521634 0.28327892 0.26267681 0.24336234 0.225284
 0.2083877  0.19261782 0.17791804 0.16423203 0.15150405 0.13967934
 0.12870454 0.1185279  0.10909954 0.10037158 0.09229821 0.08483581
 0.0779429  0.07158021 0.06571063 0.06029917 0.05531289 0.05072088
 0.04649414 0.04260554 0.03902972 0.035743   0.03272334 0.02995017
 0.02740441]",60
719,308181,308181,9,"[1.         1.8        2.43       2.916      3.2805     3.54294
 3.720087   3.8263752  3.87420489]",8
720,306561,306561,3,[0.29411765 0.52941176 0.71470588 0.85764706],3
721,300426,300426,30,"[0.25       0.45       0.6075     0.729      0.820125   0.885735
 0.93002175 0.9565938  0.96855122 0.96855122 0.95886571 0.94143179
 0.91789599 0.88965304 0.85787972 0.82356453 0.78753358 0.75047318
 0.71294952 0.67542586 0.63827744 0.60180444 0.56624327 0.53177629
 0.49854027 0.46663369 0.43612303 0.40704816 0.37942703 0.35325965
 0.32853148]",30
722,122703,122703,9,"[1.         1.8        2.43       2.916      3.2805     3.54294
 3.720087   3.8263752  3.87420489]",8
723,25790,25790,6,[1.       1.8      2.43     2.916    3.2805   3.54294  3.720087],6
724,358,358,30,"[0.25       0.45       0.6075     0.729      0.820125   0.885735
 0.93002175 0.9565938  0.96855122 0.96855122 0.95886571 0.94143179
 0.91789599 0.88965304 0.85787972 0.82356453 0.78753358 0.75047318
 0.71294952 0.67542586 0.63827744 0.60180444 0.56624327 0.53177629
 0.49854027 0.46663369 0.43612303 0.40704816 0.37942703 0.35325965
 0.32853148]",30
725,295915,295915,30,"[0.25       0.45       0.6075     0.729      0.820125   0.885735
 0.93002175 0.9565938  0.96855122 0.96855122 0.95886571 0.94143179
 0.91789599 0.88965304 0.85787972 0.82356453 0.78753358 0.75047318
 0.71294952 0.67542586 0.63827744 0.60180444 0.56624327 0.53177629
 0.49854027 0.46663369 0.43612303 0.40704816 0.37942703 0.35325965
 0.32853148]",30
726,262831,262831,3,[0.29411765 0.52941176 0.71470588 0.85764706],3
727,31040,31040,9,"[1.         1.8        2.43       2.916      3.2805     3.54294
 3.720087   3.8263752  3.87420489]",8
728,171575,171575,60,"[0.25       0.45       0.6075     0.729      0.820125   0.885735
 0.93002175 0.9565938  0.96855122 0.96855122 0.95886571 0.94143179
 0.91789599 0.88965304 0.85787972 0.82356453 0.78753358 0.75047318
 0.71294952 0.67542586 0.63827744 0.60180444 0.56624327 0.53177629
 0.49854027 0.46663369 0.43612303 0.40704816 0.37942703 0.35325965
 0.32853148 0.30521634 0.28327892 0.26267681 0.24336234 0.225284
 0.2083877  0.19261782 0.17791804 0.16423203 0.15150405 0.13967934
 0.12870454 0.1185279  0.10909954 0.10037158 0.09229821 0.08483581
 0.0779429  0.07158021 0.06571063 0.06029917 0.05531289 0.05072088
 0.04649414 0.04260554 0.03902972 0.035743   0.03272334 0.02995017
 0.02740441]",60
729,8985,8985,30,"[0.25       0.45       0.6075     0.729      0.820125   0.885735
 0.93002175 0.9565938  0.96855122 0.96855122 0.95886571 0.94143179
 0.91789599 0.88965304 0.85787972 0.82356453 0.78753358 0.75047318
 0.71294952 0.67542586 0.63827744 0.60180444 0.56624327 0.53177629
 0.49854027 0.46663369 0.43612303 0.40704816 0.37942703 0.35325965
 0.32853148]",30
730,84362,84362,1,[1.  1.8],1
731,280278,280278,3,[0.29411765 0.52941176 0.71470588 0.85764706],3
732,307403,307403,9,"[1.         1.8        2.43       2.916      3.2805     3.54294
 3.720087   3.8263752  3.87420489]",8
733,155885,155885,3,[0.29411765 0.52941176 0.71470588 0.85764706],3
734,140227,140227,3,[0.29411765 0.52941176 0.71470588 0.85764706],3
735,321268,321268,1,[1.  1.8],1
736,218847,218847,6,[1.       1.8      2.43     2.916    3.2805   3.54294  3.720087],6
737,112037,112037,30,"[0.25       0.45       0.6075     0.729      0.820125   0.885735
 0.93002175 0.9565938  0.96855122 0.96855122 0.95886571 0.94143179
 0.91789599 0.88965304 0.85787972 0.82356453 0.78753358 0.75047318
 0.71294952 0.67542586 0.63827744 0.60180444 0.56624327 0.53177629
 0.49854027 0.46663369 0.43612303 0.40704816 0.37942703 0.35325965
 0.32853148]",30
738,224319,224319,9,"[1.         1.8        2.43       2.916      3.2805     3.54294
 3.720087   3.8263752  3.87420489]",8
739,265745,265745,3,[0.29411765 0.52941176 0.71470588 0.85764706],3
740,191584,191584,9,"[1.         1.8        2.43       2.916      3.2805     3.54294
 3.720087   3.8263752  3.87420489]",8
741,75803,75803,3,[0.29411765 0.52941176 0.71470588 0.85764706],3
742,330065,330065,3,[0.29411765 0.52941176 0.71470588 0.85764706],3
743,54577,54577,9,"[1.         1.8        2.43       2.916      3.2805     3.54294
 3.720087   3.8263752  3.87420489]",8
744,93417,93417,3,[0.29411765 0.52941176 0.71470588 0.85764706],3
745,166753,166753,60,"[0.25       0.45       0.6075     0.729      0.820125   0.885735
 0.93002175 0.9565938  0.96855122 0.96855122 0.95886571 0.94143179
 0.91789599 0.88965304 0.85787972 0.82356453 0.78753358 0.75047318
 0.71294952 0.67542586 0.63827744 0.60180444 0.56624327 0.53177629
 0.49854027 0.46663369 0.43612303 0.40704816 0.37942703 0.35325965
 0.32853148 0.30521634 0.28327892 0.26267681 0.24336234 0.225284
 0.2083877  0.19261782 0.17791804 0.16423203 0.15150405 0.13967934
 0.12870454 0.1185279  0.10909954 0.10037158 0.09229821 0.08483581
 0.0779429  0.07158021 0.06571063 0.06029917 0.05531289 0.05072088
 0.04649414 0.04260554 0.03902972 0.035743   0.03272334 0.02995017
 0.02740441]",60
746,11213,11213,1,[1.  1.8],1
747,169749,169749,60,"[0.25       0.45       0.6075     0.729      0.820125   0.885735
 0.93002175 0.9565938  0.96855122 0.96855122 0.95886571 0.94143179
 0.91789599 0.88965304 0.85787972 0.82356453 0.78753358 0.75047318
 0.71294952 0.67542586 0.63827744 0.60180444 0.56624327 0.53177629
 0.49854027 0.46663369 0.43612303 0.40704816 0.37942703 0.35325965
 0.32853148 0.30521634 0.28327892 0.26267681 0.24336234 0.225284
 0.2083877  0.19261782 0.17791804 0.16423203 0.15150405 0.13967934
 0.12870454 0.1185279  0.10909954 0.10037158 0.09229821 0.08483581
 0.0779429  0.07158021 0.06571063 0.06029917 0.05531289 0.05072088
 0.04649414 0.04260554 0.03902972 0.035743   0.03272334 0.02995017
 0.02740441]",60
748,205560,205560,1,[1.  1.8],1
749,92360,92360,6,[1.       1.8      2.43     2.916    3.2805   3.54294  3.720087],6
750,81503,81503,6,[1.       1.8      2.43     2.916    3.2805   3.54294  3.720087],6
751,109447,109447,3,[0.29411765 0.52941176 0.71470588 0.85764706],3
752,231086,231086,9,"[1.         1.8        2.43       2.916      3.2805     3.54294
 3.720087   3.8263752  3.87420489]",8
753,98932,98932,60,"[0.25       0.45       0.6075     0.729      0.820125   0.885735
 0.93002175 0.9565938  0.96855122 0.96855122 0.95886571 0.94143179
 0.91789599 0.88965304 0.85787972 0.82356453 0.78753358 0.75047318
 0.71294952 0.67542586 0.63827744 0.60180444 0.56624327 0.53177629
 0.49854027 0.46663369 0.43612303 0.40704816 0.37942703 0.35325965
 0.32853148 0.30521634 0.28327892 0.26267681 0.24336234 0.225284
 0.2083877  0.19261782 0.17791804 0.16423203 0.15150405 0.13967934
 0.12870454 0.1185279  0.10909954 0.10037158 0.09229821 0.08483581
 0.0779429  0.07158021 0.06571063 0.06029917 0.05531289 0.05072088
 0.04649414 0.04260554 0.03902972 0.035743   0.03272334 0.02995017
 0.02740441]",60
754,71358,71358,30,"[0.25       0.45       0.6075     0.729      0.820125   0.885735
 0.93002175 0.9565938  0.96855122 0.96855122 0.95886571 0.94143179
 0.91789599 0.88965304 0.85787972 0.82356453 0.78753358 0.75047318
 0.71294952 0.67542586 0.63827744 0.60180444 0.56624327 0.53177629
 0.49854027 0.46663369 0.43612303 0.40704816 0.37942703 0.35325965
 0.32853148]",30
755,117112,117112,60,"[0.25       0.45       0.6075     0.729      0.820125   0.885735
 0.93002175 0.9565938  0.96855122 0.96855122 0.95886571 0.94143179
 0.91789599 0.88965304 0.85787972 0.82356453 0.78753358 0.75047318
 0.71294952 0.67542586 0.63827744 0.60180444 0.56624327 0.53177629
 0.49854027 0.46663369 0.43612303 0.40704816 0.37942703 0.35325965
 0.32853148 0.30521634 0.28327892 0.26267681 0.24336234 0.225284
 0.2083877  0.19261782 0.17791804 0.16423203 0.15150405 0.13967934
 0.12870454 0.1185279  0.10909954 0.10037158 0.09229821 0.08483581
 0.0779429  0.07158021 0.06571063 0.06029917 0.05531289 0.05072088
 0.04649414 0.04260554 0.03902972 0.035743   0.03272334 0.02995017
 0.02740441]",60
756,330065,330065,30,"[0.25       0.45       0.6075     0.729      0.820125   0.885735
 0.93002175 0.9565938  0.96855122 0.96855122 0.95886571 0.94143179
 0.91789599 0.88965304 0.85787972 0.82356453 0.78753358 0.75047318
 0.71294952 0.67542586 0.63827744 0.60180444 0.56624327 0.53177629
 0.49854027 0.46663369 0.43612303 0.40704816 0.37942703 0.35325965
 0.32853148]",30
757,128854,128854,3,[0.29411765 0.52941176 0.71470588 0.85764706],3
758,71966,71966,60,"[0.25       0.45       0.6075     0.729      0.820125   0.885735
 0.93002175 0.9565938  0.96855122 0.96855122 0.95886571 0.94143179
 0.91789599 0.88965304 0.85787972 0.82356453 0.78753358 0.75047318
 0.71294952 0.67542586 0.63827744 0.60180444 0.56624327 0.53177629
 0.49854027 0.46663369 0.43612303 0.40704816 0.37942703 0.35325965
 0.32853148 0.30521634 0.28327892 0.26267681 0.24336234 0.225284
 0.2083877  0.19261782 0.17791804 0.16423203 0.15150405 0.13967934
 0.12870454 0.1185279  0.10909954 0.10037158 0.09229821 0.08483581
 0.0779429  0.07158021 0.06571063 0.06029917 0.05531289 0.05072088
 0.04649414 0.04260554 0.03902972 0.035743   0.03272334 0.02995017
 0.02740441]",60
759,102996,102996,1,[1.  1.8],1
760,325005,325005,6,[1.       1.8      2.43     2.916    3.2805   3.54294  3.720087],6
761,183105,183105,1,[1.  1.8],1
762,144660,144660,3,[0.29411765 0.52941176 0.71470588 0.85764706],3
763,121117,121117,6,[1.       1.8      2.43     2.916    3.2805   3.54294  3.720087],6
764,21578,21578,3,[0.29411765 0.52941176 0.71470588 0.85764706],3
765,81750,81750,30,"[0.25       0.45       0.6075     0.729      0.820125   0.885735
 0.93002175 0.9565938  0.96855122 0.96855122 0.95886571 0.94143179
 0.91789599 0.88965304 0.85787972 0.82356453 0.78753358 0.75047318
 0.71294952 0.67542586 0.63827744 0.60180444 0.56624327 0.53177629
 0.49854027 0.46663369 0.43612303 0.40704816 0.37942703 0.35325965
 0.32853148]",30
766,97268,97268,60,"[0.25       0.45       0.6075     0.729      0.820125   0.885735
 0.93002175 0.9565938  0.96855122 0.96855122 0.95886571 0.94143179
 0.91789599 0.88965304 0.85787972 0.82356453 0.78753358 0.75047318
 0.71294952 0.67542586 0.63827744 0.60180444 0.56624327 0.53177629
 0.49854027 0.46663369 0.43612303 0.40704816 0.37942703 0.35325965
 0.32853148 0.30521634 0.28327892 0.26267681 0.24336234 0.225284
 0.2083877  0.19261782 0.17791804 0.16423203 0.15150405 0.13967934
 0.12870454 0.1185279  0.10909954 0.10037158 0.09229821 0.08483581
 0.0779429  0.07158021 0.06571063 0.06029917 0.05531289 0.05072088
 0.04649414 0.04260554 0.03902972 0.035743   0.03272334 0.02995017
 0.02740441]",60
767,320447,320447,1,[1.  1.8],1
768,112917,112917,30,"[0.25       0.45       0.6075     0.729      0.820125   0.885735
 0.93002175 0.9565938  0.96855122 0.96855122 0.95886571 0.94143179
 0.91789599 0.88965304 0.85787972 0.82356453 0.78753358 0.75047318
 0.71294952 0.67542586 0.63827744 0.60180444 0.56624327 0.53177629
 0.49854027 0.46663369 0.43612303 0.40704816 0.37942703 0.35325965
 0.32853148]",30
769,333086,333086,9,"[1.         1.8        2.43       2.916      3.2805     3.54294
 3.720087   3.8263752  3.87420489]",8
770,121522,121522,6,[1.       1.8      2.43     2.916    3.2805   3.54294  3.720087],6
771,148435,148435,6,[1.       1.8      2.43     2.916    3.2805   3.54294  3.720087],6
772,181418,181418,60,"[0.25       0.45       0.6075     0.729      0.820125   0.885735
 0.93002175 0.9565938  0.96855122 0.96855122 0.95886571 0.94143179
 0.91789599 0.88965304 0.85787972 0.82356453 0.78753358 0.75047318
 0.71294952 0.67542586 0.63827744 0.60180444 0.56624327 0.53177629
 0.49854027 0.46663369 0.43612303 0.40704816 0.37942703 0.35325965
 0.32853148 0.30521634 0.28327892 0.26267681 0.24336234 0.225284
 0.2083877  0.19261782 0.17791804 0.16423203 0.15150405 0.13967934
 0.12870454 0.1185279  0.10909954 0.10037158 0.09229821 0.08483581
 0.0779429  0.07158021 0.06571063 0.06029917 0.05531289 0.05072088
 0.04649414 0.04260554 0.03902972 0.035743   0.03272334 0.02995017
 0.02740441]",60
773,196275,196275,3,[0.29411765 0.52941176 0.71470588 0.85764706],3
774,208335,208335,9,"[1.         1.8        2.43       2.916      3.2805     3.54294
 3.720087   3.8263752  3.87420489]",8
775,341542,341542,30,"[0.25       0.45       0.6075     0.729      0.820125   0.885735
 0.93002175 0.9565938  0.96855122 0.96855122 0.95886571 0.94143179
 0.91789599 0.88965304 0.85787972 0.82356453 0.78753358 0.75047318
 0.71294952 0.67542586 0.63827744 0.60180444 0.56624327 0.53177629
 0.49854027 0.46663369 0.43612303 0.40704816 0.37942703 0.35325965
 0.32853148]",30
776,97530,97530,1,[1.  1.8],1
777,255112,255112,60,"[0.25       0.45       0.6075     0.729      0.820125   0.885735
 0.93002175 0.9565938  0.96855122 0.96855122 0.95886571 0.94143179
 0.91789599 0.88965304 0.85787972 0.82356453 0.78753358 0.75047318
 0.71294952 0.67542586 0.63827744 0.60180444 0.56624327 0.53177629
 0.49854027 0.46663369 0.43612303 0.40704816 0.37942703 0.35325965
 0.32853148 0.30521634 0.28327892 0.26267681 0.24336234 0.225284
 0.2083877  0.19261782 0.17791804 0.16423203 0.15150405 0.13967934
 0.12870454 0.1185279  0.10909954 0.10037158 0.09229821 0.08483581
 0.0779429  0.07158021 0.06571063 0.06029917 0.05531289 0.05072088
 0.04649414 0.04260554 0.03902972 0.035743   0.03272334 0.02995017
 0.02740441]",60
778,86324,86324,60,"[0.25       0.45       0.6075     0.729      0.820125   0.885735
 0.93002175 0.9565938  0.96855122 0.96855122 0.95886571 0.94143179
 0.91789599 0.88965304 0.85787972 0.82356453 0.78753358 0.75047318
 0.71294952 0.67542586 0.63827744 0.60180444 0.56624327 0.53177629
 0.49854027 0.46663369 0.43612303 0.40704816 0.37942703 0.35325965
 0.32853148 0.30521634 0.28327892 0.26267681 0.24336234 0.225284
 0.2083877  0.19261782 0.17791804 0.16423203 0.15150405 0.13967934
 0.12870454 0.1185279  0.10909954 0.10037158 0.09229821 0.08483581
 0.0779429  0.07158021 0.06571063 0.06029917 0.05531289 0.05072088
 0.04649414 0.04260554 0.03902972 0.035743   0.03272334 0.02995017
 0.02740441]",60
779,307426,307426,30,"[0.25       0.45       0.6075     0.729      0.820125   0.885735
 0.93002175 0.9565938  0.96855122 0.96855122 0.95886571 0.94143179
 0.91789599 0.88965304 0.85787972 0.82356453 0.78753358 0.75047318
 0.71294952 0.67542586 0.63827744 0.60180444 0.56624327 0.53177629
 0.49854027 0.46663369 0.43612303 0.40704816 0.37942703 0.35325965
 0.32853148]",30
780,127501,127501,3,[0.29411765 0.52941176 0.71470588 0.85764706],3
781,190010,190010,1,[1.  1.8],1
782,205095,205095,60,"[0.25       0.45       0.6075     0.729      0.820125   0.885735
 0.93002175 0.9565938  0.96855122 0.96855122 0.95886571 0.94143179
 0.91789599 0.88965304 0.85787972 0.82356453 0.78753358 0.75047318
 0.71294952 0.67542586 0.63827744 0.60180444 0.56624327 0.53177629
 0.49854027 0.46663369 0.43612303 0.40704816 0.37942703 0.35325965
 0.32853148 0.30521634 0.28327892 0.26267681 0.24336234 0.225284
 0.2083877  0.19261782 0.17791804 0.16423203 0.15150405 0.13967934
 0.12870454 0.1185279  0.10909954 0.10037158 0.09229821 0.08483581
 0.0779429  0.07158021 0.06571063 0.06029917 0.05531289 0.05072088
 0.04649414 0.04260554 0.03902972 0.035743   0.03272334 0.02995017
 0.02740441]",60
783,192813,192813,9,"[1.         1.8        2.43       2.916      3.2805     3.54294
 3.720087   3.8263752  3.87420489]",8
784,201200,201200,30,"[0.25       0.45       0.6075     0.729      0.820125   0.885735
 0.93002175 0.9565938  0.96855122 0.96855122 0.95886571 0.94143179
 0.91789599 0.88965304 0.85787972 0.82356453 0.78753358 0.75047318
 0.71294952 0.67542586 0.63827744 0.60180444 0.56624327 0.53177629
 0.49854027 0.46663369 0.43612303 0.40704816 0.37942703 0.35325965
 0.32853148]",30
785,180372,180372,30,"[0.25       0.45       0.6075     0.729      0.820125   0.885735
 0.93002175 0.9565938  0.96855122 0.96855122 0.95886571 0.94143179
 0.91789599 0.88965304 0.85787972 0.82356453 0.78753358 0.75047318
 0.71294952 0.67542586 0.63827744 0.60180444 0.56624327 0.53177629
 0.49854027 0.46663369 0.43612303 0.40704816 0.37942703 0.35325965
 0.32853148]",30
786,171568,171568,3,[0.29411765 0.52941176 0.71470588 0.85764706],3
787,75938,75938,60,"[0.25       0.45       0.6075     0.729      0.820125   0.885735
 0.93002175 0.9565938  0.96855122 0.96855122 0.95886571 0.94143179
 0.91789599 0.88965304 0.85787972 0.82356453 0.78753358 0.75047318
 0.71294952 0.67542586 0.63827744 0.60180444 0.56624327 0.53177629
 0.49854027 0.46663369 0.43612303 0.40704816 0.37942703 0.35325965
 0.32853148 0.30521634 0.28327892 0.26267681 0.24336234 0.225284
 0.2083877  0.19261782 0.17791804 0.16423203 0.15150405 0.13967934
 0.12870454 0.1185279  0.10909954 0.10037158 0.09229821 0.08483581
 0.0779429  0.07158021 0.06571063 0.06029917 0.05531289 0.05072088
 0.04649414 0.04260554 0.03902972 0.035743   0.03272334 0.02995017
 0.02740441]",60
788,22450,22450,9,"[1.         1.8        2.43       2.916      3.2805     3.54294
 3.720087   3.8263752  3.87420489]",8
789,315348,315348,6,[1.       1.8      2.43     2.916    3.2805   3.54294  3.720087],6
790,137699,137699,30,"[0.25       0.45       0.6075     0.729      0.820125   0.885735
 0.93002175 0.9565938  0.96855122 0.96855122 0.95886571 0.94143179
 0.91789599 0.88965304 0.85787972 0.82356453 0.78753358 0.75047318
 0.71294952 0.67542586 0.63827744 0.60180444 0.56624327 0.53177629
 0.49854027 0.46663369 0.43612303 0.40704816 0.37942703 0.35325965
 0.32853148]",30
791,114204,114204,30,"[0.25       0.45       0.6075     0.729      0.820125   0.885735
 0.93002175 0.9565938  0.96855122 0.96855122 0.95886571 0.94143179
 0.91789599 0.88965304 0.85787972 0.82356453 0.78753358 0.75047318
 0.71294952 0.67542586 0.63827744 0.60180444 0.56624327 0.53177629
 0.49854027 0.46663369 0.43612303 0.40704816 0.37942703 0.35325965
 0.32853148]",30
792,309321,309321,30,"[0.25       0.45       0.6075     0.729      0.820125   0.885735
 0.93002175 0.9565938  0.96855122 0.96855122 0.95886571 0.94143179
 0.91789599 0.88965304 0.85787972 0.82356453 0.78753358 0.75047318
 0.71294952 0.67542586 0.63827744 0.60180444 0.56624327 0.53177629
 0.49854027 0.46663369 0.43612303 0.40704816 0.37942703 0.35325965
 0.32853148]",30
793,226948,226948,60,"[0.25       0.45       0.6075     0.729      0.820125   0.885735
 0.93002175 0.9565938  0.96855122 0.96855122 0.95886571 0.94143179
 0.91789599 0.88965304 0.85787972 0.82356453 0.78753358 0.75047318
 0.71294952 0.67542586 0.63827744 0.60180444 0.56624327 0.53177629
 0.49854027 0.46663369 0.43612303 0.40704816 0.37942703 0.35325965
 0.32853148 0.30521634 0.28327892 0.26267681 0.24336234 0.225284
 0.2083877  0.19261782 0.17791804 0.16423203 0.15150405 0.13967934
 0.12870454 0.1185279  0.10909954 0.10037158 0.09229821 0.08483581
 0.0779429  0.07158021 0.06571063 0.06029917 0.05531289 0.05072088
 0.04649414 0.04260554 0.03902972 0.035743   0.03272334 0.02995017
 0.02740441]",60
794,12237,12237,30,"[0.25       0.45       0.6075     0.729      0.820125   0.885735
 0.93002175 0.9565938  0.96855122 0.96855122 0.95886571 0.94143179
 0.91789599 0.88965304 0.85787972 0.82356453 0.78753358 0.75047318
 0.71294952 0.67542586 0.63827744 0.60180444 0.56624327 0.53177629
 0.49854027 0.46663369 0.43612303 0.40704816 0.37942703 0.35325965
 0.32853148]",30
795,57078,57078,60,"[0.25       0.45       0.6075     0.729      0.820125   0.885735
 0.93002175 0.9565938  0.96855122 0.96855122 0.95886571 0.94143179
 0.91789599 0.88965304 0.85787972 0.82356453 0.78753358 0.75047318
 0.71294952 0.67542586 0.63827744 0.60180444 0.56624327 0.53177629
 0.49854027 0.46663369 0.43612303 0.40704816 0.37942703 0.35325965
 0.32853148 0.30521634 0.28327892 0.26267681 0.24336234 0.225284
 0.2083877  0.19261782 0.17791804 0.16423203 0.15150405 0.13967934
 0.12870454 0.1185279  0.10909954 0.10037158 0.09229821 0.08483581
 0.0779429  0.07158021 0.06571063 0.06029917 0.05531289 0.05072088
 0.04649414 0.04260554 0.03902972 0.035743   0.03272334 0.02995017
 0.02740441]",60
796,199040,199040,1,[1.  1.8],1
797,103983,103983,9,"[1.         1.8        2.43       2.916      3.2805     3.54294
 3.720087   3.8263752  3.87420489]",8
798,160744,160744,3,[0.29411765 0.52941176 0.71470588 0.85764706],3
799,27149,27149,60,"[0.25       0.45       0.6075     0.729      0.820125   0.885735
 0.93002175 0.9565938  0.96855122 0.96855122 0.95886571 0.94143179
 0.91789599 0.88965304 0.85787972 0.82356453 0.78753358 0.75047318
 0.71294952 0.67542586 0.63827744 0.60180444 0.56624327 0.53177629
 0.49854027 0.46663369 0.43612303 0.40704816 0.37942703 0.35325965
 0.32853148 0.30521634 0.28327892 0.26267681 0.24336234 0.225284
 0.2083877  0.19261782 0.17791804 0.16423203 0.15150405 0.13967934
 0.12870454 0.1185279  0.10909954 0.10037158 0.09229821 0.08483581
 0.0779429  0.07158021 0.06571063 0.06029917 0.05531289 0.05072088
 0.04649414 0.04260554 0.03902972 0.035743   0.03272334 0.02995017
 0.02740441]",60
800,48629,48629,9,"[1.         1.8        2.43       2.916      3.2805     3.54294
 3.720087   3.8263752  3.87420489]",8
801,253816,253816,3,[0.29411765 0.52941176 0.71470588 0.85764706],3
802,135256,135256,30,"[0.25       0.45       0.6075     0.729      0.820125   0.885735
 0.93002175 0.9565938  0.96855122 0.96855122 0.95886571 0.94143179
 0.91789599 0.88965304 0.85787972 0.82356453 0.78753358 0.75047318
 0.71294952 0.67542586 0.63827744 0.60180444 0.56624327 0.53177629
 0.49854027 0.46663369 0.43612303 0.40704816 0.37942703 0.35325965
 0.32853148]",30
803,11933,11933,30,"[0.25       0.45       0.6075     0.729      0.820125   0.885735
 0.93002175 0.9565938  0.96855122 0.96855122 0.95886571 0.94143179
 0.91789599 0.88965304 0.85787972 0.82356453 0.78753358 0.75047318
 0.71294952 0.67542586 0.63827744 0.60180444 0.56624327 0.53177629
 0.49854027 0.46663369 0.43612303 0.40704816 0.37942703 0.35325965
 0.32853148]",30
804,195518,195518,9,"[1.         1.8        2.43       2.916      3.2805     3.54294
 3.720087   3.8263752  3.87420489]",8
805,330178,330178,6,[1.       1.8      2.43     2.916    3.2805   3.54294  3.720087],6
806,346508,346508,60,"[0.25       0.45       0.6075     0.729      0.820125   0.885735
 0.93002175 0.9565938  0.96855122 0.96855122 0.95886571 0.94143179
 0.91789599 0.88965304 0.85787972 0.82356453 0.78753358 0.75047318
 0.71294952 0.67542586 0.63827744 0.60180444 0.56624327 0.53177629
 0.49854027 0.46663369 0.43612303 0.40704816 0.37942703 0.35325965
 0.32853148 0.30521634 0.28327892 0.26267681 0.24336234 0.225284
 0.2083877  0.19261782 0.17791804 0.16423203 0.15150405 0.13967934
 0.12870454 0.1185279  0.10909954 0.10037158 0.09229821 0.08483581
 0.0779429  0.07158021 0.06571063 0.06029917 0.05531289 0.05072088
 0.04649414 0.04260554 0.03902972 0.035743   0.03272334 0.02995017
 0.02740441]",60
807,255398,255398,6,[1.       1.8      2.43     2.916    3.2805   3.54294  3.720087],6
808,9600,9600,9,"[1.         1.8        2.43       2.916      3.2805     3.54294
 3.720087   3.8263752  3.87420489]",8
809,33846,33846,1,[1.  1.8],1
810,305469,305469,9,"[1.         1.8        2.43       2.916      3.2805     3.54294
 3.720087   3.8263752  3.87420489]",8
811,239195,239195,6,[1.       1.8      2.43     2.916    3.2805   3.54294  3.720087],6
812,271053,271053,9,"[1.         1.8        2.43       2.916      3.2805     3.54294
 3.720087   3.8263752  3.87420489]",8
813,32221,32221,1,[1.  1.8],1
814,319747,319747,30,"[0.25       0.45       0.6075     0.729      0.820125   0.885735
 0.93002175 0.9565938  0.96855122 0.96855122 0.95886571 0.94143179
 0.91789599 0.88965304 0.85787972 0.82356453 0.78753358 0.75047318
 0.71294952 0.67542586 0.63827744 0.60180444 0.56624327 0.53177629
 0.49854027 0.46663369 0.43612303 0.40704816 0.37942703 0.35325965
 0.32853148]",30
815,29631,29631,30,"[0.25       0.45       0.6075     0.729      0.820125   0.885735
 0.93002175 0.9565938  0.96855122 0.96855122 0.95886571 0.94143179
 0.91789599 0.88965304 0.85787972 0.82356453 0.78753358 0.75047318
 0.71294952 0.67542586 0.63827744 0.60180444 0.56624327 0.53177629
 0.49854027 0.46663369 0.43612303 0.40704816 0.37942703 0.35325965
 0.32853148]",30
816,139543,139543,3,[0.29411765 0.52941176 0.71470588 0.85764706],3
817,87863,87863,30,"[0.25       0.45       0.6075     0.729      0.820125   0.885735
 0.93002175 0.9565938  0.96855122 0.96855122 0.95886571 0.94143179
 0.91789599 0.88965304 0.85787972 0.82356453 0.78753358 0.75047318
 0.71294952 0.67542586 0.63827744 0.60180444 0.56624327 0.53177629
 0.49854027 0.46663369 0.43612303 0.40704816 0.37942703 0.35325965
 0.32853148]",30
818,211237,211237,9,"[1.         1.8        2.43       2.916      3.2805     3.54294
 3.720087   3.8263752  3.87420489]",8
819,228665,228665,30,"[0.25       0.45       0.6075     0.729      0.820125   0.885735
 0.93002175 0.9565938  0.96855122 0.96855122 0.95886571 0.94143179
 0.91789599 0.88965304 0.85787972 0.82356453 0.78753358 0.75047318
 0.71294952 0.67542586 0.63827744 0.60180444 0.56624327 0.53177629
 0.49854027 0.46663369 0.43612303 0.40704816 0.37942703 0.35325965
 0.32853148]",30
820,162510,162510,1,[1.  1.8],1
821,50610,50610,60,"[0.25       0.45       0.6075     0.729      0.820125   0.885735
 0.93002175 0.9565938  0.96855122 0.96855122 0.95886571 0.94143179
 0.91789599 0.88965304 0.85787972 0.82356453 0.78753358 0.75047318
 0.71294952 0.67542586 0.63827744 0.60180444 0.56624327 0.53177629
 0.49854027 0.46663369 0.43612303 0.40704816 0.37942703 0.35325965
 0.32853148 0.30521634 0.28327892 0.26267681 0.24336234 0.225284
 0.2083877  0.19261782 0.17791804 0.16423203 0.15150405 0.13967934
 0.12870454 0.1185279  0.10909954 0.10037158 0.09229821 0.08483581
 0.0779429  0.07158021 0.06571063 0.06029917 0.05531289 0.05072088
 0.04649414 0.04260554 0.03902972 0.035743   0.03272334 0.02995017
 0.02740441]",60
822,255613,255613,60,"[0.25       0.45       0.6075     0.729      0.820125   0.885735
 0.93002175 0.9565938  0.96855122 0.96855122 0.95886571 0.94143179
 0.91789599 0.88965304 0.85787972 0.82356453 0.78753358 0.75047318
 0.71294952 0.67542586 0.63827744 0.60180444 0.56624327 0.53177629
 0.49854027 0.46663369 0.43612303 0.40704816 0.37942703 0.35325965
 0.32853148 0.30521634 0.28327892 0.26267681 0.24336234 0.225284
 0.2083877  0.19261782 0.17791804 0.16423203 0.15150405 0.13967934
 0.12870454 0.1185279  0.10909954 0.10037158 0.09229821 0.08483581
 0.0779429  0.07158021 0.06571063 0.06029917 0.05531289 0.05072088
 0.04649414 0.04260554 0.03902972 0.035743   0.03272334 0.02995017
 0.02740441]",60
823,87659,87659,60,"[0.25       0.45       0.6075     0.729      0.820125   0.885735
 0.93002175 0.9565938  0.96855122 0.96855122 0.95886571 0.94143179
 0.91789599 0.88965304 0.85787972 0.82356453 0.78753358 0.75047318
 0.71294952 0.67542586 0.63827744 0.60180444 0.56624327 0.53177629
 0.49854027 0.46663369 0.43612303 0.40704816 0.37942703 0.35325965
 0.32853148 0.30521634 0.28327892 0.26267681 0.24336234 0.225284
 0.2083877  0.19261782 0.17791804 0.16423203 0.15150405 0.13967934
 0.12870454 0.1185279  0.10909954 0.10037158 0.09229821 0.08483581
 0.0779429  0.07158021 0.06571063 0.06029917 0.05531289 0.05072088
 0.04649414 0.04260554 0.03902972 0.035743   0.03272334 0.02995017
 0.02740441]",60
824,258544,258544,6,[1.       1.8      2.43     2.916    3.2805   3.54294  3.720087],6
825,189612,189612,9,"[1.         1.8        2.43       2.916      3.2805     3.54294
 3.720087   3.8263752  3.87420489]",8
826,116697,116697,3,[0.29411765 0.52941176 0.71470588 0.85764706],3
827,99721,99721,30,"[0.25       0.45       0.6075     0.729      0.820125   0.885735
 0.93002175 0.9565938  0.96855122 0.96855122 0.95886571 0.94143179
 0.91789599 0.88965304 0.85787972 0.82356453 0.78753358 0.75047318
 0.71294952 0.67542586 0.63827744 0.60180444 0.56624327 0.53177629
 0.49854027 0.46663369 0.43612303 0.40704816 0.37942703 0.35325965
 0.32853148]",30
828,296356,296356,6,[1.       1.8      2.43     2.916    3.2805   3.54294  3.720087],6
829,61312,61312,30,"[0.25       0.45       0.6075     0.729      0.820125   0.885735
 0.93002175 0.9565938  0.96855122 0.96855122 0.95886571 0.94143179
 0.91789599 0.88965304 0.85787972 0.82356453 0.78753358 0.75047318
 0.71294952 0.67542586 0.63827744 0.60180444 0.56624327 0.53177629
 0.49854027 0.46663369 0.43612303 0.40704816 0.37942703 0.35325965
 0.32853148]",30
830,185458,185458,9,"[1.         1.8        2.43       2.916      3.2805     3.54294
 3.720087   3.8263752  3.87420489]",8
831,313659,313659,1,[1.  1.8],1
832,163611,163611,9,"[1.         1.8        2.43       2.916      3.2805     3.54294
 3.720087   3.8263752  3.87420489]",8
833,217528,217528,30,"[0.25       0.45       0.6075     0.729      0.820125   0.885735
 0.93002175 0.9565938  0.96855122 0.96855122 0.95886571 0.94143179
 0.91789599 0.88965304 0.85787972 0.82356453 0.78753358 0.75047318
 0.71294952 0.67542586 0.63827744 0.60180444 0.56624327 0.53177629
 0.49854027 0.46663369 0.43612303 0.40704816 0.37942703 0.35325965
 0.32853148]",30
834,311037,311037,60,"[0.25       0.45       0.6075     0.729      0.820125   0.885735
 0.93002175 0.9565938  0.96855122 0.96855122 0.95886571 0.94143179
 0.91789599 0.88965304 0.85787972 0.82356453 0.78753358 0.75047318
 0.71294952 0.67542586 0.63827744 0.60180444 0.56624327 0.53177629
 0.49854027 0.46663369 0.43612303 0.40704816 0.37942703 0.35325965
 0.32853148 0.30521634 0.28327892 0.26267681 0.24336234 0.225284
 0.2083877  0.19261782 0.17791804 0.16423203 0.15150405 0.13967934
 0.12870454 0.1185279  0.10909954 0.10037158 0.09229821 0.08483581
 0.0779429  0.07158021 0.06571063 0.06029917 0.05531289 0.05072088
 0.04649414 0.04260554 0.03902972 0.035743   0.03272334 0.02995017
 0.02740441]",60
835,137022,137022,60,"[0.25       0.45       0.6075     0.729      0.820125   0.885735
 0.93002175 0.9565938  0.96855122 0.96855122 0.95886571 0.94143179
 0.91789599 0.88965304 0.85787972 0.82356453 0.78753358 0.75047318
 0.71294952 0.67542586 0.63827744 0.60180444 0.56624327 0.53177629
 0.49854027 0.46663369 0.43612303 0.40704816 0.37942703 0.35325965
 0.32853148 0.30521634 0.28327892 0.26267681 0.24336234 0.225284
 0.2083877  0.19261782 0.17791804 0.16423203 0.15150405 0.13967934
 0.12870454 0.1185279  0.10909954 0.10037158 0.09229821 0.08483581
 0.0779429  0.07158021 0.06571063 0.06029917 0.05531289 0.05072088
 0.04649414 0.04260554 0.03902972 0.035743   0.03272334 0.02995017
 0.02740441]",60
836,101039,101039,6,[1.       1.8      2.43     2.916    3.2805   3.54294  3.720087],6
837,19220,19220,30,"[0.25       0.45       0.6075     0.729      0.820125   0.885735
 0.93002175 0.9565938  0.96855122 0.96855122 0.95886571 0.94143179
 0.91789599 0.88965304 0.85787972 0.82356453 0.78753358 0.75047318
 0.71294952 0.67542586 0.63827744 0.60180444 0.56624327 0.53177629
 0.49854027 0.46663369 0.43612303 0.40704816 0.37942703 0.35325965
 0.32853148]",30
838,101055,101055,9,"[1.         1.8        2.43       2.916      3.2805     3.54294
 3.720087   3.8263752  3.87420489]",8
839,275507,275507,3,[0.29411765 0.52941176 0.71470588 0.85764706],3
840,290538,290538,3,[0.29411765 0.52941176 0.71470588 0.85764706],3
841,313341,313341,1,[1.  1.8],1
842,48266,48266,30,"[0.25       0.45       0.6075     0.729      0.820125   0.885735
 0.93002175 0.9565938  0.96855122 0.96855122 0.95886571 0.94143179
 0.91789599 0.88965304 0.85787972 0.82356453 0.78753358 0.75047318
 0.71294952 0.67542586 0.63827744 0.60180444 0.56624327 0.53177629
 0.49854027 0.46663369 0.43612303 0.40704816 0.37942703 0.35325965
 0.32853148]",30
843,32492,32492,6,[1.       1.8      2.43     2.916    3.2805   3.54294  3.720087],6
844,308235,308235,6,[1.       1.8      2.43     2.916    3.2805   3.54294  3.720087],6
845,152834,152834,1,[1.  1.8],1
846,327995,327995,1,[1.  1.8],1
847,183528,183528,9,"[1.         1.8        2.43       2.916      3.2805     3.54294
 3.720087   3.8263752  3.87420489]",8
848,309943,309943,30,"[0.25       0.45       0.6075     0.729      0.820125   0.885735
 0.93002175 0.9565938  0.96855122 0.96855122 0.95886571 0.94143179
 0.91789599 0.88965304 0.85787972 0.82356453 0.78753358 0.75047318
 0.71294952 0.67542586 0.63827744 0.60180444 0.56624327 0.53177629
 0.49854027 0.46663369 0.43612303 0.40704816 0.37942703 0.35325965
 0.32853148]",30
849,347450,347450,6,[1.       1.8      2.43     2.916    3.2805   3.54294  3.720087],6
850,33931,33931,1,[1.  1.8],1
851,60136,60136,60,"[0.25       0.45       0.6075     0.729      0.820125   0.885735
 0.93002175 0.9565938  0.96855122 0.96855122 0.95886571 0.94143179
 0.91789599 0.88965304 0.85787972 0.82356453 0.78753358 0.75047318
 0.71294952 0.67542586 0.63827744 0.60180444 0.56624327 0.53177629
 0.49854027 0.46663369 0.43612303 0.40704816 0.37942703 0.35325965
 0.32853148 0.30521634 0.28327892 0.26267681 0.24336234 0.225284
 0.2083877  0.19261782 0.17791804 0.16423203 0.15150405 0.13967934
 0.12870454 0.1185279  0.10909954 0.10037158 0.09229821 0.08483581
 0.0779429  0.07158021 0.06571063 0.06029917 0.05531289 0.05072088
 0.04649414 0.04260554 0.03902972 0.035743   0.03272334 0.02995017
 0.02740441]",60
852,102035,102035,30,"[0.25       0.45       0.6075     0.729      0.820125   0.885735
 0.93002175 0.9565938  0.96855122 0.96855122 0.95886571 0.94143179
 0.91789599 0.88965304 0.85787972 0.82356453 0.78753358 0.75047318
 0.71294952 0.67542586 0.63827744 0.60180444 0.56624327 0.53177629
 0.49854027 0.46663369 0.43612303 0.40704816 0.37942703 0.35325965
 0.32853148]",30
853,71942,71942,60,"[0.25       0.45       0.6075     0.729      0.820125   0.885735
 0.93002175 0.9565938  0.96855122 0.96855122 0.95886571 0.94143179
 0.91789599 0.88965304 0.85787972 0.82356453 0.78753358 0.75047318
 0.71294952 0.67542586 0.63827744 0.60180444 0.56624327 0.53177629
 0.49854027 0.46663369 0.43612303 0.40704816 0.37942703 0.35325965
 0.32853148 0.30521634 0.28327892 0.26267681 0.24336234 0.225284
 0.2083877  0.19261782 0.17791804 0.16423203 0.15150405 0.13967934
 0.12870454 0.1185279  0.10909954 0.10037158 0.09229821 0.08483581
 0.0779429  0.07158021 0.06571063 0.06029917 0.05531289 0.05072088
 0.04649414 0.04260554 0.03902972 0.035743   0.03272334 0.02995017
 0.02740441]",60
854,2806,2806,1,[1.  1.8],1
855,130062,130062,9,"[1.         1.8        2.43       2.916      3.2805     3.54294
 3.720087   3.8263752  3.87420489]",8
856,7712,7712,3,[0.29411765 0.52941176 0.71470588 0.85764706],3
857,286118,286118,6,[1.       1.8      2.43     2.916    3.2805   3.54294  3.720087],6
858,234524,234524,3,[0.29411765 0.52941176 0.71470588 0.85764706],3
859,159853,159853,6,[1.       1.8      2.43     2.916    3.2805   3.54294  3.720087],6
860,196988,196988,9,"[1.         1.8        2.43       2.916      3.2805     3.54294
 3.720087   3.8263752  3.87420489]",8
861,317615,317615,1,[1.  1.8],1
862,101357,101357,30,"[0.25       0.45       0.6075     0.729      0.820125   0.885735
 0.93002175 0.9565938  0.96855122 0.96855122 0.95886571 0.94143179
 0.91789599 0.88965304 0.85787972 0.82356453 0.78753358 0.75047318
 0.71294952 0.67542586 0.63827744 0.60180444 0.56624327 0.53177629
 0.49854027 0.46663369 0.43612303 0.40704816 0.37942703 0.35325965
 0.32853148]",30
863,109445,109445,3,[0.29411765 0.52941176 0.71470588 0.85764706],3
864,74433,74433,9,"[1.         1.8        2.43       2.916      3.2805     3.54294
 3.720087   3.8263752  3.87420489]",8
865,348605,348605,1,[1.  1.8],1
866,75592,75592,3,[0.29411765 0.52941176 0.71470588 0.85764706],3
867,234259,234259,60,"[0.25       0.45       0.6075     0.729      0.820125   0.885735
 0.93002175 0.9565938  0.96855122 0.96855122 0.95886571 0.94143179
 0.91789599 0.88965304 0.85787972 0.82356453 0.78753358 0.75047318
 0.71294952 0.67542586 0.63827744 0.60180444 0.56624327 0.53177629
 0.49854027 0.46663369 0.43612303 0.40704816 0.37942703 0.35325965
 0.32853148 0.30521634 0.28327892 0.26267681 0.24336234 0.225284
 0.2083877  0.19261782 0.17791804 0.16423203 0.15150405 0.13967934
 0.12870454 0.1185279  0.10909954 0.10037158 0.09229821 0.08483581
 0.0779429  0.07158021 0.06571063 0.06029917 0.05531289 0.05072088
 0.04649414 0.04260554 0.03902972 0.035743   0.03272334 0.02995017
 0.02740441]",60
868,347509,347509,9,"[1.         1.8        2.43       2.916      3.2805     3.54294
 3.720087   3.8263752  3.87420489]",8
869,4655,4655,9,"[1.         1.8        2.43       2.916      3.2805     3.54294
 3.720087   3.8263752  3.87420489]",8
870,120001,120001,1,[1.  1.8],1
871,235952,235952,30,"[0.25       0.45       0.6075     0.729      0.820125   0.885735
 0.93002175 0.9565938  0.96855122 0.96855122 0.95886571 0.94143179
 0.91789599 0.88965304 0.85787972 0.82356453 0.78753358 0.75047318
 0.71294952 0.67542586 0.63827744 0.60180444 0.56624327 0.53177629
 0.49854027 0.46663369 0.43612303 0.40704816 0.37942703 0.35325965
 0.32853148]",30
872,682,682,30,"[0.25       0.45       0.6075     0.729      0.820125   0.885735
 0.93002175 0.9565938  0.96855122 0.96855122 0.95886571 0.94143179
 0.91789599 0.88965304 0.85787972 0.82356453 0.78753358 0.75047318
 0.71294952 0.67542586 0.63827744 0.60180444 0.56624327 0.53177629
 0.49854027 0.46663369 0.43612303 0.40704816 0.37942703 0.35325965
 0.32853148]",30
873,291470,291470,3,[0.29411765 0.52941176 0.71470588 0.85764706],3
874,66514,66514,60,"[0.25       0.45       0.6075     0.729      0.820125   0.885735
 0.93002175 0.9565938  0.96855122 0.96855122 0.95886571 0.94143179
 0.91789599 0.88965304 0.85787972 0.82356453 0.78753358 0.75047318
 0.71294952 0.67542586 0.63827744 0.60180444 0.56624327 0.53177629
 0.49854027 0.46663369 0.43612303 0.40704816 0.37942703 0.35325965
 0.32853148 0.30521634 0.28327892 0.26267681 0.24336234 0.225284
 0.2083877  0.19261782 0.17791804 0.16423203 0.15150405 0.13967934
 0.12870454 0.1185279  0.10909954 0.10037158 0.09229821 0.08483581
 0.0779429  0.07158021 0.06571063 0.06029917 0.05531289 0.05072088
 0.04649414 0.04260554 0.03902972 0.035743   0.03272334 0.02995017
 0.02740441]",60
875,59290,59290,60,"[0.25       0.45       0.6075     0.729      0.820125   0.885735
 0.93002175 0.9565938  0.96855122 0.96855122 0.95886571 0.94143179
 0.91789599 0.88965304 0.85787972 0.82356453 0.78753358 0.75047318
 0.71294952 0.67542586 0.63827744 0.60180444 0.56624327 0.53177629
 0.49854027 0.46663369 0.43612303 0.40704816 0.37942703 0.35325965
 0.32853148 0.30521634 0.28327892 0.26267681 0.24336234 0.225284
 0.2083877  0.19261782 0.17791804 0.16423203 0.15150405 0.13967934
 0.12870454 0.1185279  0.10909954 0.10037158 0.09229821 0.08483581
 0.0779429  0.07158021 0.06571063 0.06029917 0.05531289 0.05072088
 0.04649414 0.04260554 0.03902972 0.035743   0.03272334 0.02995017
 0.02740441]",60
876,3005,3005,30,"[0.25       0.45       0.6075     0.729      0.820125   0.885735
 0.93002175 0.9565938  0.96855122 0.96855122 0.95886571 0.94143179
 0.91789599 0.88965304 0.85787972 0.82356453 0.78753358 0.75047318
 0.71294952 0.67542586 0.63827744 0.60180444 0.56624327 0.53177629
 0.49854027 0.46663369 0.43612303 0.40704816 0.37942703 0.35325965
 0.32853148]",30
877,248393,248393,1,[1.  1.8],1
878,98707,98707,60,"[0.25       0.45       0.6075     0.729      0.820125   0.885735
 0.93002175 0.9565938  0.96855122 0.96855122 0.95886571 0.94143179
 0.91789599 0.88965304 0.85787972 0.82356453 0.78753358 0.75047318
 0.71294952 0.67542586 0.63827744 0.60180444 0.56624327 0.53177629
 0.49854027 0.46663369 0.43612303 0.40704816 0.37942703 0.35325965
 0.32853148 0.30521634 0.28327892 0.26267681 0.24336234 0.225284
 0.2083877  0.19261782 0.17791804 0.16423203 0.15150405 0.13967934
 0.12870454 0.1185279  0.10909954 0.10037158 0.09229821 0.08483581
 0.0779429  0.07158021 0.06571063 0.06029917 0.05531289 0.05072088
 0.04649414 0.04260554 0.03902972 0.035743   0.03272334 0.02995017
 0.02740441]",60
879,80984,80984,9,"[1.         1.8        2.43       2.916      3.2805     3.54294
 3.720087   3.8263752  3.87420489]",8
880,145058,145058,6,[1.       1.8      2.43     2.916    3.2805   3.54294  3.720087],6
881,335132,335132,3,[0.29411765 0.52941176 0.71470588 0.85764706],3
882,104681,104681,1,[1.  1.8],1
883,201080,201080,9,"[1.         1.8        2.43       2.916      3.2805     3.54294
 3.720087   3.8263752  3.87420489]",8
884,53546,53546,9,"[1.         1.8        2.43       2.916      3.2805     3.54294
 3.720087   3.8263752  3.87420489]",8
885,37626,37626,9,"[1.         1.8        2.43       2.916      3.2805     3.54294
 3.720087   3.8263752  3.87420489]",8
886,194519,194519,30,"[0.25       0.45       0.6075     0.729      0.820125   0.885735
 0.93002175 0.9565938  0.96855122 0.96855122 0.95886571 0.94143179
 0.91789599 0.88965304 0.85787972 0.82356453 0.78753358 0.75047318
 0.71294952 0.67542586 0.63827744 0.60180444 0.56624327 0.53177629
 0.49854027 0.46663369 0.43612303 0.40704816 0.37942703 0.35325965
 0.32853148]",30
887,161299,161299,30,"[0.25       0.45       0.6075     0.729      0.820125   0.885735
 0.93002175 0.9565938  0.96855122 0.96855122 0.95886571 0.94143179
 0.91789599 0.88965304 0.85787972 0.82356453 0.78753358 0.75047318
 0.71294952 0.67542586 0.63827744 0.60180444 0.56624327 0.53177629
 0.49854027 0.46663369 0.43612303 0.40704816 0.37942703 0.35325965
 0.32853148]",30
888,67234,67234,6,[1.       1.8      2.43     2.916    3.2805   3.54294  3.720087],6
889,307055,307055,6,[1.       1.8      2.43     2.916    3.2805   3.54294  3.720087],6
890,167151,167151,3,[0.29411765 0.52941176 0.71470588 0.85764706],3
891,23036,23036,3,[0.29411765 0.52941176 0.71470588 0.85764706],3
892,122076,122076,1,[1.  1.8],1
893,21950,21950,30,"[0.25       0.45       0.6075     0.729      0.820125   0.885735
 0.93002175 0.9565938  0.96855122 0.96855122 0.95886571 0.94143179
 0.91789599 0.88965304 0.85787972 0.82356453 0.78753358 0.75047318
 0.71294952 0.67542586 0.63827744 0.60180444 0.56624327 0.53177629
 0.49854027 0.46663369 0.43612303 0.40704816 0.37942703 0.35325965
 0.32853148]",30
894,190142,190142,6,[1.       1.8      2.43     2.916    3.2805   3.54294  3.720087],6
895,33537,33537,60,"[0.25       0.45       0.6075     0.729      0.820125   0.885735
 0.93002175 0.9565938  0.96855122 0.96855122 0.95886571 0.94143179
 0.91789599 0.88965304 0.85787972 0.82356453 0.78753358 0.75047318
 0.71294952 0.67542586 0.63827744 0.60180444 0.56624327 0.53177629
 0.49854027 0.46663369 0.43612303 0.40704816 0.37942703 0.35325965
 0.32853148 0.30521634 0.28327892 0.26267681 0.24336234 0.225284
 0.2083877  0.19261782 0.17791804 0.16423203 0.15150405 0.13967934
 0.12870454 0.1185279  0.10909954 0.10037158 0.09229821 0.08483581
 0.0779429  0.07158021 0.06571063 0.06029917 0.05531289 0.05072088
 0.04649414 0.04260554 0.03902972 0.035743   0.03272334 0.02995017
 0.02740441]",60
896,298885,298885,9,"[1.         1.8        2.43       2.916      3.2805     3.54294
 3.720087   3.8263752  3.87420489]",8
897,268686,268686,30,"[0.25       0.45       0.6075     0.729      0.820125   0.885735
 0.93002175 0.9565938  0.96855122 0.96855122 0.95886571 0.94143179
 0.91789599 0.88965304 0.85787972 0.82356453 0.78753358 0.75047318
 0.71294952 0.67542586 0.63827744 0.60180444 0.56624327 0.53177629
 0.49854027 0.46663369 0.43612303 0.40704816 0.37942703 0.35325965
 0.32853148]",30
898,63933,63933,9,"[1.         1.8        2.43       2.916      3.2805     3.54294
 3.720087   3.8263752  3.87420489]",8
899,262441,262441,30,"[0.25       0.45       0.6075     0.729      0.820125   0.885735
 0.93002175 0.9565938  0.96855122 0.96855122 0.95886571 0.94143179
 0.91789599 0.88965304 0.85787972 0.82356453 0.78753358 0.75047318
 0.71294952 0.67542586 0.63827744 0.60180444 0.56624327 0.53177629
 0.49854027 0.46663369 0.43612303 0.40704816 0.37942703 0.35325965
 0.32853148]",30
900,326218,326218,30,"[0.25       0.45       0.6075     0.729      0.820125   0.885735
 0.93002175 0.9565938  0.96855122 0.96855122 0.95886571 0.94143179
 0.91789599 0.88965304 0.85787972 0.82356453 0.78753358 0.75047318
 0.71294952 0.67542586 0.63827744 0.60180444 0.56624327 0.53177629
 0.49854027 0.46663369 0.43612303 0.40704816 0.37942703 0.35325965
 0.32853148]",30
901,196126,196126,1,[1.  1.8],1
902,325436,325436,3,[0.29411765 0.52941176 0.71470588 0.85764706],3
903,74136,74136,1,[1.  1.8],1
904,90672,90672,9,"[1.         1.8        2.43       2.916      3.2805     3.54294
 3.720087   3.8263752  3.87420489]",8
905,299299,299299,1,[1.  1.8],1
906,90119,90119,6,[1.       1.8      2.43     2.916    3.2805   3.54294  3.720087],6
907,332326,332326,9,"[1.         1.8        2.43       2.916      3.2805     3.54294
 3.720087   3.8263752  3.87420489]",8
908,346752,346752,60,"[0.25       0.45       0.6075     0.729      0.820125   0.885735
 0.93002175 0.9565938  0.96855122 0.96855122 0.95886571 0.94143179
 0.91789599 0.88965304 0.85787972 0.82356453 0.78753358 0.75047318
 0.71294952 0.67542586 0.63827744 0.60180444 0.56624327 0.53177629
 0.49854027 0.46663369 0.43612303 0.40704816 0.37942703 0.35325965
 0.32853148 0.30521634 0.28327892 0.26267681 0.24336234 0.225284
 0.2083877  0.19261782 0.17791804 0.16423203 0.15150405 0.13967934
 0.12870454 0.1185279  0.10909954 0.10037158 0.09229821 0.08483581
 0.0779429  0.07158021 0.06571063 0.06029917 0.05531289 0.05072088
 0.04649414 0.04260554 0.03902972 0.035743   0.03272334 0.02995017
 0.02740441]",60
909,251187,251187,1,[1.  1.8],1
910,249530,249530,9,"[1.         1.8        2.43       2.916      3.2805     3.54294
 3.720087   3.8263752  3.87420489]",8
911,33288,33288,9,"[1.         1.8        2.43       2.916      3.2805     3.54294
 3.720087   3.8263752  3.87420489]",8
912,167689,167689,60,"[0.25       0.45       0.6075     0.729      0.820125   0.885735
 0.93002175 0.9565938  0.96855122 0.96855122 0.95886571 0.94143179
 0.91789599 0.88965304 0.85787972 0.82356453 0.78753358 0.75047318
 0.71294952 0.67542586 0.63827744 0.60180444 0.56624327 0.53177629
 0.49854027 0.46663369 0.43612303 0.40704816 0.37942703 0.35325965
 0.32853148 0.30521634 0.28327892 0.26267681 0.24336234 0.225284
 0.2083877  0.19261782 0.17791804 0.16423203 0.15150405 0.13967934
 0.12870454 0.1185279  0.10909954 0.10037158 0.09229821 0.08483581
 0.0779429  0.07158021 0.06571063 0.06029917 0.05531289 0.05072088
 0.04649414 0.04260554 0.03902972 0.035743   0.03272334 0.02995017
 0.02740441]",60
913,322933,322933,30,"[0.25       0.45       0.6075     0.729      0.820125   0.885735
 0.93002175 0.9565938  0.96855122 0.96855122 0.95886571 0.94143179
 0.91789599 0.88965304 0.85787972 0.82356453 0.78753358 0.75047318
 0.71294952 0.67542586 0.63827744 0.60180444 0.56624327 0.53177629
 0.49854027 0.46663369 0.43612303 0.40704816 0.37942703 0.35325965
 0.32853148]",30
914,256499,256499,3,[0.29411765 0.52941176 0.71470588 0.85764706],3
915,239357,239357,1,[1.  1.8],1
916,71148,71148,6,[1.       1.8      2.43     2.916    3.2805   3.54294  3.720087],6
917,290667,290667,1,[1.  1.8],1
918,128458,128458,30,"[0.25       0.45       0.6075     0.729      0.820125   0.885735
 0.93002175 0.9565938  0.96855122 0.96855122 0.95886571 0.94143179
 0.91789599 0.88965304 0.85787972 0.82356453 0.78753358 0.75047318
 0.71294952 0.67542586 0.63827744 0.60180444 0.56624327 0.53177629
 0.49854027 0.46663369 0.43612303 0.40704816 0.37942703 0.35325965
 0.32853148]",30
919,297146,297146,1,[1.  1.8],1
920,30400,30400,60,"[0.25       0.45       0.6075     0.729      0.820125   0.885735
 0.93002175 0.9565938  0.96855122 0.96855122 0.95886571 0.94143179
 0.91789599 0.88965304 0.85787972 0.82356453 0.78753358 0.75047318
 0.71294952 0.67542586 0.63827744 0.60180444 0.56624327 0.53177629
 0.49854027 0.46663369 0.43612303 0.40704816 0.37942703 0.35325965
 0.32853148 0.30521634 0.28327892 0.26267681 0.24336234 0.225284
 0.2083877  0.19261782 0.17791804 0.16423203 0.15150405 0.13967934
 0.12870454 0.1185279  0.10909954 0.10037158 0.09229821 0.08483581
 0.0779429  0.07158021 0.06571063 0.06029917 0.05531289 0.05072088
 0.04649414 0.04260554 0.03902972 0.035743   0.03272334 0.02995017
 0.02740441]",60
921,115089,115089,9,"[1.         1.8        2.43       2.916      3.2805     3.54294
 3.720087   3.8263752  3.87420489]",8
922,49919,49919,3,[0.29411765 0.52941176 0.71470588 0.85764706],3
923,281058,281058,1,[1.  1.8],1
924,105151,105151,1,[1.  1.8],1
925,92288,92288,1,[1.  1.8],1
926,189273,189273,6,[1.       1.8      2.43     2.916    3.2805   3.54294  3.720087],6
927,150612,150612,1,[1.  1.8],1
928,299651,299651,30,"[0.25       0.45       0.6075     0.729      0.820125   0.885735
 0.93002175 0.9565938  0.96855122 0.96855122 0.95886571 0.94143179
 0.91789599 0.88965304 0.85787972 0.82356453 0.78753358 0.75047318
 0.71294952 0.67542586 0.63827744 0.60180444 0.56624327 0.53177629
 0.49854027 0.46663369 0.43612303 0.40704816 0.37942703 0.35325965
 0.32853148]",30
929,95147,95147,1,[1.  1.8],1
930,20153,20153,60,"[0.25       0.45       0.6075     0.729      0.820125   0.885735
 0.93002175 0.9565938  0.96855122 0.96855122 0.95886571 0.94143179
 0.91789599 0.88965304 0.85787972 0.82356453 0.78753358 0.75047318
 0.71294952 0.67542586 0.63827744 0.60180444 0.56624327 0.53177629
 0.49854027 0.46663369 0.43612303 0.40704816 0.37942703 0.35325965
 0.32853148 0.30521634 0.28327892 0.26267681 0.24336234 0.225284
 0.2083877  0.19261782 0.17791804 0.16423203 0.15150405 0.13967934
 0.12870454 0.1185279  0.10909954 0.10037158 0.09229821 0.08483581
 0.0779429  0.07158021 0.06571063 0.06029917 0.05531289 0.05072088
 0.04649414 0.04260554 0.03902972 0.035743   0.03272334 0.02995017
 0.02740441]",60
931,325882,325882,9,"[1.         1.8        2.43       2.916      3.2805     3.54294
 3.720087   3.8263752  3.87420489]",8
932,193293,193293,30,"[0.25       0.45       0.6075     0.729      0.820125   0.885735
 0.93002175 0.9565938  0.96855122 0.96855122 0.95886571 0.94143179
 0.91789599 0.88965304 0.85787972 0.82356453 0.78753358 0.75047318
 0.71294952 0.67542586 0.63827744 0.60180444 0.56624327 0.53177629
 0.49854027 0.46663369 0.43612303 0.40704816 0.37942703 0.35325965
 0.32853148]",30
933,57612,57612,30,"[0.25       0.45       0.6075     0.729      0.820125   0.885735
 0.93002175 0.9565938  0.96855122 0.96855122 0.95886571 0.94143179
 0.91789599 0.88965304 0.85787972 0.82356453 0.78753358 0.75047318
 0.71294952 0.67542586 0.63827744 0.60180444 0.56624327 0.53177629
 0.49854027 0.46663369 0.43612303 0.40704816 0.37942703 0.35325965
 0.32853148]",30
934,164608,164608,30,"[0.25       0.45       0.6075     0.729      0.820125   0.885735
 0.93002175 0.9565938  0.96855122 0.96855122 0.95886571 0.94143179
 0.91789599 0.88965304 0.85787972 0.82356453 0.78753358 0.75047318
 0.71294952 0.67542586 0.63827744 0.60180444 0.56624327 0.53177629
 0.49854027 0.46663369 0.43612303 0.40704816 0.37942703 0.35325965
 0.32853148]",30
935,190141,190141,1,[1.  1.8],1
936,321191,321191,60,"[0.25       0.45       0.6075     0.729      0.820125   0.885735
 0.93002175 0.9565938  0.96855122 0.96855122 0.95886571 0.94143179
 0.91789599 0.88965304 0.85787972 0.82356453 0.78753358 0.75047318
 0.71294952 0.67542586 0.63827744 0.60180444 0.56624327 0.53177629
 0.49854027 0.46663369 0.43612303 0.40704816 0.37942703 0.35325965
 0.32853148 0.30521634 0.28327892 0.26267681 0.24336234 0.225284
 0.2083877  0.19261782 0.17791804 0.16423203 0.15150405 0.13967934
 0.12870454 0.1185279  0.10909954 0.10037158 0.09229821 0.08483581
 0.0779429  0.07158021 0.06571063 0.06029917 0.05531289 0.05072088
 0.04649414 0.04260554 0.03902972 0.035743   0.03272334 0.02995017
 0.02740441]",60
937,209639,209639,30,"[0.25       0.45       0.6075     0.729      0.820125   0.885735
 0.93002175 0.9565938  0.96855122 0.96855122 0.95886571 0.94143179
 0.91789599 0.88965304 0.85787972 0.82356453 0.78753358 0.75047318
 0.71294952 0.67542586 0.63827744 0.60180444 0.56624327 0.53177629
 0.49854027 0.46663369 0.43612303 0.40704816 0.37942703 0.35325965
 0.32853148]",30
938,33558,33558,60,"[0.25       0.45       0.6075     0.729      0.820125   0.885735
 0.93002175 0.9565938  0.96855122 0.96855122 0.95886571 0.94143179
 0.91789599 0.88965304 0.85787972 0.82356453 0.78753358 0.75047318
 0.71294952 0.67542586 0.63827744 0.60180444 0.56624327 0.53177629
 0.49854027 0.46663369 0.43612303 0.40704816 0.37942703 0.35325965
 0.32853148 0.30521634 0.28327892 0.26267681 0.24336234 0.225284
 0.2083877  0.19261782 0.17791804 0.16423203 0.15150405 0.13967934
 0.12870454 0.1185279  0.10909954 0.10037158 0.09229821 0.08483581
 0.0779429  0.07158021 0.06571063 0.06029917 0.05531289 0.05072088
 0.04649414 0.04260554 0.03902972 0.035743   0.03272334 0.02995017
 0.02740441]",60
939,267914,267914,60,"[0.25       0.45       0.6075     0.729      0.820125   0.885735
 0.93002175 0.9565938  0.96855122 0.96855122 0.95886571 0.94143179
 0.91789599 0.88965304 0.85787972 0.82356453 0.78753358 0.75047318
 0.71294952 0.67542586 0.63827744 0.60180444 0.56624327 0.53177629
 0.49854027 0.46663369 0.43612303 0.40704816 0.37942703 0.35325965
 0.32853148 0.30521634 0.28327892 0.26267681 0.24336234 0.225284
 0.2083877  0.19261782 0.17791804 0.16423203 0.15150405 0.13967934
 0.12870454 0.1185279  0.10909954 0.10037158 0.09229821 0.08483581
 0.0779429  0.07158021 0.06571063 0.06029917 0.05531289 0.05072088
 0.04649414 0.04260554 0.03902972 0.035743   0.03272334 0.02995017
 0.02740441]",60
940,65647,65647,60,"[0.25       0.45       0.6075     0.729      0.820125   0.885735
 0.93002175 0.9565938  0.96855122 0.96855122 0.95886571 0.94143179
 0.91789599 0.88965304 0.85787972 0.82356453 0.78753358 0.75047318
 0.71294952 0.67542586 0.63827744 0.60180444 0.56624327 0.53177629
 0.49854027 0.46663369 0.43612303 0.40704816 0.37942703 0.35325965
 0.32853148 0.30521634 0.28327892 0.26267681 0.24336234 0.225284
 0.2083877  0.19261782 0.17791804 0.16423203 0.15150405 0.13967934
 0.12870454 0.1185279  0.10909954 0.10037158 0.09229821 0.08483581
 0.0779429  0.07158021 0.06571063 0.06029917 0.05531289 0.05072088
 0.04649414 0.04260554 0.03902972 0.035743   0.03272334 0.02995017
 0.02740441]",60
941,340258,340258,30,"[0.25       0.45       0.6075     0.729      0.820125   0.885735
 0.93002175 0.9565938  0.96855122 0.96855122 0.95886571 0.94143179
 0.91789599 0.88965304 0.85787972 0.82356453 0.78753358 0.75047318
 0.71294952 0.67542586 0.63827744 0.60180444 0.56624327 0.53177629
 0.49854027 0.46663369 0.43612303 0.40704816 0.37942703 0.35325965
 0.32853148]",30
942,327427,327427,3,[0.29411765 0.52941176 0.71470588 0.85764706],3
943,140917,140917,6,[1.       1.8      2.43     2.916    3.2805   3.54294  3.720087],6
944,219537,219537,30,"[0.25       0.45       0.6075     0.729      0.820125   0.885735
 0.93002175 0.9565938  0.96855122 0.96855122 0.95886571 0.94143179
 0.91789599 0.88965304 0.85787972 0.82356453 0.78753358 0.75047318
 0.71294952 0.67542586 0.63827744 0.60180444 0.56624327 0.53177629
 0.49854027 0.46663369 0.43612303 0.40704816 0.37942703 0.35325965
 0.32853148]",30
945,293478,293478,30,"[0.25       0.45       0.6075     0.729      0.820125   0.885735
 0.93002175 0.9565938  0.96855122 0.96855122 0.95886571 0.94143179
 0.91789599 0.88965304 0.85787972 0.82356453 0.78753358 0.75047318
 0.71294952 0.67542586 0.63827744 0.60180444 0.56624327 0.53177629
 0.49854027 0.46663369 0.43612303 0.40704816 0.37942703 0.35325965
 0.32853148]",30
946,268627,268627,3,[0.29411765 0.52941176 0.71470588 0.85764706],3
947,11082,11082,60,"[0.25       0.45       0.6075     0.729      0.820125   0.885735
 0.93002175 0.9565938  0.96855122 0.96855122 0.95886571 0.94143179
 0.91789599 0.88965304 0.85787972 0.82356453 0.78753358 0.75047318
 0.71294952 0.67542586 0.63827744 0.60180444 0.56624327 0.53177629
 0.49854027 0.46663369 0.43612303 0.40704816 0.37942703 0.35325965
 0.32853148 0.30521634 0.28327892 0.26267681 0.24336234 0.225284
 0.2083877  0.19261782 0.17791804 0.16423203 0.15150405 0.13967934
 0.12870454 0.1185279  0.10909954 0.10037158 0.09229821 0.08483581
 0.0779429  0.07158021 0.06571063 0.06029917 0.05531289 0.05072088
 0.04649414 0.04260554 0.03902972 0.035743   0.03272334 0.02995017
 0.02740441]",60
948,64980,64980,30,"[0.25       0.45       0.6075     0.729      0.820125   0.885735
 0.93002175 0.9565938  0.96855122 0.96855122 0.95886571 0.94143179
 0.91789599 0.88965304 0.85787972 0.82356453 0.78753358 0.75047318
 0.71294952 0.67542586 0.63827744 0.60180444 0.56624327 0.53177629
 0.49854027 0.46663369 0.43612303 0.40704816 0.37942703 0.35325965
 0.32853148]",30
949,9964,9964,6,[1.       1.8      2.43     2.916    3.2805   3.54294  3.720087],6
950,54625,54625,30,"[0.25       0.45       0.6075     0.729      0.820125   0.885735
 0.93002175 0.9565938  0.96855122 0.96855122 0.95886571 0.94143179
 0.91789599 0.88965304 0.85787972 0.82356453 0.78753358 0.75047318
 0.71294952 0.67542586 0.63827744 0.60180444 0.56624327 0.53177629
 0.49854027 0.46663369 0.43612303 0.40704816 0.37942703 0.35325965
 0.32853148]",30
951,146207,146207,60,"[0.25       0.45       0.6075     0.729      0.820125   0.885735
 0.93002175 0.9565938  0.96855122 0.96855122 0.95886571 0.94143179
 0.91789599 0.88965304 0.85787972 0.82356453 0.78753358 0.75047318
 0.71294952 0.67542586 0.63827744 0.60180444 0.56624327 0.53177629
 0.49854027 0.46663369 0.43612303 0.40704816 0.37942703 0.35325965
 0.32853148 0.30521634 0.28327892 0.26267681 0.24336234 0.225284
 0.2083877  0.19261782 0.17791804 0.16423203 0.15150405 0.13967934
 0.12870454 0.1185279  0.10909954 0.10037158 0.09229821 0.08483581
 0.0779429  0.07158021 0.06571063 0.06029917 0.05531289 0.05072088
 0.04649414 0.04260554 0.03902972 0.035743   0.03272334 0.02995017
 0.02740441]",60
952,330955,330955,3,[0.29411765 0.52941176 0.71470588 0.85764706],3
953,195867,195867,9,"[1.         1.8        2.43       2.916      3.2805     3.54294
 3.720087   3.8263752  3.87420489]",8
954,91134,91134,3,[0.29411765 0.52941176 0.71470588 0.85764706],3
955,4955,4955,9,"[1.         1.8        2.43       2.916      3.2805     3.54294
 3.720087   3.8263752  3.87420489]",8
956,181766,181766,30,"[0.25       0.45       0.6075     0.729      0.820125   0.885735
 0.93002175 0.9565938  0.96855122 0.96855122 0.95886571 0.94143179
 0.91789599 0.88965304 0.85787972 0.82356453 0.78753358 0.75047318
 0.71294952 0.67542586 0.63827744 0.60180444 0.56624327 0.53177629
 0.49854027 0.46663369 0.43612303 0.40704816 0.37942703 0.35325965
 0.32853148]",30
957,194426,194426,60,"[0.25       0.45       0.6075     0.729      0.820125   0.885735
 0.93002175 0.9565938  0.96855122 0.96855122 0.95886571 0.94143179
 0.91789599 0.88965304 0.85787972 0.82356453 0.78753358 0.75047318
 0.71294952 0.67542586 0.63827744 0.60180444 0.56624327 0.53177629
 0.49854027 0.46663369 0.43612303 0.40704816 0.37942703 0.35325965
 0.32853148 0.30521634 0.28327892 0.26267681 0.24336234 0.225284
 0.2083877  0.19261782 0.17791804 0.16423203 0.15150405 0.13967934
 0.12870454 0.1185279  0.10909954 0.10037158 0.09229821 0.08483581
 0.0779429  0.07158021 0.06571063 0.06029917 0.05531289 0.05072088
 0.04649414 0.04260554 0.03902972 0.035743   0.03272334 0.02995017
 0.02740441]",60
958,285567,285567,30,"[0.25       0.45       0.6075     0.729      0.820125   0.885735
 0.93002175 0.9565938  0.96855122 0.96855122 0.95886571 0.94143179
 0.91789599 0.88965304 0.85787972 0.82356453 0.78753358 0.75047318
 0.71294952 0.67542586 0.63827744 0.60180444 0.56624327 0.53177629
 0.49854027 0.46663369 0.43612303 0.40704816 0.37942703 0.35325965
 0.32853148]",30
959,34234,34234,30,"[0.25       0.45       0.6075     0.729      0.820125   0.885735
 0.93002175 0.9565938  0.96855122 0.96855122 0.95886571 0.94143179
 0.91789599 0.88965304 0.85787972 0.82356453 0.78753358 0.75047318
 0.71294952 0.67542586 0.63827744 0.60180444 0.56624327 0.53177629
 0.49854027 0.46663369 0.43612303 0.40704816 0.37942703 0.35325965
 0.32853148]",30
960,8795,8795,30,"[0.25       0.45       0.6075     0.729      0.820125   0.885735
 0.93002175 0.9565938  0.96855122 0.96855122 0.95886571 0.94143179
 0.91789599 0.88965304 0.85787972 0.82356453 0.78753358 0.75047318
 0.71294952 0.67542586 0.63827744 0.60180444 0.56624327 0.53177629
 0.49854027 0.46663369 0.43612303 0.40704816 0.37942703 0.35325965
 0.32853148]",30
961,230467,230467,6,[1.       1.8      2.43     2.916    3.2805   3.54294  3.720087],6
962,249579,249579,6,[1.       1.8      2.43     2.916    3.2805   3.54294  3.720087],6
963,70183,70183,30,"[0.25       0.45       0.6075     0.729      0.820125   0.885735
 0.93002175 0.9565938  0.96855122 0.96855122 0.95886571 0.94143179
 0.91789599 0.88965304 0.85787972 0.82356453 0.78753358 0.75047318
 0.71294952 0.67542586 0.63827744 0.60180444 0.56624327 0.53177629
 0.49854027 0.46663369 0.43612303 0.40704816 0.37942703 0.35325965
 0.32853148]",30
964,115558,115558,3,[0.29411765 0.52941176 0.71470588 0.85764706],3
965,191572,191572,60,"[0.25       0.45       0.6075     0.729      0.820125   0.885735
 0.93002175 0.9565938  0.96855122 0.96855122 0.95886571 0.94143179
 0.91789599 0.88965304 0.85787972 0.82356453 0.78753358 0.75047318
 0.71294952 0.67542586 0.63827744 0.60180444 0.56624327 0.53177629
 0.49854027 0.46663369 0.43612303 0.40704816 0.37942703 0.35325965
 0.32853148 0.30521634 0.28327892 0.26267681 0.24336234 0.225284
 0.2083877  0.19261782 0.17791804 0.16423203 0.15150405 0.13967934
 0.12870454 0.1185279  0.10909954 0.10037158 0.09229821 0.08483581
 0.0779429  0.07158021 0.06571063 0.06029917 0.05531289 0.05072088
 0.04649414 0.04260554 0.03902972 0.035743   0.03272334 0.02995017
 0.02740441]",60
966,181927,181927,9,"[1.         1.8        2.43       2.916      3.2805     3.54294
 3.720087   3.8263752  3.87420489]",8
967,203703,203703,3,[0.29411765 0.52941176 0.71470588 0.85764706],3
968,163738,163738,3,[0.29411765 0.52941176 0.71470588 0.85764706],3
969,314457,314457,60,"[0.25       0.45       0.6075     0.729      0.820125   0.885735
 0.93002175 0.9565938  0.96855122 0.96855122 0.95886571 0.94143179
 0.91789599 0.88965304 0.85787972 0.82356453 0.78753358 0.75047318
 0.71294952 0.67542586 0.63827744 0.60180444 0.56624327 0.53177629
 0.49854027 0.46663369 0.43612303 0.40704816 0.37942703 0.35325965
 0.32853148 0.30521634 0.28327892 0.26267681 0.24336234 0.225284
 0.2083877  0.19261782 0.17791804 0.16423203 0.15150405 0.13967934
 0.12870454 0.1185279  0.10909954 0.10037158 0.09229821 0.08483581
 0.0779429  0.07158021 0.06571063 0.06029917 0.05531289 0.05072088
 0.04649414 0.04260554 0.03902972 0.035743   0.03272334 0.02995017
 0.02740441]",60
970,3784,3784,3,[0.29411765 0.52941176 0.71470588 0.85764706],3
971,158274,158274,60,"[0.25       0.45       0.6075     0.729      0.820125   0.885735
 0.93002175 0.9565938  0.96855122 0.96855122 0.95886571 0.94143179
 0.91789599 0.88965304 0.85787972 0.82356453 0.78753358 0.75047318
 0.71294952 0.67542586 0.63827744 0.60180444 0.56624327 0.53177629
 0.49854027 0.46663369 0.43612303 0.40704816 0.37942703 0.35325965
 0.32853148 0.30521634 0.28327892 0.26267681 0.24336234 0.225284
 0.2083877  0.19261782 0.17791804 0.16423203 0.15150405 0.13967934
 0.12870454 0.1185279  0.10909954 0.10037158 0.09229821 0.08483581
 0.0779429  0.07158021 0.06571063 0.06029917 0.05531289 0.05072088
 0.04649414 0.04260554 0.03902972 0.035743   0.03272334 0.02995017
 0.02740441]",60
972,47473,47473,1,[1.  1.8],1
973,279168,279168,30,"[0.25       0.45       0.6075     0.729      0.820125   0.885735
 0.93002175 0.9565938  0.96855122 0.96855122 0.95886571 0.94143179
 0.91789599 0.88965304 0.85787972 0.82356453 0.78753358 0.75047318
 0.71294952 0.67542586 0.63827744 0.60180444 0.56624327 0.53177629
 0.49854027 0.46663369 0.43612303 0.40704816 0.37942703 0.35325965
 0.32853148]",30
974,99297,99297,6,[1.       1.8      2.43     2.916    3.2805   3.54294  3.720087],6
975,16709,16709,3,[0.29411765 0.52941176 0.71470588 0.85764706],3
976,332583,332583,6,[1.       1.8      2.43     2.916    3.2805   3.54294  3.720087],6
977,231432,231432,1,[1.  1.8],1
978,93936,93936,1,[1.  1.8],1
979,100934,100934,1,[1.  1.8],1
980,184135,184135,30,"[0.25       0.45       0.6075     0.729      0.820125   0.885735
 0.93002175 0.9565938  0.96855122 0.96855122 0.95886571 0.94143179
 0.91789599 0.88965304 0.85787972 0.82356453 0.78753358 0.75047318
 0.71294952 0.67542586 0.63827744 0.60180444 0.56624327 0.53177629
 0.49854027 0.46663369 0.43612303 0.40704816 0.37942703 0.35325965
 0.32853148]",30
981,127501,127501,1,[1.  1.8],1
982,239832,239832,30,"[0.25       0.45       0.6075     0.729      0.820125   0.885735
 0.93002175 0.9565938  0.96855122 0.96855122 0.95886571 0.94143179
 0.91789599 0.88965304 0.85787972 0.82356453 0.78753358 0.75047318
 0.71294952 0.67542586 0.63827744 0.60180444 0.56624327 0.53177629
 0.49854027 0.46663369 0.43612303 0.40704816 0.37942703 0.35325965
 0.32853148]",30
983,181690,181690,3,[0.29411765 0.52941176 0.71470588 0.85764706],3
984,277396,277396,60,"[0.25       0.45       0.6075     0.729      0.820125   0.885735
 0.93002175 0.9565938  0.96855122 0.96855122 0.95886571 0.94143179
 0.91789599 0.88965304 0.85787972 0.82356453 0.78753358 0.75047318
 0.71294952 0.67542586 0.63827744 0.60180444 0.56624327 0.53177629
 0.49854027 0.46663369 0.43612303 0.40704816 0.37942703 0.35325965
 0.32853148 0.30521634 0.28327892 0.26267681 0.24336234 0.225284
 0.2083877  0.19261782 0.17791804 0.16423203 0.15150405 0.13967934
 0.12870454 0.1185279  0.10909954 0.10037158 0.09229821 0.08483581
 0.0779429  0.07158021 0.06571063 0.06029917 0.05531289 0.05072088
 0.04649414 0.04260554 0.03902972 0.035743   0.03272334 0.02995017
 0.02740441]",60
985,273856,273856,9,"[1.         1.8        2.43       2.916      3.2805     3.54294
 3.720087   3.8263752  3.87420489]",8
986,119512,119512,6,[1.       1.8      2.43     2.916    3.2805   3.54294  3.720087],6
987,133030,133030,60,"[0.25       0.45       0.6075     0.729      0.820125   0.885735
 0.93002175 0.9565938  0.96855122 0.96855122 0.95886571 0.94143179
 0.91789599 0.88965304 0.85787972 0.82356453 0.78753358 0.75047318
 0.71294952 0.67542586 0.63827744 0.60180444 0.56624327 0.53177629
 0.49854027 0.46663369 0.43612303 0.40704816 0.37942703 0.35325965
 0.32853148 0.30521634 0.28327892 0.26267681 0.24336234 0.225284
 0.2083877  0.19261782 0.17791804 0.16423203 0.15150405 0.13967934
 0.12870454 0.1185279  0.10909954 0.10037158 0.09229821 0.08483581
 0.0779429  0.07158021 0.06571063 0.06029917 0.05531289 0.05072088
 0.04649414 0.04260554 0.03902972 0.035743   0.03272334 0.02995017
 0.02740441]",60
988,102656,102656,60,"[0.25       0.45       0.6075     0.729      0.820125   0.885735
 0.93002175 0.9565938  0.96855122 0.96855122 0.95886571 0.94143179
 0.91789599 0.88965304 0.85787972 0.82356453 0.78753358 0.75047318
 0.71294952 0.67542586 0.63827744 0.60180444 0.56624327 0.53177629
 0.49854027 0.46663369 0.43612303 0.40704816 0.37942703 0.35325965
 0.32853148 0.30521634 0.28327892 0.26267681 0.24336234 0.225284
 0.2083877  0.19261782 0.17791804 0.16423203 0.15150405 0.13967934
 0.12870454 0.1185279  0.10909954 0.10037158 0.09229821 0.08483581
 0.0779429  0.07158021 0.06571063 0.06029917 0.05531289 0.05072088
 0.04649414 0.04260554 0.03902972 0.035743   0.03272334 0.02995017
 0.02740441]",60
989,226506,226506,30,"[0.25       0.45       0.6075     0.729      0.820125   0.885735
 0.93002175 0.9565938  0.96855122 0.96855122 0.95886571 0.94143179
 0.91789599 0.88965304 0.85787972 0.82356453 0.78753358 0.75047318
 0.71294952 0.67542586 0.63827744 0.60180444 0.56624327 0.53177629
 0.49854027 0.46663369 0.43612303 0.40704816 0.37942703 0.35325965
 0.32853148]",30
990,164629,164629,1,[1.  1.8],1
991,97267,97267,30,"[0.25       0.45       0.6075     0.729      0.820125   0.885735
 0.93002175 0.9565938  0.96855122 0.96855122 0.95886571 0.94143179
 0.91789599 0.88965304 0.85787972 0.82356453 0.78753358 0.75047318
 0.71294952 0.67542586 0.63827744 0.60180444 0.56624327 0.53177629
 0.49854027 0.46663369 0.43612303 0.40704816 0.37942703 0.35325965
 0.32853148]",30
992,174221,174221,3,[0.29411765 0.52941176 0.71470588 0.85764706],3
993,287029,287029,6,[1.       1.8      2.43     2.916    3.2805   3.54294  3.720087],6
994,80378,80378,9,"[1.         1.8        2.43       2.916      3.2805     3.54294
 3.720087   3.8263752  3.87420489]",8
995,285429,285429,9,"[1.         1.8        2.43       2.916      3.2805     3.54294
 3.720087   3.8263752  3.87420489]",8
996,330958,330958,3,[0.29411765 0.52941176 0.71470588 0.85764706],3
997,19812,19812,9,"[1.         1.8        2.43       2.916      3.2805     3.54294
 3.720087   3.8263752  3.87420489]",8
998,280706,280706,6,[1.       1.8      2.43     2.916    3.2805   3.54294  3.720087],6
999,210152,210152,30,"[0.25       0.45       0.6075     0.729      0.820125   0.885735
 0.93002175 0.9565938  0.96855122 0.96855122 0.95886571 0.94143179
 0.91789599 0.88965304 0.85787972 0.82356453 0.78753358 0.75047318
 0.71294952 0.67542586 0.63827744 0.60180444 0.56624327 0.53177629
 0.49854027 0.46663369 0.43612303 0.40704816 0.37942703 0.35325965
 0.32853148]",30
1000,201733,201733,30,"[0.25       0.45       0.6075     0.729      0.820125   0.885735
 0.93002175 0.9565938  0.96855122 0.96855122 0.95886571 0.94143179
 0.91789599 0.88965304 0.85787972 0.82356453 0.78753358 0.75047318
 0.71294952 0.67542586 0.63827744 0.60180444 0.56624327 0.53177629
 0.49854027 0.46663369 0.43612303 0.40704816 0.37942703 0.35325965
 0.32853148]",30
1001,218806,218806,6,[1.       1.8      2.43     2.916    3.2805   3.54294  3.720087],6
1002,136332,136332,30,"[0.25       0.45       0.6075     0.729      0.820125   0.885735
 0.93002175 0.9565938  0.96855122 0.96855122 0.95886571 0.94143179
 0.91789599 0.88965304 0.85787972 0.82356453 0.78753358 0.75047318
 0.71294952 0.67542586 0.63827744 0.60180444 0.56624327 0.53177629
 0.49854027 0.46663369 0.43612303 0.40704816 0.37942703 0.35325965
 0.32853148]",30
1003,305455,305455,6,[1.       1.8      2.43     2.916    3.2805   3.54294  3.720087],6
1004,292745,292745,3,[0.29411765 0.52941176 0.71470588 0.85764706],3
1005,71393,71393,1,[1.  1.8],1
1006,102034,102034,3,[0.29411765 0.52941176 0.71470588 0.85764706],3
1007,177191,177191,9,"[1.         1.8        2.43       2.916      3.2805     3.54294
 3.720087   3.8263752  3.87420489]",8
1008,157851,157851,9,"[1.         1.8        2.43       2.916      3.2805     3.54294
 3.720087   3.8263752  3.87420489]",8
1009,271689,271689,1,[1.  1.8],1
1010,324848,324848,30,"[0.25       0.45       0.6075     0.729      0.820125   0.885735
 0.93002175 0.9565938  0.96855122 0.96855122 0.95886571 0.94143179
 0.91789599 0.88965304 0.85787972 0.82356453 0.78753358 0.75047318
 0.71294952 0.67542586 0.63827744 0.60180444 0.56624327 0.53177629
 0.49854027 0.46663369 0.43612303 0.40704816 0.37942703 0.35325965
 0.32853148]",30
1011,330924,330924,1,[1.  1.8],1
1012,330065,330065,60,"[0.25       0.45       0.6075     0.729      0.820125   0.885735
 0.93002175 0.9565938  0.96855122 0.96855122 0.95886571 0.94143179
 0.91789599 0.88965304 0.85787972 0.82356453 0.78753358 0.75047318
 0.71294952 0.67542586 0.63827744 0.60180444 0.56624327 0.53177629
 0.49854027 0.46663369 0.43612303 0.40704816 0.37942703 0.35325965
 0.32853148 0.30521634 0.28327892 0.26267681 0.24336234 0.225284
 0.2083877  0.19261782 0.17791804 0.16423203 0.15150405 0.13967934
 0.12870454 0.1185279  0.10909954 0.10037158 0.09229821 0.08483581
 0.0779429  0.07158021 0.06571063 0.06029917 0.05531289 0.05072088
 0.04649414 0.04260554 0.03902972 0.035743   0.03272334 0.02995017
 0.02740441]",60
1013,19220,19220,9,"[1.         1.8        2.43       2.916      3.2805     3.54294
 3.720087   3.8263752  3.87420489]",8
1014,296162,296162,6,[1.       1.8      2.43     2.916    3.2805   3.54294  3.720087],6
1015,52297,52297,9,"[1.         1.8        2.43       2.916      3.2805     3.54294
 3.720087   3.8263752  3.87420489]",8
1016,103992,103992,60,"[0.25       0.45       0.6075     0.729      0.820125   0.885735
 0.93002175 0.9565938  0.96855122 0.96855122 0.95886571 0.94143179
 0.91789599 0.88965304 0.85787972 0.82356453 0.78753358 0.75047318
 0.71294952 0.67542586 0.63827744 0.60180444 0.56624327 0.53177629
 0.49854027 0.46663369 0.43612303 0.40704816 0.37942703 0.35325965
 0.32853148 0.30521634 0.28327892 0.26267681 0.24336234 0.225284
 0.2083877  0.19261782 0.17791804 0.16423203 0.15150405 0.13967934
 0.12870454 0.1185279  0.10909954 0.10037158 0.09229821 0.08483581
 0.0779429  0.07158021 0.06571063 0.06029917 0.05531289 0.05072088
 0.04649414 0.04260554 0.03902972 0.035743   0.03272334 0.02995017
 0.02740441]",60
1017,343628,343628,30,"[0.25       0.45       0.6075     0.729      0.820125   0.885735
 0.93002175 0.9565938  0.96855122 0.96855122 0.95886571 0.94143179
 0.91789599 0.88965304 0.85787972 0.82356453 0.78753358 0.75047318
 0.71294952 0.67542586 0.63827744 0.60180444 0.56624327 0.53177629
 0.49854027 0.46663369 0.43612303 0.40704816 0.37942703 0.35325965
 0.32853148]",30
1018,32494,32494,6,[1.       1.8      2.43     2.916    3.2805   3.54294  3.720087],6
1019,137650,137650,30,"[0.25       0.45       0.6075     0.729      0.820125   0.885735
 0.93002175 0.9565938  0.96855122 0.96855122 0.95886571 0.94143179
 0.91789599 0.88965304 0.85787972 0.82356453 0.78753358 0.75047318
 0.71294952 0.67542586 0.63827744 0.60180444 0.56624327 0.53177629
 0.49854027 0.46663369 0.43612303 0.40704816 0.37942703 0.35325965
 0.32853148]",30
1020,128161,128161,30,"[0.25       0.45       0.6075     0.729      0.820125   0.885735
 0.93002175 0.9565938  0.96855122 0.96855122 0.95886571 0.94143179
 0.91789599 0.88965304 0.85787972 0.82356453 0.78753358 0.75047318
 0.71294952 0.67542586 0.63827744 0.60180444 0.56624327 0.53177629
 0.49854027 0.46663369 0.43612303 0.40704816 0.37942703 0.35325965
 0.32853148]",30
1021,160772,160772,6,[1.       1.8      2.43     2.916    3.2805   3.54294  3.720087],6
1022,306437,306437,30,"[0.25       0.45       0.6075     0.729      0.820125   0.885735
 0.93002175 0.9565938  0.96855122 0.96855122 0.95886571 0.94143179
 0.91789599 0.88965304 0.85787972 0.82356453 0.78753358 0.75047318
 0.71294952 0.67542586 0.63827744 0.60180444 0.56624327 0.53177629
 0.49854027 0.46663369 0.43612303 0.40704816 0.37942703 0.35325965
 0.32853148]",30
1023,146066,146066,1,[1.  1.8],1
1024,12729,12729,3,[0.29411765 0.52941176 0.71470588 0.85764706],3
1025,14851,14851,60,"[0.25       0.45       0.6075     0.729      0.820125   0.885735
 0.93002175 0.9565938  0.96855122 0.96855122 0.95886571 0.94143179
 0.91789599 0.88965304 0.85787972 0.82356453 0.78753358 0.75047318
 0.71294952 0.67542586 0.63827744 0.60180444 0.56624327 0.53177629
 0.49854027 0.46663369 0.43612303 0.40704816 0.37942703 0.35325965
 0.32853148 0.30521634 0.28327892 0.26267681 0.24336234 0.225284
 0.2083877  0.19261782 0.17791804 0.16423203 0.15150405 0.13967934
 0.12870454 0.1185279  0.10909954 0.10037158 0.09229821 0.08483581
 0.0779429  0.07158021 0.06571063 0.06029917 0.05531289 0.05072088
 0.04649414 0.04260554 0.03902972 0.035743   0.03272334 0.02995017
 0.02740441]",60
1026,341488,341488,60,"[0.25       0.45       0.6075     0.729      0.820125   0.885735
 0.93002175 0.9565938  0.96855122 0.96855122 0.95886571 0.94143179
 0.91789599 0.88965304 0.85787972 0.82356453 0.78753358 0.75047318
 0.71294952 0.67542586 0.63827744 0.60180444 0.56624327 0.53177629
 0.49854027 0.46663369 0.43612303 0.40704816 0.37942703 0.35325965
 0.32853148 0.30521634 0.28327892 0.26267681 0.24336234 0.225284
 0.2083877  0.19261782 0.17791804 0.16423203 0.15150405 0.13967934
 0.12870454 0.1185279  0.10909954 0.10037158 0.09229821 0.08483581
 0.0779429  0.07158021 0.06571063 0.06029917 0.05531289 0.05072088
 0.04649414 0.04260554 0.03902972 0.035743   0.03272334 0.02995017
 0.02740441]",60
1027,263956,263956,30,"[0.25       0.45       0.6075     0.729      0.820125   0.885735
 0.93002175 0.9565938  0.96855122 0.96855122 0.95886571 0.94143179
 0.91789599 0.88965304 0.85787972 0.82356453 0.78753358 0.75047318
 0.71294952 0.67542586 0.63827744 0.60180444 0.56624327 0.53177629
 0.49854027 0.46663369 0.43612303 0.40704816 0.37942703 0.35325965
 0.32853148]",30
1028,134929,134929,3,[0.29411765 0.52941176 0.71470588 0.85764706],3
1029,207666,207666,30,"[0.25       0.45       0.6075     0.729      0.820125   0.885735
 0.93002175 0.9565938  0.96855122 0.96855122 0.95886571 0.94143179
 0.91789599 0.88965304 0.85787972 0.82356453 0.78753358 0.75047318
 0.71294952 0.67542586 0.63827744 0.60180444 0.56624327 0.53177629
 0.49854027 0.46663369 0.43612303 0.40704816 0.37942703 0.35325965
 0.32853148]",30
1030,60687,60687,3,[0.29411765 0.52941176 0.71470588 0.85764706],3
1031,78897,78897,1,[1.  1.8],1
1032,94189,94189,60,"[0.25       0.45       0.6075     0.729      0.820125   0.885735
 0.93002175 0.9565938  0.96855122 0.96855122 0.95886571 0.94143179
 0.91789599 0.88965304 0.85787972 0.82356453 0.78753358 0.75047318
 0.71294952 0.67542586 0.63827744 0.60180444 0.56624327 0.53177629
 0.49854027 0.46663369 0.43612303 0.40704816 0.37942703 0.35325965
 0.32853148 0.30521634 0.28327892 0.26267681 0.24336234 0.225284
 0.2083877  0.19261782 0.17791804 0.16423203 0.15150405 0.13967934
 0.12870454 0.1185279  0.10909954 0.10037158 0.09229821 0.08483581
 0.0779429  0.07158021 0.06571063 0.06029917 0.05531289 0.05072088
 0.04649414 0.04260554 0.03902972 0.035743   0.03272334 0.02995017
 0.02740441]",60
1033,308563,308563,30,"[0.25       0.45       0.6075     0.729      0.820125   0.885735
 0.93002175 0.9565938  0.96855122 0.96855122 0.95886571 0.94143179
 0.91789599 0.88965304 0.85787972 0.82356453 0.78753358 0.75047318
 0.71294952 0.67542586 0.63827744 0.60180444 0.56624327 0.53177629
 0.49854027 0.46663369 0.43612303 0.40704816 0.37942703 0.35325965
 0.32853148]",30
1034,325899,325899,6,[1.       1.8      2.43     2.916    3.2805   3.54294  3.720087],6
1035,259724,259724,60,"[0.25       0.45       0.6075     0.729      0.820125   0.885735
 0.93002175 0.9565938  0.96855122 0.96855122 0.95886571 0.94143179
 0.91789599 0.88965304 0.85787972 0.82356453 0.78753358 0.75047318
 0.71294952 0.67542586 0.63827744 0.60180444 0.56624327 0.53177629
 0.49854027 0.46663369 0.43612303 0.40704816 0.37942703 0.35325965
 0.32853148 0.30521634 0.28327892 0.26267681 0.24336234 0.225284
 0.2083877  0.19261782 0.17791804 0.16423203 0.15150405 0.13967934
 0.12870454 0.1185279  0.10909954 0.10037158 0.09229821 0.08483581
 0.0779429  0.07158021 0.06571063 0.06029917 0.05531289 0.05072088
 0.04649414 0.04260554 0.03902972 0.035743   0.03272334 0.02995017
 0.02740441]",60
1036,236068,236068,9,"[1.         1.8        2.43       2.916      3.2805     3.54294
 3.720087   3.8263752  3.87420489]",8
1037,95297,95297,30,"[0.25       0.45       0.6075     0.729      0.820125   0.885735
 0.93002175 0.9565938  0.96855122 0.96855122 0.95886571 0.94143179
 0.91789599 0.88965304 0.85787972 0.82356453 0.78753358 0.75047318
 0.71294952 0.67542586 0.63827744 0.60180444 0.56624327 0.53177629
 0.49854027 0.46663369 0.43612303 0.40704816 0.37942703 0.35325965
 0.32853148]",30
1038,133992,133992,1,[1.  1.8],1
1039,9531,9531,60,"[0.25       0.45       0.6075     0.729      0.820125   0.885735
 0.93002175 0.9565938  0.96855122 0.96855122 0.95886571 0.94143179
 0.91789599 0.88965304 0.85787972 0.82356453 0.78753358 0.75047318
 0.71294952 0.67542586 0.63827744 0.60180444 0.56624327 0.53177629
 0.49854027 0.46663369 0.43612303 0.40704816 0.37942703 0.35325965
 0.32853148 0.30521634 0.28327892 0.26267681 0.24336234 0.225284
 0.2083877  0.19261782 0.17791804 0.16423203 0.15150405 0.13967934
 0.12870454 0.1185279  0.10909954 0.10037158 0.09229821 0.08483581
 0.0779429  0.07158021 0.06571063 0.06029917 0.05531289 0.05072088
 0.04649414 0.04260554 0.03902972 0.035743   0.03272334 0.02995017
 0.02740441]",60
1040,223707,223707,30,"[0.25       0.45       0.6075     0.729      0.820125   0.885735
 0.93002175 0.9565938  0.96855122 0.96855122 0.95886571 0.94143179
 0.91789599 0.88965304 0.85787972 0.82356453 0.78753358 0.75047318
 0.71294952 0.67542586 0.63827744 0.60180444 0.56624327 0.53177629
 0.49854027 0.46663369 0.43612303 0.40704816 0.37942703 0.35325965
 0.32853148]",30
1041,105844,105844,6,[1.       1.8      2.43     2.916    3.2805   3.54294  3.720087],6
1042,276414,276414,3,[0.29411765 0.52941176 0.71470588 0.85764706],3
1043,245443,245443,6,[1.       1.8      2.43     2.916    3.2805   3.54294  3.720087],6
1044,156744,156744,3,[0.29411765 0.52941176 0.71470588 0.85764706],3
1045,259807,259807,9,"[1.         1.8        2.43       2.916      3.2805     3.54294
 3.720087   3.8263752  3.87420489]",8
1046,313067,313067,3,[0.29411765 0.52941176 0.71470588 0.85764706],3
1047,74706,74706,60,"[0.25       0.45       0.6075     0.729      0.820125   0.885735
 0.93002175 0.9565938  0.96855122 0.96855122 0.95886571 0.94143179
 0.91789599 0.88965304 0.85787972 0.82356453 0.78753358 0.75047318
 0.71294952 0.67542586 0.63827744 0.60180444 0.56624327 0.53177629
 0.49854027 0.46663369 0.43612303 0.40704816 0.37942703 0.35325965
 0.32853148 0.30521634 0.28327892 0.26267681 0.24336234 0.225284
 0.2083877  0.19261782 0.17791804 0.16423203 0.15150405 0.13967934
 0.12870454 0.1185279  0.10909954 0.10037158 0.09229821 0.08483581
 0.0779429  0.07158021 0.06571063 0.06029917 0.05531289 0.05072088
 0.04649414 0.04260554 0.03902972 0.035743   0.03272334 0.02995017
 0.02740441]",60
1048,92075,92075,1,[1.  1.8],1
1049,289013,289013,60,"[0.25       0.45       0.6075     0.729      0.820125   0.885735
 0.93002175 0.9565938  0.96855122 0.96855122 0.95886571 0.94143179
 0.91789599 0.88965304 0.85787972 0.82356453 0.78753358 0.75047318
 0.71294952 0.67542586 0.63827744 0.60180444 0.56624327 0.53177629
 0.49854027 0.46663369 0.43612303 0.40704816 0.37942703 0.35325965
 0.32853148 0.30521634 0.28327892 0.26267681 0.24336234 0.225284
 0.2083877  0.19261782 0.17791804 0.16423203 0.15150405 0.13967934
 0.12870454 0.1185279  0.10909954 0.10037158 0.09229821 0.08483581
 0.0779429  0.07158021 0.06571063 0.06029917 0.05531289 0.05072088
 0.04649414 0.04260554 0.03902972 0.035743   0.03272334 0.02995017
 0.02740441]",60
1050,206649,206649,30,"[0.25       0.45       0.6075     0.729      0.820125   0.885735
 0.93002175 0.9565938  0.96855122 0.96855122 0.95886571 0.94143179
 0.91789599 0.88965304 0.85787972 0.82356453 0.78753358 0.75047318
 0.71294952 0.67542586 0.63827744 0.60180444 0.56624327 0.53177629
 0.49854027 0.46663369 0.43612303 0.40704816 0.37942703 0.35325965
 0.32853148]",30
1051,163770,163770,60,"[0.25       0.45       0.6075     0.729      0.820125   0.885735
 0.93002175 0.9565938  0.96855122 0.96855122 0.95886571 0.94143179
 0.91789599 0.88965304 0.85787972 0.82356453 0.78753358 0.75047318
 0.71294952 0.67542586 0.63827744 0.60180444 0.56624327 0.53177629
 0.49854027 0.46663369 0.43612303 0.40704816 0.37942703 0.35325965
 0.32853148 0.30521634 0.28327892 0.26267681 0.24336234 0.225284
 0.2083877  0.19261782 0.17791804 0.16423203 0.15150405 0.13967934
 0.12870454 0.1185279  0.10909954 0.10037158 0.09229821 0.08483581
 0.0779429  0.07158021 0.06571063 0.06029917 0.05531289 0.05072088
 0.04649414 0.04260554 0.03902972 0.035743   0.03272334 0.02995017
 0.02740441]",60
1052,329592,329592,60,"[0.25       0.45       0.6075     0.729      0.820125   0.885735
 0.93002175 0.9565938  0.96855122 0.96855122 0.95886571 0.94143179
 0.91789599 0.88965304 0.85787972 0.82356453 0.78753358 0.75047318
 0.71294952 0.67542586 0.63827744 0.60180444 0.56624327 0.53177629
 0.49854027 0.46663369 0.43612303 0.40704816 0.37942703 0.35325965
 0.32853148 0.30521634 0.28327892 0.26267681 0.24336234 0.225284
 0.2083877  0.19261782 0.17791804 0.16423203 0.15150405 0.13967934
 0.12870454 0.1185279  0.10909954 0.10037158 0.09229821 0.08483581
 0.0779429  0.07158021 0.06571063 0.06029917 0.05531289 0.05072088
 0.04649414 0.04260554 0.03902972 0.035743   0.03272334 0.02995017
 0.02740441]",60
1053,237460,237460,3,[0.29411765 0.52941176 0.71470588 0.85764706],3
1054,311264,311264,30,"[0.25       0.45       0.6075     0.729      0.820125   0.885735
 0.93002175 0.9565938  0.96855122 0.96855122 0.95886571 0.94143179
 0.91789599 0.88965304 0.85787972 0.82356453 0.78753358 0.75047318
 0.71294952 0.67542586 0.63827744 0.60180444 0.56624327 0.53177629
 0.49854027 0.46663369 0.43612303 0.40704816 0.37942703 0.35325965
 0.32853148]",30
1055,128084,128084,30,"[0.25       0.45       0.6075     0.729      0.820125   0.885735
 0.93002175 0.9565938  0.96855122 0.96855122 0.95886571 0.94143179
 0.91789599 0.88965304 0.85787972 0.82356453 0.78753358 0.75047318
 0.71294952 0.67542586 0.63827744 0.60180444 0.56624327 0.53177629
 0.49854027 0.46663369 0.43612303 0.40704816 0.37942703 0.35325965
 0.32853148]",30
1056,122049,122049,30,"[0.25       0.45       0.6075     0.729      0.820125   0.885735
 0.93002175 0.9565938  0.96855122 0.96855122 0.95886571 0.94143179
 0.91789599 0.88965304 0.85787972 0.82356453 0.78753358 0.75047318
 0.71294952 0.67542586 0.63827744 0.60180444 0.56624327 0.53177629
 0.49854027 0.46663369 0.43612303 0.40704816 0.37942703 0.35325965
 0.32853148]",30
1057,219630,219630,6,[1.       1.8      2.43     2.916    3.2805   3.54294  3.720087],6
1058,285791,285791,60,"[0.25       0.45       0.6075     0.729      0.820125   0.885735
 0.93002175 0.9565938  0.96855122 0.96855122 0.95886571 0.94143179
 0.91789599 0.88965304 0.85787972 0.82356453 0.78753358 0.75047318
 0.71294952 0.67542586 0.63827744 0.60180444 0.56624327 0.53177629
 0.49854027 0.46663369 0.43612303 0.40704816 0.37942703 0.35325965
 0.32853148 0.30521634 0.28327892 0.26267681 0.24336234 0.225284
 0.2083877  0.19261782 0.17791804 0.16423203 0.15150405 0.13967934
 0.12870454 0.1185279  0.10909954 0.10037158 0.09229821 0.08483581
 0.0779429  0.07158021 0.06571063 0.06029917 0.05531289 0.05072088
 0.04649414 0.04260554 0.03902972 0.035743   0.03272334 0.02995017
 0.02740441]",60
1059,125282,125282,1,[1.  1.8],1
1060,122611,122611,3,[0.29411765 0.52941176 0.71470588 0.85764706],3
1061,298610,298610,6,[1.       1.8      2.43     2.916    3.2805   3.54294  3.720087],6
1062,298975,298975,60,"[0.25       0.45       0.6075     0.729      0.820125   0.885735
 0.93002175 0.9565938  0.96855122 0.96855122 0.95886571 0.94143179
 0.91789599 0.88965304 0.85787972 0.82356453 0.78753358 0.75047318
 0.71294952 0.67542586 0.63827744 0.60180444 0.56624327 0.53177629
 0.49854027 0.46663369 0.43612303 0.40704816 0.37942703 0.35325965
 0.32853148 0.30521634 0.28327892 0.26267681 0.24336234 0.225284
 0.2083877  0.19261782 0.17791804 0.16423203 0.15150405 0.13967934
 0.12870454 0.1185279  0.10909954 0.10037158 0.09229821 0.08483581
 0.0779429  0.07158021 0.06571063 0.06029917 0.05531289 0.05072088
 0.04649414 0.04260554 0.03902972 0.035743   0.03272334 0.02995017
 0.02740441]",60
1063,3920,3920,6,[1.       1.8      2.43     2.916    3.2805   3.54294  3.720087],6
1064,259926,259926,30,"[0.25       0.45       0.6075     0.729      0.820125   0.885735
 0.93002175 0.9565938  0.96855122 0.96855122 0.95886571 0.94143179
 0.91789599 0.88965304 0.85787972 0.82356453 0.78753358 0.75047318
 0.71294952 0.67542586 0.63827744 0.60180444 0.56624327 0.53177629
 0.49854027 0.46663369 0.43612303 0.40704816 0.37942703 0.35325965
 0.32853148]",30
1065,191999,191999,30,"[0.25       0.45       0.6075     0.729      0.820125   0.885735
 0.93002175 0.9565938  0.96855122 0.96855122 0.95886571 0.94143179
 0.91789599 0.88965304 0.85787972 0.82356453 0.78753358 0.75047318
 0.71294952 0.67542586 0.63827744 0.60180444 0.56624327 0.53177629
 0.49854027 0.46663369 0.43612303 0.40704816 0.37942703 0.35325965
 0.32853148]",30
1066,107058,107058,30,"[0.25       0.45       0.6075     0.729      0.820125   0.885735
 0.93002175 0.9565938  0.96855122 0.96855122 0.95886571 0.94143179
 0.91789599 0.88965304 0.85787972 0.82356453 0.78753358 0.75047318
 0.71294952 0.67542586 0.63827744 0.60180444 0.56624327 0.53177629
 0.49854027 0.46663369 0.43612303 0.40704816 0.37942703 0.35325965
 0.32853148]",30
1067,84008,84008,6,[1.       1.8      2.43     2.916    3.2805   3.54294  3.720087],6
1068,66407,66407,30,"[0.25       0.45       0.6075     0.729      0.820125   0.885735
 0.93002175 0.9565938  0.96855122 0.96855122 0.95886571 0.94143179
 0.91789599 0.88965304 0.85787972 0.82356453 0.78753358 0.75047318
 0.71294952 0.67542586 0.63827744 0.60180444 0.56624327 0.53177629
 0.49854027 0.46663369 0.43612303 0.40704816 0.37942703 0.35325965
 0.32853148]",30
1069,341959,341959,9,"[1.         1.8        2.43       2.916      3.2805     3.54294
 3.720087   3.8263752  3.87420489]",8
1070,318788,318788,30,"[0.25       0.45       0.6075     0.729      0.820125   0.885735
 0.93002175 0.9565938  0.96855122 0.96855122 0.95886571 0.94143179
 0.91789599 0.88965304 0.85787972 0.82356453 0.78753358 0.75047318
 0.71294952 0.67542586 0.63827744 0.60180444 0.56624327 0.53177629
 0.49854027 0.46663369 0.43612303 0.40704816 0.37942703 0.35325965
 0.32853148]",30
1071,144572,144572,1,[1.  1.8],1
1072,99466,99466,1,[1.  1.8],1
1073,20093,20093,3,[0.29411765 0.52941176 0.71470588 0.85764706],3
1074,236844,236844,6,[1.       1.8      2.43     2.916    3.2805   3.54294  3.720087],6
1075,11428,11428,1,[1.  1.8],1
1076,79016,79016,1,[1.  1.8],1
1077,119520,119520,60,"[0.25       0.45       0.6075     0.729      0.820125   0.885735
 0.93002175 0.9565938  0.96855122 0.96855122 0.95886571 0.94143179
 0.91789599 0.88965304 0.85787972 0.82356453 0.78753358 0.75047318
 0.71294952 0.67542586 0.63827744 0.60180444 0.56624327 0.53177629
 0.49854027 0.46663369 0.43612303 0.40704816 0.37942703 0.35325965
 0.32853148 0.30521634 0.28327892 0.26267681 0.24336234 0.225284
 0.2083877  0.19261782 0.17791804 0.16423203 0.15150405 0.13967934
 0.12870454 0.1185279  0.10909954 0.10037158 0.09229821 0.08483581
 0.0779429  0.07158021 0.06571063 0.06029917 0.05531289 0.05072088
 0.04649414 0.04260554 0.03902972 0.035743   0.03272334 0.02995017
 0.02740441]",60
1078,131967,131967,3,[0.29411765 0.52941176 0.71470588 0.85764706],3
1079,237883,237883,3,[0.29411765 0.52941176 0.71470588 0.85764706],3
1080,157244,157244,1,[1.  1.8],1
1081,122703,122703,30,"[0.25       0.45       0.6075     0.729      0.820125   0.885735
 0.93002175 0.9565938  0.96855122 0.96855122 0.95886571 0.94143179
 0.91789599 0.88965304 0.85787972 0.82356453 0.78753358 0.75047318
 0.71294952 0.67542586 0.63827744 0.60180444 0.56624327 0.53177629
 0.49854027 0.46663369 0.43612303 0.40704816 0.37942703 0.35325965
 0.32853148]",30
1082,205193,205193,9,"[1.         1.8        2.43       2.916      3.2805     3.54294
 3.720087   3.8263752  3.87420489]",8
1083,179156,179156,6,[1.       1.8      2.43     2.916    3.2805   3.54294  3.720087],6
1084,277871,277871,30,"[0.25       0.45       0.6075     0.729      0.820125   0.885735
 0.93002175 0.9565938  0.96855122 0.96855122 0.95886571 0.94143179
 0.91789599 0.88965304 0.85787972 0.82356453 0.78753358 0.75047318
 0.71294952 0.67542586 0.63827744 0.60180444 0.56624327 0.53177629
 0.49854027 0.46663369 0.43612303 0.40704816 0.37942703 0.35325965
 0.32853148]",30
1085,186111,186111,3,[0.29411765 0.52941176 0.71470588 0.85764706],3
1086,292779,292779,1,[1.  1.8],1
1087,29844,29844,1,[1.  1.8],1
1088,161713,161713,9,"[1.         1.8        2.43       2.916      3.2805     3.54294
 3.720087   3.8263752  3.87420489]",8
1089,140103,140103,9,"[1.         1.8        2.43       2.916      3.2805     3.54294
 3.720087   3.8263752  3.87420489]",8
1090,67195,67195,30,"[0.25       0.45       0.6075     0.729      0.820125   0.885735
 0.93002175 0.9565938  0.96855122 0.96855122 0.95886571 0.94143179
 0.91789599 0.88965304 0.85787972 0.82356453 0.78753358 0.75047318
 0.71294952 0.67542586 0.63827744 0.60180444 0.56624327 0.53177629
 0.49854027 0.46663369 0.43612303 0.40704816 0.37942703 0.35325965
 0.32853148]",30
1091,327904,327904,6,[1.       1.8      2.43     2.916    3.2805   3.54294  3.720087],6
1092,153980,153980,9,"[1.         1.8        2.43       2.916      3.2805     3.54294
 3.720087   3.8263752  3.87420489]",8
1093,342434,342434,9,"[1.         1.8        2.43       2.916      3.2805     3.54294
 3.720087   3.8263752  3.87420489]",8
1094,241872,241872,30,"[0.25       0.45       0.6075     0.729      0.820125   0.885735
 0.93002175 0.9565938  0.96855122 0.96855122 0.95886571 0.94143179
 0.91789599 0.88965304 0.85787972 0.82356453 0.78753358 0.75047318
 0.71294952 0.67542586 0.63827744 0.60180444 0.56624327 0.53177629
 0.49854027 0.46663369 0.43612303 0.40704816 0.37942703 0.35325965
 0.32853148]",30
1095,110943,110943,3,[0.29411765 0.52941176 0.71470588 0.85764706],3
1096,143658,143658,3,[0.29411765 0.52941176 0.71470588 0.85764706],3
1097,54578,54578,60,"[0.25       0.45       0.6075     0.729      0.820125   0.885735
 0.93002175 0.9565938  0.96855122 0.96855122 0.95886571 0.94143179
 0.91789599 0.88965304 0.85787972 0.82356453 0.78753358 0.75047318
 0.71294952 0.67542586 0.63827744 0.60180444 0.56624327 0.53177629
 0.49854027 0.46663369 0.43612303 0.40704816 0.37942703 0.35325965
 0.32853148 0.30521634 0.28327892 0.26267681 0.24336234 0.225284
 0.2083877  0.19261782 0.17791804 0.16423203 0.15150405 0.13967934
 0.12870454 0.1185279  0.10909954 0.10037158 0.09229821 0.08483581
 0.0779429  0.07158021 0.06571063 0.06029917 0.05531289 0.05072088
 0.04649414 0.04260554 0.03902972 0.035743   0.03272334 0.02995017
 0.02740441]",60
1098,158828,158828,6,[1.       1.8      2.43     2.916    3.2805   3.54294  3.720087],6
1099,11213,11213,1,[1.  1.8],1
1100,335109,335109,1,[1.  1.8],1
1101,244173,244173,3,[0.29411765 0.52941176 0.71470588 0.85764706],3
1102,47196,47196,3,[0.29411765 0.52941176 0.71470588 0.85764706],3
1103,133516,133516,3,[0.29411765 0.52941176 0.71470588 0.85764706],3
1104,120131,120131,60,"[0.25       0.45       0.6075     0.729      0.820125   0.885735
 0.93002175 0.9565938  0.96855122 0.96855122 0.95886571 0.94143179
 0.91789599 0.88965304 0.85787972 0.82356453 0.78753358 0.75047318
 0.71294952 0.67542586 0.63827744 0.60180444 0.56624327 0.53177629
 0.49854027 0.46663369 0.43612303 0.40704816 0.37942703 0.35325965
 0.32853148 0.30521634 0.28327892 0.26267681 0.24336234 0.225284
 0.2083877  0.19261782 0.17791804 0.16423203 0.15150405 0.13967934
 0.12870454 0.1185279  0.10909954 0.10037158 0.09229821 0.08483581
 0.0779429  0.07158021 0.06571063 0.06029917 0.05531289 0.05072088
 0.04649414 0.04260554 0.03902972 0.035743   0.03272334 0.02995017
 0.02740441]",60
1105,174631,174631,3,[0.29411765 0.52941176 0.71470588 0.85764706],3
1106,195627,195627,6,[1.       1.8      2.43     2.916    3.2805   3.54294  3.720087],6
1107,200879,200879,1,[1.  1.8],1
1108,346242,346242,30,"[0.25       0.45       0.6075     0.729      0.820125   0.885735
 0.93002175 0.9565938  0.96855122 0.96855122 0.95886571 0.94143179
 0.91789599 0.88965304 0.85787972 0.82356453 0.78753358 0.75047318
 0.71294952 0.67542586 0.63827744 0.60180444 0.56624327 0.53177629
 0.49854027 0.46663369 0.43612303 0.40704816 0.37942703 0.35325965
 0.32853148]",30
1109,196270,196270,6,[1.       1.8      2.43     2.916    3.2805   3.54294  3.720087],6
1110,304164,304164,9,"[1.         1.8        2.43       2.916      3.2805     3.54294
 3.720087   3.8263752  3.87420489]",8
1111,45084,45084,3,[0.29411765 0.52941176 0.71470588 0.85764706],3
1112,223112,223112,6,[1.       1.8      2.43     2.916    3.2805   3.54294  3.720087],6
1113,331797,331797,60,"[0.25       0.45       0.6075     0.729      0.820125   0.885735
 0.93002175 0.9565938  0.96855122 0.96855122 0.95886571 0.94143179
 0.91789599 0.88965304 0.85787972 0.82356453 0.78753358 0.75047318
 0.71294952 0.67542586 0.63827744 0.60180444 0.56624327 0.53177629
 0.49854027 0.46663369 0.43612303 0.40704816 0.37942703 0.35325965
 0.32853148 0.30521634 0.28327892 0.26267681 0.24336234 0.225284
 0.2083877  0.19261782 0.17791804 0.16423203 0.15150405 0.13967934
 0.12870454 0.1185279  0.10909954 0.10037158 0.09229821 0.08483581
 0.0779429  0.07158021 0.06571063 0.06029917 0.05531289 0.05072088
 0.04649414 0.04260554 0.03902972 0.035743   0.03272334 0.02995017
 0.02740441]",60
1114,262258,262258,1,[1.  1.8],1
1115,265256,265256,6,[1.       1.8      2.43     2.916    3.2805   3.54294  3.720087],6
1116,144082,144082,3,[0.29411765 0.52941176 0.71470588 0.85764706],3
1117,112728,112728,60,"[0.25       0.45       0.6075     0.729      0.820125   0.885735
 0.93002175 0.9565938  0.96855122 0.96855122 0.95886571 0.94143179
 0.91789599 0.88965304 0.85787972 0.82356453 0.78753358 0.75047318
 0.71294952 0.67542586 0.63827744 0.60180444 0.56624327 0.53177629
 0.49854027 0.46663369 0.43612303 0.40704816 0.37942703 0.35325965
 0.32853148 0.30521634 0.28327892 0.26267681 0.24336234 0.225284
 0.2083877  0.19261782 0.17791804 0.16423203 0.15150405 0.13967934
 0.12870454 0.1185279  0.10909954 0.10037158 0.09229821 0.08483581
 0.0779429  0.07158021 0.06571063 0.06029917 0.05531289 0.05072088
 0.04649414 0.04260554 0.03902972 0.035743   0.03272334 0.02995017
 0.02740441]",60
1118,210707,210707,3,[0.29411765 0.52941176 0.71470588 0.85764706],3
1119,6023,6023,60,"[0.25       0.45       0.6075     0.729      0.820125   0.885735
 0.93002175 0.9565938  0.96855122 0.96855122 0.95886571 0.94143179
 0.91789599 0.88965304 0.85787972 0.82356453 0.78753358 0.75047318
 0.71294952 0.67542586 0.63827744 0.60180444 0.56624327 0.53177629
 0.49854027 0.46663369 0.43612303 0.40704816 0.37942703 0.35325965
 0.32853148 0.30521634 0.28327892 0.26267681 0.24336234 0.225284
 0.2083877  0.19261782 0.17791804 0.16423203 0.15150405 0.13967934
 0.12870454 0.1185279  0.10909954 0.10037158 0.09229821 0.08483581
 0.0779429  0.07158021 0.06571063 0.06029917 0.05531289 0.05072088
 0.04649414 0.04260554 0.03902972 0.035743   0.03272334 0.02995017
 0.02740441]",60
1120,161146,161146,1,[1.  1.8],1
1121,181051,181051,60,"[0.25       0.45       0.6075     0.729      0.820125   0.885735
 0.93002175 0.9565938  0.96855122 0.96855122 0.95886571 0.94143179
 0.91789599 0.88965304 0.85787972 0.82356453 0.78753358 0.75047318
 0.71294952 0.67542586 0.63827744 0.60180444 0.56624327 0.53177629
 0.49854027 0.46663369 0.43612303 0.40704816 0.37942703 0.35325965
 0.32853148 0.30521634 0.28327892 0.26267681 0.24336234 0.225284
 0.2083877  0.19261782 0.17791804 0.16423203 0.15150405 0.13967934
 0.12870454 0.1185279  0.10909954 0.10037158 0.09229821 0.08483581
 0.0779429  0.07158021 0.06571063 0.06029917 0.05531289 0.05072088
 0.04649414 0.04260554 0.03902972 0.035743   0.03272334 0.02995017
 0.02740441]",60
1122,103557,103557,3,[0.29411765 0.52941176 0.71470588 0.85764706],3
1123,320953,320953,1,[1.  1.8],1
1124,289779,289779,60,"[0.25       0.45       0.6075     0.729      0.820125   0.885735
 0.93002175 0.9565938  0.96855122 0.96855122 0.95886571 0.94143179
 0.91789599 0.88965304 0.85787972 0.82356453 0.78753358 0.75047318
 0.71294952 0.67542586 0.63827744 0.60180444 0.56624327 0.53177629
 0.49854027 0.46663369 0.43612303 0.40704816 0.37942703 0.35325965
 0.32853148 0.30521634 0.28327892 0.26267681 0.24336234 0.225284
 0.2083877  0.19261782 0.17791804 0.16423203 0.15150405 0.13967934
 0.12870454 0.1185279  0.10909954 0.10037158 0.09229821 0.08483581
 0.0779429  0.07158021 0.06571063 0.06029917 0.05531289 0.05072088
 0.04649414 0.04260554 0.03902972 0.035743   0.03272334 0.02995017
 0.02740441]",60
1125,250,250,1,[1.  1.8],1
1126,35564,35564,6,[1.       1.8      2.43     2.916    3.2805   3.54294  3.720087],6
1127,104438,104438,9,"[1.         1.8        2.43       2.916      3.2805     3.54294
 3.720087   3.8263752  3.87420489]",8
1128,310420,310420,9,"[1.         1.8        2.43       2.916      3.2805     3.54294
 3.720087   3.8263752  3.87420489]",8
1129,299392,299392,3,[0.29411765 0.52941176 0.71470588 0.85764706],3
1130,150612,150612,60,"[0.25       0.45       0.6075     0.729      0.820125   0.885735
 0.93002175 0.9565938  0.96855122 0.96855122 0.95886571 0.94143179
 0.91789599 0.88965304 0.85787972 0.82356453 0.78753358 0.75047318
 0.71294952 0.67542586 0.63827744 0.60180444 0.56624327 0.53177629
 0.49854027 0.46663369 0.43612303 0.40704816 0.37942703 0.35325965
 0.32853148 0.30521634 0.28327892 0.26267681 0.24336234 0.225284
 0.2083877  0.19261782 0.17791804 0.16423203 0.15150405 0.13967934
 0.12870454 0.1185279  0.10909954 0.10037158 0.09229821 0.08483581
 0.0779429  0.07158021 0.06571063 0.06029917 0.05531289 0.05072088
 0.04649414 0.04260554 0.03902972 0.035743   0.03272334 0.02995017
 0.02740441]",60
1131,228974,228974,1,[1.  1.8],1
1132,216071,216071,30,"[0.25       0.45       0.6075     0.729      0.820125   0.885735
 0.93002175 0.9565938  0.96855122 0.96855122 0.95886571 0.94143179
 0.91789599 0.88965304 0.85787972 0.82356453 0.78753358 0.75047318
 0.71294952 0.67542586 0.63827744 0.60180444 0.56624327 0.53177629
 0.49854027 0.46663369 0.43612303 0.40704816 0.37942703 0.35325965
 0.32853148]",30
1133,1539,1539,6,[1.       1.8      2.43     2.916    3.2805   3.54294  3.720087],6
1134,134079,134079,1,[1.  1.8],1
1135,131795,131795,6,[1.       1.8      2.43     2.916    3.2805   3.54294  3.720087],6
1136,53140,53140,1,[1.  1.8],1
1137,91850,91850,6,[1.       1.8      2.43     2.916    3.2805   3.54294  3.720087],6
1138,47297,47297,9,"[1.         1.8        2.43       2.916      3.2805     3.54294
 3.720087   3.8263752  3.87420489]",8
1139,163819,163819,6,[1.       1.8      2.43     2.916    3.2805   3.54294  3.720087],6
1140,42270,42270,9,"[1.         1.8        2.43       2.916      3.2805     3.54294
 3.720087   3.8263752  3.87420489]",8
1141,213967,213967,9,"[1.         1.8        2.43       2.916      3.2805     3.54294
 3.720087   3.8263752  3.87420489]",8
1142,175265,175265,1,[1.  1.8],1
1143,206157,206157,6,[1.       1.8      2.43     2.916    3.2805   3.54294  3.720087],6
1144,308422,308422,30,"[0.25       0.45       0.6075     0.729      0.820125   0.885735
 0.93002175 0.9565938  0.96855122 0.96855122 0.95886571 0.94143179
 0.91789599 0.88965304 0.85787972 0.82356453 0.78753358 0.75047318
 0.71294952 0.67542586 0.63827744 0.60180444 0.56624327 0.53177629
 0.49854027 0.46663369 0.43612303 0.40704816 0.37942703 0.35325965
 0.32853148]",30
1145,16345,16345,6,[1.       1.8      2.43     2.916    3.2805   3.54294  3.720087],6
1146,46900,46900,30,"[0.25       0.45       0.6075     0.729      0.820125   0.885735
 0.93002175 0.9565938  0.96855122 0.96855122 0.95886571 0.94143179
 0.91789599 0.88965304 0.85787972 0.82356453 0.78753358 0.75047318
 0.71294952 0.67542586 0.63827744 0.60180444 0.56624327 0.53177629
 0.49854027 0.46663369 0.43612303 0.40704816 0.37942703 0.35325965
 0.32853148]",30
1147,129705,129705,9,"[1.         1.8        2.43       2.916      3.2805     3.54294
 3.720087   3.8263752  3.87420489]",8
1148,91448,91448,60,"[0.25       0.45       0.6075     0.729      0.820125   0.885735
 0.93002175 0.9565938  0.96855122 0.96855122 0.95886571 0.94143179
 0.91789599 0.88965304 0.85787972 0.82356453 0.78753358 0.75047318
 0.71294952 0.67542586 0.63827744 0.60180444 0.56624327 0.53177629
 0.49854027 0.46663369 0.43612303 0.40704816 0.37942703 0.35325965
 0.32853148 0.30521634 0.28327892 0.26267681 0.24336234 0.225284
 0.2083877  0.19261782 0.17791804 0.16423203 0.15150405 0.13967934
 0.12870454 0.1185279  0.10909954 0.10037158 0.09229821 0.08483581
 0.0779429  0.07158021 0.06571063 0.06029917 0.05531289 0.05072088
 0.04649414 0.04260554 0.03902972 0.035743   0.03272334 0.02995017
 0.02740441]",60
1149,110292,110292,9,"[1.         1.8        2.43       2.916      3.2805     3.54294
 3.720087   3.8263752  3.87420489]",8
1150,98723,98723,1,[1.  1.8],1
1151,148942,148942,6,[1.       1.8      2.43     2.916    3.2805   3.54294  3.720087],6
1152,65148,65148,30,"[0.25       0.45       0.6075     0.729      0.820125   0.885735
 0.93002175 0.9565938  0.96855122 0.96855122 0.95886571 0.94143179
 0.91789599 0.88965304 0.85787972 0.82356453 0.78753358 0.75047318
 0.71294952 0.67542586 0.63827744 0.60180444 0.56624327 0.53177629
 0.49854027 0.46663369 0.43612303 0.40704816 0.37942703 0.35325965
 0.32853148]",30
1153,218805,218805,30,"[0.25       0.45       0.6075     0.729      0.820125   0.885735
 0.93002175 0.9565938  0.96855122 0.96855122 0.95886571 0.94143179
 0.91789599 0.88965304 0.85787972 0.82356453 0.78753358 0.75047318
 0.71294952 0.67542586 0.63827744 0.60180444 0.56624327 0.53177629
 0.49854027 0.46663369 0.43612303 0.40704816 0.37942703 0.35325965
 0.32853148]",30
1154,159395,159395,9,"[1.         1.8        2.43       2.916      3.2805     3.54294
 3.720087   3.8263752  3.87420489]",8
1155,129244,129244,60,"[0.25       0.45       0.6075     0.729      0.820125   0.885735
 0.93002175 0.9565938  0.96855122 0.96855122 0.95886571 0.94143179
 0.91789599 0.88965304 0.85787972 0.82356453 0.78753358 0.75047318
 0.71294952 0.67542586 0.63827744 0.60180444 0.56624327 0.53177629
 0.49854027 0.46663369 0.43612303 0.40704816 0.37942703 0.35325965
 0.32853148 0.30521634 0.28327892 0.26267681 0.24336234 0.225284
 0.2083877  0.19261782 0.17791804 0.16423203 0.15150405 0.13967934
 0.12870454 0.1185279  0.10909954 0.10037158 0.09229821 0.08483581
 0.0779429  0.07158021 0.06571063 0.06029917 0.05531289 0.05072088
 0.04649414 0.04260554 0.03902972 0.035743   0.03272334 0.02995017
 0.02740441]",60
1156,109706,109706,60,"[0.25       0.45       0.6075     0.729      0.820125   0.885735
 0.93002175 0.9565938  0.96855122 0.96855122 0.95886571 0.94143179
 0.91789599 0.88965304 0.85787972 0.82356453 0.78753358 0.75047318
 0.71294952 0.67542586 0.63827744 0.60180444 0.56624327 0.53177629
 0.49854027 0.46663369 0.43612303 0.40704816 0.37942703 0.35325965
 0.32853148 0.30521634 0.28327892 0.26267681 0.24336234 0.225284
 0.2083877  0.19261782 0.17791804 0.16423203 0.15150405 0.13967934
 0.12870454 0.1185279  0.10909954 0.10037158 0.09229821 0.08483581
 0.0779429  0.07158021 0.06571063 0.06029917 0.05531289 0.05072088
 0.04649414 0.04260554 0.03902972 0.035743   0.03272334 0.02995017
 0.02740441]",60
1157,48840,48840,3,[0.29411765 0.52941176 0.71470588 0.85764706],3
1158,239556,239556,9,"[1.         1.8        2.43       2.916      3.2805     3.54294
 3.720087   3.8263752  3.87420489]",8
1159,77663,77663,60,"[0.25       0.45       0.6075     0.729      0.820125   0.885735
 0.93002175 0.9565938  0.96855122 0.96855122 0.95886571 0.94143179
 0.91789599 0.88965304 0.85787972 0.82356453 0.78753358 0.75047318
 0.71294952 0.67542586 0.63827744 0.60180444 0.56624327 0.53177629
 0.49854027 0.46663369 0.43612303 0.40704816 0.37942703 0.35325965
 0.32853148 0.30521634 0.28327892 0.26267681 0.24336234 0.225284
 0.2083877  0.19261782 0.17791804 0.16423203 0.15150405 0.13967934
 0.12870454 0.1185279  0.10909954 0.10037158 0.09229821 0.08483581
 0.0779429  0.07158021 0.06571063 0.06029917 0.05531289 0.05072088
 0.04649414 0.04260554 0.03902972 0.035743   0.03272334 0.02995017
 0.02740441]",60
1160,253734,253734,6,[1.       1.8      2.43     2.916    3.2805   3.54294  3.720087],6
1161,17753,17753,9,"[1.         1.8        2.43       2.916      3.2805     3.54294
 3.720087   3.8263752  3.87420489]",8
1162,274869,274869,1,[1.  1.8],1
1163,36188,36188,1,[1.  1.8],1
1164,140416,140416,1,[1.  1.8],1
1165,288374,288374,30,"[0.25       0.45       0.6075     0.729      0.820125   0.885735
 0.93002175 0.9565938  0.96855122 0.96855122 0.95886571 0.94143179
 0.91789599 0.88965304 0.85787972 0.82356453 0.78753358 0.75047318
 0.71294952 0.67542586 0.63827744 0.60180444 0.56624327 0.53177629
 0.49854027 0.46663369 0.43612303 0.40704816 0.37942703 0.35325965
 0.32853148]",30
1166,62329,62329,9,"[1.         1.8        2.43       2.916      3.2805     3.54294
 3.720087   3.8263752  3.87420489]",8
1167,55498,55498,30,"[0.25       0.45       0.6075     0.729      0.820125   0.885735
 0.93002175 0.9565938  0.96855122 0.96855122 0.95886571 0.94143179
 0.91789599 0.88965304 0.85787972 0.82356453 0.78753358 0.75047318
 0.71294952 0.67542586 0.63827744 0.60180444 0.56624327 0.53177629
 0.49854027 0.46663369 0.43612303 0.40704816 0.37942703 0.35325965
 0.32853148]",30
1168,175154,175154,9,"[1.         1.8        2.43       2.916      3.2805     3.54294
 3.720087   3.8263752  3.87420489]",8
1169,62141,62141,30,"[0.25       0.45       0.6075     0.729      0.820125   0.885735
 0.93002175 0.9565938  0.96855122 0.96855122 0.95886571 0.94143179
 0.91789599 0.88965304 0.85787972 0.82356453 0.78753358 0.75047318
 0.71294952 0.67542586 0.63827744 0.60180444 0.56624327 0.53177629
 0.49854027 0.46663369 0.43612303 0.40704816 0.37942703 0.35325965
 0.32853148]",30
1170,207969,207969,1,[1.  1.8],1
1171,289011,289011,1,[1.  1.8],1
1172,2201,2201,9,"[1.         1.8        2.43       2.916      3.2805     3.54294
 3.720087   3.8263752  3.87420489]",8
1173,162977,162977,9,"[1.         1.8        2.43       2.916      3.2805     3.54294
 3.720087   3.8263752  3.87420489]",8
1174,330311,330311,60,"[0.25       0.45       0.6075     0.729      0.820125   0.885735
 0.93002175 0.9565938  0.96855122 0.96855122 0.95886571 0.94143179
 0.91789599 0.88965304 0.85787972 0.82356453 0.78753358 0.75047318
 0.71294952 0.67542586 0.63827744 0.60180444 0.56624327 0.53177629
 0.49854027 0.46663369 0.43612303 0.40704816 0.37942703 0.35325965
 0.32853148 0.30521634 0.28327892 0.26267681 0.24336234 0.225284
 0.2083877  0.19261782 0.17791804 0.16423203 0.15150405 0.13967934
 0.12870454 0.1185279  0.10909954 0.10037158 0.09229821 0.08483581
 0.0779429  0.07158021 0.06571063 0.06029917 0.05531289 0.05072088
 0.04649414 0.04260554 0.03902972 0.035743   0.03272334 0.02995017
 0.02740441]",60
1175,328588,328588,6,[1.       1.8      2.43     2.916    3.2805   3.54294  3.720087],6
1176,118845,118845,30,"[0.25       0.45       0.6075     0.729      0.820125   0.885735
 0.93002175 0.9565938  0.96855122 0.96855122 0.95886571 0.94143179
 0.91789599 0.88965304 0.85787972 0.82356453 0.78753358 0.75047318
 0.71294952 0.67542586 0.63827744 0.60180444 0.56624327 0.53177629
 0.49854027 0.46663369 0.43612303 0.40704816 0.37942703 0.35325965
 0.32853148]",30
1177,133934,133934,60,"[0.25       0.45       0.6075     0.729      0.820125   0.885735
 0.93002175 0.9565938  0.96855122 0.96855122 0.95886571 0.94143179
 0.91789599 0.88965304 0.85787972 0.82356453 0.78753358 0.75047318
 0.71294952 0.67542586 0.63827744 0.60180444 0.56624327 0.53177629
 0.49854027 0.46663369 0.43612303 0.40704816 0.37942703 0.35325965
 0.32853148 0.30521634 0.28327892 0.26267681 0.24336234 0.225284
 0.2083877  0.19261782 0.17791804 0.16423203 0.15150405 0.13967934
 0.12870454 0.1185279  0.10909954 0.10037158 0.09229821 0.08483581
 0.0779429  0.07158021 0.06571063 0.06029917 0.05531289 0.05072088
 0.04649414 0.04260554 0.03902972 0.035743   0.03272334 0.02995017
 0.02740441]",60
1178,204477,204477,30,"[0.25       0.45       0.6075     0.729      0.820125   0.885735
 0.93002175 0.9565938  0.96855122 0.96855122 0.95886571 0.94143179
 0.91789599 0.88965304 0.85787972 0.82356453 0.78753358 0.75047318
 0.71294952 0.67542586 0.63827744 0.60180444 0.56624327 0.53177629
 0.49854027 0.46663369 0.43612303 0.40704816 0.37942703 0.35325965
 0.32853148]",30
1179,112545,112545,60,"[0.25       0.45       0.6075     0.729      0.820125   0.885735
 0.93002175 0.9565938  0.96855122 0.96855122 0.95886571 0.94143179
 0.91789599 0.88965304 0.85787972 0.82356453 0.78753358 0.75047318
 0.71294952 0.67542586 0.63827744 0.60180444 0.56624327 0.53177629
 0.49854027 0.46663369 0.43612303 0.40704816 0.37942703 0.35325965
 0.32853148 0.30521634 0.28327892 0.26267681 0.24336234 0.225284
 0.2083877  0.19261782 0.17791804 0.16423203 0.15150405 0.13967934
 0.12870454 0.1185279  0.10909954 0.10037158 0.09229821 0.08483581
 0.0779429  0.07158021 0.06571063 0.06029917 0.05531289 0.05072088
 0.04649414 0.04260554 0.03902972 0.035743   0.03272334 0.02995017
 0.02740441]",60
1180,75696,75696,1,[1.  1.8],1
1181,86990,86990,6,[1.       1.8      2.43     2.916    3.2805   3.54294  3.720087],6
1182,194576,194576,9,"[1.         1.8        2.43       2.916      3.2805     3.54294
 3.720087   3.8263752  3.87420489]",8
1183,13036,13036,1,[1.  1.8],1
1184,261691,261691,30,"[0.25       0.45       0.6075     0.729      0.820125   0.885735
 0.93002175 0.9565938  0.96855122 0.96855122 0.95886571 0.94143179
 0.91789599 0.88965304 0.85787972 0.82356453 0.78753358 0.75047318
 0.71294952 0.67542586 0.63827744 0.60180444 0.56624327 0.53177629
 0.49854027 0.46663369 0.43612303 0.40704816 0.37942703 0.35325965
 0.32853148]",30
1185,149887,149887,3,[0.29411765 0.52941176 0.71470588 0.85764706],3
1186,83061,83061,6,[1.       1.8      2.43     2.916    3.2805   3.54294  3.720087],6
1187,42429,42429,9,"[1.         1.8        2.43       2.916      3.2805     3.54294
 3.720087   3.8263752  3.87420489]",8
1188,282243,282243,9,"[1.         1.8        2.43       2.916      3.2805     3.54294
 3.720087   3.8263752  3.87420489]",8
1189,118104,118104,60,"[0.25       0.45       0.6075     0.729      0.820125   0.885735
 0.93002175 0.9565938  0.96855122 0.96855122 0.95886571 0.94143179
 0.91789599 0.88965304 0.85787972 0.82356453 0.78753358 0.75047318
 0.71294952 0.67542586 0.63827744 0.60180444 0.56624327 0.53177629
 0.49854027 0.46663369 0.43612303 0.40704816 0.37942703 0.35325965
 0.32853148 0.30521634 0.28327892 0.26267681 0.24336234 0.225284
 0.2083877  0.19261782 0.17791804 0.16423203 0.15150405 0.13967934
 0.12870454 0.1185279  0.10909954 0.10037158 0.09229821 0.08483581
 0.0779429  0.07158021 0.06571063 0.06029917 0.05531289 0.05072088
 0.04649414 0.04260554 0.03902972 0.035743   0.03272334 0.02995017
 0.02740441]",60
1190,325433,325433,3,[0.29411765 0.52941176 0.71470588 0.85764706],3
1191,122263,122263,60,"[0.25       0.45       0.6075     0.729      0.820125   0.885735
 0.93002175 0.9565938  0.96855122 0.96855122 0.95886571 0.94143179
 0.91789599 0.88965304 0.85787972 0.82356453 0.78753358 0.75047318
 0.71294952 0.67542586 0.63827744 0.60180444 0.56624327 0.53177629
 0.49854027 0.46663369 0.43612303 0.40704816 0.37942703 0.35325965
 0.32853148 0.30521634 0.28327892 0.26267681 0.24336234 0.225284
 0.2083877  0.19261782 0.17791804 0.16423203 0.15150405 0.13967934
 0.12870454 0.1185279  0.10909954 0.10037158 0.09229821 0.08483581
 0.0779429  0.07158021 0.06571063 0.06029917 0.05531289 0.05072088
 0.04649414 0.04260554 0.03902972 0.035743   0.03272334 0.02995017
 0.02740441]",60
1192,34023,34023,6,[1.       1.8      2.43     2.916    3.2805   3.54294  3.720087],6
1193,103562,103562,6,[1.       1.8      2.43     2.916    3.2805   3.54294  3.720087],6
1194,24548,24548,3,[0.29411765 0.52941176 0.71470588 0.85764706],3
1195,101025,101025,9,"[1.         1.8        2.43       2.916      3.2805     3.54294
 3.720087   3.8263752  3.87420489]",8
1196,321153,321153,30,"[0.25       0.45       0.6075     0.729      0.820125   0.885735
 0.93002175 0.9565938  0.96855122 0.96855122 0.95886571 0.94143179
 0.91789599 0.88965304 0.85787972 0.82356453 0.78753358 0.75047318
 0.71294952 0.67542586 0.63827744 0.60180444 0.56624327 0.53177629
 0.49854027 0.46663369 0.43612303 0.40704816 0.37942703 0.35325965
 0.32853148]",30
1197,266562,266562,3,[0.29411765 0.52941176 0.71470588 0.85764706],3
1198,260248,260248,60,"[0.25       0.45       0.6075     0.729      0.820125   0.885735
 0.93002175 0.9565938  0.96855122 0.96855122 0.95886571 0.94143179
 0.91789599 0.88965304 0.85787972 0.82356453 0.78753358 0.75047318
 0.71294952 0.67542586 0.63827744 0.60180444 0.56624327 0.53177629
 0.49854027 0.46663369 0.43612303 0.40704816 0.37942703 0.35325965
 0.32853148 0.30521634 0.28327892 0.26267681 0.24336234 0.225284
 0.2083877  0.19261782 0.17791804 0.16423203 0.15150405 0.13967934
 0.12870454 0.1185279  0.10909954 0.10037158 0.09229821 0.08483581
 0.0779429  0.07158021 0.06571063 0.06029917 0.05531289 0.05072088
 0.04649414 0.04260554 0.03902972 0.035743   0.03272334 0.02995017
 0.02740441]",60
1199,159397,159397,9,"[1.         1.8        2.43       2.916      3.2805     3.54294
 3.720087   3.8263752  3.87420489]",8
1200,25286,25286,3,[0.29411765 0.52941176 0.71470588 0.85764706],3
1201,138784,138784,6,[1.       1.8      2.43     2.916    3.2805   3.54294  3.720087],6
1202,162757,162757,3,[0.29411765 0.52941176 0.71470588 0.85764706],3
1203,266974,266974,3,[0.29411765 0.52941176 0.71470588 0.85764706],3
1204,279691,279691,1,[1.  1.8],1
1205,178189,178189,30,"[0.25       0.45       0.6075     0.729      0.820125   0.885735
 0.93002175 0.9565938  0.96855122 0.96855122 0.95886571 0.94143179
 0.91789599 0.88965304 0.85787972 0.82356453 0.78753358 0.75047318
 0.71294952 0.67542586 0.63827744 0.60180444 0.56624327 0.53177629
 0.49854027 0.46663369 0.43612303 0.40704816 0.37942703 0.35325965
 0.32853148]",30
1206,219909,219909,9,"[1.         1.8        2.43       2.916      3.2805     3.54294
 3.720087   3.8263752  3.87420489]",8
1207,191533,191533,6,[1.       1.8      2.43     2.916    3.2805   3.54294  3.720087],6
1208,36698,36698,60,"[0.25       0.45       0.6075     0.729      0.820125   0.885735
 0.93002175 0.9565938  0.96855122 0.96855122 0.95886571 0.94143179
 0.91789599 0.88965304 0.85787972 0.82356453 0.78753358 0.75047318
 0.71294952 0.67542586 0.63827744 0.60180444 0.56624327 0.53177629
 0.49854027 0.46663369 0.43612303 0.40704816 0.37942703 0.35325965
 0.32853148 0.30521634 0.28327892 0.26267681 0.24336234 0.225284
 0.2083877  0.19261782 0.17791804 0.16423203 0.15150405 0.13967934
 0.12870454 0.1185279  0.10909954 0.10037158 0.09229821 0.08483581
 0.0779429  0.07158021 0.06571063 0.06029917 0.05531289 0.05072088
 0.04649414 0.04260554 0.03902972 0.035743   0.03272334 0.02995017
 0.02740441]",60
1209,230664,230664,6,[1.       1.8      2.43     2.916    3.2805   3.54294  3.720087],6
1210,175871,175871,60,"[0.25       0.45       0.6075     0.729      0.820125   0.885735
 0.93002175 0.9565938  0.96855122 0.96855122 0.95886571 0.94143179
 0.91789599 0.88965304 0.85787972 0.82356453 0.78753358 0.75047318
 0.71294952 0.67542586 0.63827744 0.60180444 0.56624327 0.53177629
 0.49854027 0.46663369 0.43612303 0.40704816 0.37942703 0.35325965
 0.32853148 0.30521634 0.28327892 0.26267681 0.24336234 0.225284
 0.2083877  0.19261782 0.17791804 0.16423203 0.15150405 0.13967934
 0.12870454 0.1185279  0.10909954 0.10037158 0.09229821 0.08483581
 0.0779429  0.07158021 0.06571063 0.06029917 0.05531289 0.05072088
 0.04649414 0.04260554 0.03902972 0.035743   0.03272334 0.02995017
 0.02740441]",60
1211,59051,59051,30,"[0.25       0.45       0.6075     0.729      0.820125   0.885735
 0.93002175 0.9565938  0.96855122 0.96855122 0.95886571 0.94143179
 0.91789599 0.88965304 0.85787972 0.82356453 0.78753358 0.75047318
 0.71294952 0.67542586 0.63827744 0.60180444 0.56624327 0.53177629
 0.49854027 0.46663369 0.43612303 0.40704816 0.37942703 0.35325965
 0.32853148]",30
1212,93874,93874,3,[0.29411765 0.52941176 0.71470588 0.85764706],3
1213,105759,105759,60,"[0.25       0.45       0.6075     0.729      0.820125   0.885735
 0.93002175 0.9565938  0.96855122 0.96855122 0.95886571 0.94143179
 0.91789599 0.88965304 0.85787972 0.82356453 0.78753358 0.75047318
 0.71294952 0.67542586 0.63827744 0.60180444 0.56624327 0.53177629
 0.49854027 0.46663369 0.43612303 0.40704816 0.37942703 0.35325965
 0.32853148 0.30521634 0.28327892 0.26267681 0.24336234 0.225284
 0.2083877  0.19261782 0.17791804 0.16423203 0.15150405 0.13967934
 0.12870454 0.1185279  0.10909954 0.10037158 0.09229821 0.08483581
 0.0779429  0.07158021 0.06571063 0.06029917 0.05531289 0.05072088
 0.04649414 0.04260554 0.03902972 0.035743   0.03272334 0.02995017
 0.02740441]",60
1214,107406,107406,6,[1.       1.8      2.43     2.916    3.2805   3.54294  3.720087],6
1215,1611,1611,9,"[1.         1.8        2.43       2.916      3.2805     3.54294
 3.720087   3.8263752  3.87420489]",8
1216,208671,208671,1,[1.  1.8],1
1217,325741,325741,3,[0.29411765 0.52941176 0.71470588 0.85764706],3
1218,309595,309595,9,"[1.         1.8        2.43       2.916      3.2805     3.54294
 3.720087   3.8263752  3.87420489]",8
1219,146397,146397,6,[1.       1.8      2.43     2.916    3.2805   3.54294  3.720087],6
1220,183528,183528,30,"[0.25       0.45       0.6075     0.729      0.820125   0.885735
 0.93002175 0.9565938  0.96855122 0.96855122 0.95886571 0.94143179
 0.91789599 0.88965304 0.85787972 0.82356453 0.78753358 0.75047318
 0.71294952 0.67542586 0.63827744 0.60180444 0.56624327 0.53177629
 0.49854027 0.46663369 0.43612303 0.40704816 0.37942703 0.35325965
 0.32853148]",30
1221,350830,350830,9,"[1.         1.8        2.43       2.916      3.2805     3.54294
 3.720087   3.8263752  3.87420489]",8
1222,186297,186297,9,"[1.         1.8        2.43       2.916      3.2805     3.54294
 3.720087   3.8263752  3.87420489]",8
1223,252900,252900,6,[1.       1.8      2.43     2.916    3.2805   3.54294  3.720087],6
1224,150394,150394,6,[1.       1.8      2.43     2.916    3.2805   3.54294  3.720087],6
1225,263253,263253,30,"[0.25       0.45       0.6075     0.729      0.820125   0.885735
 0.93002175 0.9565938  0.96855122 0.96855122 0.95886571 0.94143179
 0.91789599 0.88965304 0.85787972 0.82356453 0.78753358 0.75047318
 0.71294952 0.67542586 0.63827744 0.60180444 0.56624327 0.53177629
 0.49854027 0.46663369 0.43612303 0.40704816 0.37942703 0.35325965
 0.32853148]",30
1226,101514,101514,60,"[0.25       0.45       0.6075     0.729      0.820125   0.885735
 0.93002175 0.9565938  0.96855122 0.96855122 0.95886571 0.94143179
 0.91789599 0.88965304 0.85787972 0.82356453 0.78753358 0.75047318
 0.71294952 0.67542586 0.63827744 0.60180444 0.56624327 0.53177629
 0.49854027 0.46663369 0.43612303 0.40704816 0.37942703 0.35325965
 0.32853148 0.30521634 0.28327892 0.26267681 0.24336234 0.225284
 0.2083877  0.19261782 0.17791804 0.16423203 0.15150405 0.13967934
 0.12870454 0.1185279  0.10909954 0.10037158 0.09229821 0.08483581
 0.0779429  0.07158021 0.06571063 0.06029917 0.05531289 0.05072088
 0.04649414 0.04260554 0.03902972 0.035743   0.03272334 0.02995017
 0.02740441]",60
1227,300435,300435,3,[0.29411765 0.52941176 0.71470588 0.85764706],3
1228,219724,219724,60,"[0.25       0.45       0.6075     0.729      0.820125   0.885735
 0.93002175 0.9565938  0.96855122 0.96855122 0.95886571 0.94143179
 0.91789599 0.88965304 0.85787972 0.82356453 0.78753358 0.75047318
 0.71294952 0.67542586 0.63827744 0.60180444 0.56624327 0.53177629
 0.49854027 0.46663369 0.43612303 0.40704816 0.37942703 0.35325965
 0.32853148 0.30521634 0.28327892 0.26267681 0.24336234 0.225284
 0.2083877  0.19261782 0.17791804 0.16423203 0.15150405 0.13967934
 0.12870454 0.1185279  0.10909954 0.10037158 0.09229821 0.08483581
 0.0779429  0.07158021 0.06571063 0.06029917 0.05531289 0.05072088
 0.04649414 0.04260554 0.03902972 0.035743   0.03272334 0.02995017
 0.02740441]",60
1229,132172,132172,60,"[0.25       0.45       0.6075     0.729      0.820125   0.885735
 0.93002175 0.9565938  0.96855122 0.96855122 0.95886571 0.94143179
 0.91789599 0.88965304 0.85787972 0.82356453 0.78753358 0.75047318
 0.71294952 0.67542586 0.63827744 0.60180444 0.56624327 0.53177629
 0.49854027 0.46663369 0.43612303 0.40704816 0.37942703 0.35325965
 0.32853148 0.30521634 0.28327892 0.26267681 0.24336234 0.225284
 0.2083877  0.19261782 0.17791804 0.16423203 0.15150405 0.13967934
 0.12870454 0.1185279  0.10909954 0.10037158 0.09229821 0.08483581
 0.0779429  0.07158021 0.06571063 0.06029917 0.05531289 0.05072088
 0.04649414 0.04260554 0.03902972 0.035743   0.03272334 0.02995017
 0.02740441]",60
1230,7955,7955,6,[1.       1.8      2.43     2.916    3.2805   3.54294  3.720087],6
1231,306141,306141,60,"[0.25       0.45       0.6075     0.729      0.820125   0.885735
 0.93002175 0.9565938  0.96855122 0.96855122 0.95886571 0.94143179
 0.91789599 0.88965304 0.85787972 0.82356453 0.78753358 0.75047318
 0.71294952 0.67542586 0.63827744 0.60180444 0.56624327 0.53177629
 0.49854027 0.46663369 0.43612303 0.40704816 0.37942703 0.35325965
 0.32853148 0.30521634 0.28327892 0.26267681 0.24336234 0.225284
 0.2083877  0.19261782 0.17791804 0.16423203 0.15150405 0.13967934
 0.12870454 0.1185279  0.10909954 0.10037158 0.09229821 0.08483581
 0.0779429  0.07158021 0.06571063 0.06029917 0.05531289 0.05072088
 0.04649414 0.04260554 0.03902972 0.035743   0.03272334 0.02995017
 0.02740441]",60
1232,293990,293990,60,"[0.25       0.45       0.6075     0.729      0.820125   0.885735
 0.93002175 0.9565938  0.96855122 0.96855122 0.95886571 0.94143179
 0.91789599 0.88965304 0.85787972 0.82356453 0.78753358 0.75047318
 0.71294952 0.67542586 0.63827744 0.60180444 0.56624327 0.53177629
 0.49854027 0.46663369 0.43612303 0.40704816 0.37942703 0.35325965
 0.32853148 0.30521634 0.28327892 0.26267681 0.24336234 0.225284
 0.2083877  0.19261782 0.17791804 0.16423203 0.15150405 0.13967934
 0.12870454 0.1185279  0.10909954 0.10037158 0.09229821 0.08483581
 0.0779429  0.07158021 0.06571063 0.06029917 0.05531289 0.05072088
 0.04649414 0.04260554 0.03902972 0.035743   0.03272334 0.02995017
 0.02740441]",60
1233,18809,18809,3,[0.29411765 0.52941176 0.71470588 0.85764706],3
1234,234530,234530,3,[0.29411765 0.52941176 0.71470588 0.85764706],3
1235,349491,349491,6,[1.       1.8      2.43     2.916    3.2805   3.54294  3.720087],6
1236,4385,4385,3,[0.29411765 0.52941176 0.71470588 0.85764706],3
1237,284157,284157,3,[0.29411765 0.52941176 0.71470588 0.85764706],3
1238,306723,306723,30,"[0.25       0.45       0.6075     0.729      0.820125   0.885735
 0.93002175 0.9565938  0.96855122 0.96855122 0.95886571 0.94143179
 0.91789599 0.88965304 0.85787972 0.82356453 0.78753358 0.75047318
 0.71294952 0.67542586 0.63827744 0.60180444 0.56624327 0.53177629
 0.49854027 0.46663369 0.43612303 0.40704816 0.37942703 0.35325965
 0.32853148]",30
1239,254746,254746,30,"[0.25       0.45       0.6075     0.729      0.820125   0.885735
 0.93002175 0.9565938  0.96855122 0.96855122 0.95886571 0.94143179
 0.91789599 0.88965304 0.85787972 0.82356453 0.78753358 0.75047318
 0.71294952 0.67542586 0.63827744 0.60180444 0.56624327 0.53177629
 0.49854027 0.46663369 0.43612303 0.40704816 0.37942703 0.35325965
 0.32853148]",30
1240,33323,33323,30,"[0.25       0.45       0.6075     0.729      0.820125   0.885735
 0.93002175 0.9565938  0.96855122 0.96855122 0.95886571 0.94143179
 0.91789599 0.88965304 0.85787972 0.82356453 0.78753358 0.75047318
 0.71294952 0.67542586 0.63827744 0.60180444 0.56624327 0.53177629
 0.49854027 0.46663369 0.43612303 0.40704816 0.37942703 0.35325965
 0.32853148]",30
1241,147337,147337,1,[1.  1.8],1
1242,148605,148605,3,[0.29411765 0.52941176 0.71470588 0.85764706],3
1243,262497,262497,60,"[0.25       0.45       0.6075     0.729      0.820125   0.885735
 0.93002175 0.9565938  0.96855122 0.96855122 0.95886571 0.94143179
 0.91789599 0.88965304 0.85787972 0.82356453 0.78753358 0.75047318
 0.71294952 0.67542586 0.63827744 0.60180444 0.56624327 0.53177629
 0.49854027 0.46663369 0.43612303 0.40704816 0.37942703 0.35325965
 0.32853148 0.30521634 0.28327892 0.26267681 0.24336234 0.225284
 0.2083877  0.19261782 0.17791804 0.16423203 0.15150405 0.13967934
 0.12870454 0.1185279  0.10909954 0.10037158 0.09229821 0.08483581
 0.0779429  0.07158021 0.06571063 0.06029917 0.05531289 0.05072088
 0.04649414 0.04260554 0.03902972 0.035743   0.03272334 0.02995017
 0.02740441]",60
1244,112618,112618,6,[1.       1.8      2.43     2.916    3.2805   3.54294  3.720087],6
1245,276932,276932,30,"[0.25       0.45       0.6075     0.729      0.820125   0.885735
 0.93002175 0.9565938  0.96855122 0.96855122 0.95886571 0.94143179
 0.91789599 0.88965304 0.85787972 0.82356453 0.78753358 0.75047318
 0.71294952 0.67542586 0.63827744 0.60180444 0.56624327 0.53177629
 0.49854027 0.46663369 0.43612303 0.40704816 0.37942703 0.35325965
 0.32853148]",30
1246,318386,318386,9,"[1.         1.8        2.43       2.916      3.2805     3.54294
 3.720087   3.8263752  3.87420489]",8
1247,18206,18206,3,[0.29411765 0.52941176 0.71470588 0.85764706],3
1248,78207,78207,6,[1.       1.8      2.43     2.916    3.2805   3.54294  3.720087],6
1249,106478,106478,60,"[0.25       0.45       0.6075     0.729      0.820125   0.885735
 0.93002175 0.9565938  0.96855122 0.96855122 0.95886571 0.94143179
 0.91789599 0.88965304 0.85787972 0.82356453 0.78753358 0.75047318
 0.71294952 0.67542586 0.63827744 0.60180444 0.56624327 0.53177629
 0.49854027 0.46663369 0.43612303 0.40704816 0.37942703 0.35325965
 0.32853148 0.30521634 0.28327892 0.26267681 0.24336234 0.225284
 0.2083877  0.19261782 0.17791804 0.16423203 0.15150405 0.13967934
 0.12870454 0.1185279  0.10909954 0.10037158 0.09229821 0.08483581
 0.0779429  0.07158021 0.06571063 0.06029917 0.05531289 0.05072088
 0.04649414 0.04260554 0.03902972 0.035743   0.03272334 0.02995017
 0.02740441]",60
1250,192813,192813,1,[1.  1.8],1
1251,113267,113267,9,"[1.         1.8        2.43       2.916      3.2805     3.54294
 3.720087   3.8263752  3.87420489]",8
1252,156813,156813,3,[0.29411765 0.52941176 0.71470588 0.85764706],3
1253,142092,142092,60,"[0.25       0.45       0.6075     0.729      0.820125   0.885735
 0.93002175 0.9565938  0.96855122 0.96855122 0.95886571 0.94143179
 0.91789599 0.88965304 0.85787972 0.82356453 0.78753358 0.75047318
 0.71294952 0.67542586 0.63827744 0.60180444 0.56624327 0.53177629
 0.49854027 0.46663369 0.43612303 0.40704816 0.37942703 0.35325965
 0.32853148 0.30521634 0.28327892 0.26267681 0.24336234 0.225284
 0.2083877  0.19261782 0.17791804 0.16423203 0.15150405 0.13967934
 0.12870454 0.1185279  0.10909954 0.10037158 0.09229821 0.08483581
 0.0779429  0.07158021 0.06571063 0.06029917 0.05531289 0.05072088
 0.04649414 0.04260554 0.03902972 0.035743   0.03272334 0.02995017
 0.02740441]",60
1254,128366,128366,1,[1.  1.8],1
1255,298421,298421,30,"[0.25       0.45       0.6075     0.729      0.820125   0.885735
 0.93002175 0.9565938  0.96855122 0.96855122 0.95886571 0.94143179
 0.91789599 0.88965304 0.85787972 0.82356453 0.78753358 0.75047318
 0.71294952 0.67542586 0.63827744 0.60180444 0.56624327 0.53177629
 0.49854027 0.46663369 0.43612303 0.40704816 0.37942703 0.35325965
 0.32853148]",30
1256,207147,207147,3,[0.29411765 0.52941176 0.71470588 0.85764706],3
1257,159275,159275,3,[0.29411765 0.52941176 0.71470588 0.85764706],3
1258,164383,164383,1,[1.  1.8],1
1259,329240,329240,1,[1.  1.8],1
1260,190164,190164,3,[0.29411765 0.52941176 0.71470588 0.85764706],3
1261,34098,34098,60,"[0.25       0.45       0.6075     0.729      0.820125   0.885735
 0.93002175 0.9565938  0.96855122 0.96855122 0.95886571 0.94143179
 0.91789599 0.88965304 0.85787972 0.82356453 0.78753358 0.75047318
 0.71294952 0.67542586 0.63827744 0.60180444 0.56624327 0.53177629
 0.49854027 0.46663369 0.43612303 0.40704816 0.37942703 0.35325965
 0.32853148 0.30521634 0.28327892 0.26267681 0.24336234 0.225284
 0.2083877  0.19261782 0.17791804 0.16423203 0.15150405 0.13967934
 0.12870454 0.1185279  0.10909954 0.10037158 0.09229821 0.08483581
 0.0779429  0.07158021 0.06571063 0.06029917 0.05531289 0.05072088
 0.04649414 0.04260554 0.03902972 0.035743   0.03272334 0.02995017
 0.02740441]",60
1262,14346,14346,30,"[0.25       0.45       0.6075     0.729      0.820125   0.885735
 0.93002175 0.9565938  0.96855122 0.96855122 0.95886571 0.94143179
 0.91789599 0.88965304 0.85787972 0.82356453 0.78753358 0.75047318
 0.71294952 0.67542586 0.63827744 0.60180444 0.56624327 0.53177629
 0.49854027 0.46663369 0.43612303 0.40704816 0.37942703 0.35325965
 0.32853148]",30
1263,234265,234265,3,[0.29411765 0.52941176 0.71470588 0.85764706],3
1264,292057,292057,30,"[0.25       0.45       0.6075     0.729      0.820125   0.885735
 0.93002175 0.9565938  0.96855122 0.96855122 0.95886571 0.94143179
 0.91789599 0.88965304 0.85787972 0.82356453 0.78753358 0.75047318
 0.71294952 0.67542586 0.63827744 0.60180444 0.56624327 0.53177629
 0.49854027 0.46663369 0.43612303 0.40704816 0.37942703 0.35325965
 0.32853148]",30
1265,45149,45149,60,"[0.25       0.45       0.6075     0.729      0.820125   0.885735
 0.93002175 0.9565938  0.96855122 0.96855122 0.95886571 0.94143179
 0.91789599 0.88965304 0.85787972 0.82356453 0.78753358 0.75047318
 0.71294952 0.67542586 0.63827744 0.60180444 0.56624327 0.53177629
 0.49854027 0.46663369 0.43612303 0.40704816 0.37942703 0.35325965
 0.32853148 0.30521634 0.28327892 0.26267681 0.24336234 0.225284
 0.2083877  0.19261782 0.17791804 0.16423203 0.15150405 0.13967934
 0.12870454 0.1185279  0.10909954 0.10037158 0.09229821 0.08483581
 0.0779429  0.07158021 0.06571063 0.06029917 0.05531289 0.05072088
 0.04649414 0.04260554 0.03902972 0.035743   0.03272334 0.02995017
 0.02740441]",60
1266,320880,320880,9,"[1.         1.8        2.43       2.916      3.2805     3.54294
 3.720087   3.8263752  3.87420489]",8
1267,4866,4866,6,[1.       1.8      2.43     2.916    3.2805   3.54294  3.720087],6
1268,4317,4317,3,[0.29411765 0.52941176 0.71470588 0.85764706],3
1269,330810,330810,1,[1.  1.8],1
1270,111,111,60,"[0.25       0.45       0.6075     0.729      0.820125   0.885735
 0.93002175 0.9565938  0.96855122 0.96855122 0.95886571 0.94143179
 0.91789599 0.88965304 0.85787972 0.82356453 0.78753358 0.75047318
 0.71294952 0.67542586 0.63827744 0.60180444 0.56624327 0.53177629
 0.49854027 0.46663369 0.43612303 0.40704816 0.37942703 0.35325965
 0.32853148 0.30521634 0.28327892 0.26267681 0.24336234 0.225284
 0.2083877  0.19261782 0.17791804 0.16423203 0.15150405 0.13967934
 0.12870454 0.1185279  0.10909954 0.10037158 0.09229821 0.08483581
 0.0779429  0.07158021 0.06571063 0.06029917 0.05531289 0.05072088
 0.04649414 0.04260554 0.03902972 0.035743   0.03272334 0.02995017
 0.02740441]",60
1271,55534,55534,30,"[0.25       0.45       0.6075     0.729      0.820125   0.885735
 0.93002175 0.9565938  0.96855122 0.96855122 0.95886571 0.94143179
 0.91789599 0.88965304 0.85787972 0.82356453 0.78753358 0.75047318
 0.71294952 0.67542586 0.63827744 0.60180444 0.56624327 0.53177629
 0.49854027 0.46663369 0.43612303 0.40704816 0.37942703 0.35325965
 0.32853148]",30
1272,192897,192897,9,"[1.         1.8        2.43       2.916      3.2805     3.54294
 3.720087   3.8263752  3.87420489]",8
1273,29394,29394,6,[1.       1.8      2.43     2.916    3.2805   3.54294  3.720087],6
1274,191999,191999,9,"[1.         1.8        2.43       2.916      3.2805     3.54294
 3.720087   3.8263752  3.87420489]",8
1275,279159,279159,3,[0.29411765 0.52941176 0.71470588 0.85764706],3
1276,58292,58292,1,[1.  1.8],1
1277,345549,345549,1,[1.  1.8],1
1278,236056,236056,6,[1.       1.8      2.43     2.916    3.2805   3.54294  3.720087],6
1279,1806,1806,9,"[1.         1.8        2.43       2.916      3.2805     3.54294
 3.720087   3.8263752  3.87420489]",8
1280,36065,36065,9,"[1.         1.8        2.43       2.916      3.2805     3.54294
 3.720087   3.8263752  3.87420489]",8
1281,188504,188504,6,[1.       1.8      2.43     2.916    3.2805   3.54294  3.720087],6
1282,335903,335903,9,"[1.         1.8        2.43       2.916      3.2805     3.54294
 3.720087   3.8263752  3.87420489]",8
1283,148598,148598,1,[1.  1.8],1
1284,112095,112095,3,[0.29411765 0.52941176 0.71470588 0.85764706],3
1285,265408,265408,9,"[1.         1.8        2.43       2.916      3.2805     3.54294
 3.720087   3.8263752  3.87420489]",8
1286,176816,176816,3,[0.29411765 0.52941176 0.71470588 0.85764706],3
1287,194978,194978,6,[1.       1.8      2.43     2.916    3.2805   3.54294  3.720087],6
1288,174421,174421,30,"[0.25       0.45       0.6075     0.729      0.820125   0.885735
 0.93002175 0.9565938  0.96855122 0.96855122 0.95886571 0.94143179
 0.91789599 0.88965304 0.85787972 0.82356453 0.78753358 0.75047318
 0.71294952 0.67542586 0.63827744 0.60180444 0.56624327 0.53177629
 0.49854027 0.46663369 0.43612303 0.40704816 0.37942703 0.35325965
 0.32853148]",30
1289,308416,308416,3,[0.29411765 0.52941176 0.71470588 0.85764706],3
1290,183521,183521,30,"[0.25       0.45       0.6075     0.729      0.820125   0.885735
 0.93002175 0.9565938  0.96855122 0.96855122 0.95886571 0.94143179
 0.91789599 0.88965304 0.85787972 0.82356453 0.78753358 0.75047318
 0.71294952 0.67542586 0.63827744 0.60180444 0.56624327 0.53177629
 0.49854027 0.46663369 0.43612303 0.40704816 0.37942703 0.35325965
 0.32853148]",30
1291,117113,117113,6,[1.       1.8      2.43     2.916    3.2805   3.54294  3.720087],6
1292,212689,212689,1,[1.  1.8],1
1293,217500,217500,9,"[1.         1.8        2.43       2.916      3.2805     3.54294
 3.720087   3.8263752  3.87420489]",8
1294,321832,321832,6,[1.       1.8      2.43     2.916    3.2805   3.54294  3.720087],6
1295,103806,103806,30,"[0.25       0.45       0.6075     0.729      0.820125   0.885735
 0.93002175 0.9565938  0.96855122 0.96855122 0.95886571 0.94143179
 0.91789599 0.88965304 0.85787972 0.82356453 0.78753358 0.75047318
 0.71294952 0.67542586 0.63827744 0.60180444 0.56624327 0.53177629
 0.49854027 0.46663369 0.43612303 0.40704816 0.37942703 0.35325965
 0.32853148]",30
1296,245853,245853,6,[1.       1.8      2.43     2.916    3.2805   3.54294  3.720087],6
1297,285530,285530,30,"[0.25       0.45       0.6075     0.729      0.820125   0.885735
 0.93002175 0.9565938  0.96855122 0.96855122 0.95886571 0.94143179
 0.91789599 0.88965304 0.85787972 0.82356453 0.78753358 0.75047318
 0.71294952 0.67542586 0.63827744 0.60180444 0.56624327 0.53177629
 0.49854027 0.46663369 0.43612303 0.40704816 0.37942703 0.35325965
 0.32853148]",30
1298,64589,64589,30,"[0.25       0.45       0.6075     0.729      0.820125   0.885735
 0.93002175 0.9565938  0.96855122 0.96855122 0.95886571 0.94143179
 0.91789599 0.88965304 0.85787972 0.82356453 0.78753358 0.75047318
 0.71294952 0.67542586 0.63827744 0.60180444 0.56624327 0.53177629
 0.49854027 0.46663369 0.43612303 0.40704816 0.37942703 0.35325965
 0.32853148]",30
1299,80992,80992,1,[1.  1.8],1
1300,55060,55060,6,[1.       1.8      2.43     2.916    3.2805   3.54294  3.720087],6
1301,318420,318420,6,[1.       1.8      2.43     2.916    3.2805   3.54294  3.720087],6
1302,318513,318513,6,[1.       1.8      2.43     2.916    3.2805   3.54294  3.720087],6
1303,328999,328999,6,[1.       1.8      2.43     2.916    3.2805   3.54294  3.720087],6
1304,221881,221881,9,"[1.         1.8        2.43       2.916      3.2805     3.54294
 3.720087   3.8263752  3.87420489]",8
1305,208652,208652,3,[0.29411765 0.52941176 0.71470588 0.85764706],3
1306,344208,344208,6,[1.       1.8      2.43     2.916    3.2805   3.54294  3.720087],6
1307,344748,344748,3,[0.29411765 0.52941176 0.71470588 0.85764706],3
1308,103153,103153,3,[0.29411765 0.52941176 0.71470588 0.85764706],3
1309,165376,165376,60,"[0.25       0.45       0.6075     0.729      0.820125   0.885735
 0.93002175 0.9565938  0.96855122 0.96855122 0.95886571 0.94143179
 0.91789599 0.88965304 0.85787972 0.82356453 0.78753358 0.75047318
 0.71294952 0.67542586 0.63827744 0.60180444 0.56624327 0.53177629
 0.49854027 0.46663369 0.43612303 0.40704816 0.37942703 0.35325965
 0.32853148 0.30521634 0.28327892 0.26267681 0.24336234 0.225284
 0.2083877  0.19261782 0.17791804 0.16423203 0.15150405 0.13967934
 0.12870454 0.1185279  0.10909954 0.10037158 0.09229821 0.08483581
 0.0779429  0.07158021 0.06571063 0.06029917 0.05531289 0.05072088
 0.04649414 0.04260554 0.03902972 0.035743   0.03272334 0.02995017
 0.02740441]",60
1310,9029,9029,6,[1.       1.8      2.43     2.916    3.2805   3.54294  3.720087],6
1311,326007,326007,6,[1.       1.8      2.43     2.916    3.2805   3.54294  3.720087],6
1312,29394,29394,9,"[1.         1.8        2.43       2.916      3.2805     3.54294
 3.720087   3.8263752  3.87420489]",8
1313,159528,159528,60,"[0.25       0.45       0.6075     0.729      0.820125   0.885735
 0.93002175 0.9565938  0.96855122 0.96855122 0.95886571 0.94143179
 0.91789599 0.88965304 0.85787972 0.82356453 0.78753358 0.75047318
 0.71294952 0.67542586 0.63827744 0.60180444 0.56624327 0.53177629
 0.49854027 0.46663369 0.43612303 0.40704816 0.37942703 0.35325965
 0.32853148 0.30521634 0.28327892 0.26267681 0.24336234 0.225284
 0.2083877  0.19261782 0.17791804 0.16423203 0.15150405 0.13967934
 0.12870454 0.1185279  0.10909954 0.10037158 0.09229821 0.08483581
 0.0779429  0.07158021 0.06571063 0.06029917 0.05531289 0.05072088
 0.04649414 0.04260554 0.03902972 0.035743   0.03272334 0.02995017
 0.02740441]",60
1314,84264,84264,60,"[0.25       0.45       0.6075     0.729      0.820125   0.885735
 0.93002175 0.9565938  0.96855122 0.96855122 0.95886571 0.94143179
 0.91789599 0.88965304 0.85787972 0.82356453 0.78753358 0.75047318
 0.71294952 0.67542586 0.63827744 0.60180444 0.56624327 0.53177629
 0.49854027 0.46663369 0.43612303 0.40704816 0.37942703 0.35325965
 0.32853148 0.30521634 0.28327892 0.26267681 0.24336234 0.225284
 0.2083877  0.19261782 0.17791804 0.16423203 0.15150405 0.13967934
 0.12870454 0.1185279  0.10909954 0.10037158 0.09229821 0.08483581
 0.0779429  0.07158021 0.06571063 0.06029917 0.05531289 0.05072088
 0.04649414 0.04260554 0.03902972 0.035743   0.03272334 0.02995017
 0.02740441]",60
1315,228990,228990,9,"[1.         1.8        2.43       2.916      3.2805     3.54294
 3.720087   3.8263752  3.87420489]",8
1316,19220,19220,9,"[1.         1.8        2.43       2.916      3.2805     3.54294
 3.720087   3.8263752  3.87420489]",8
1317,231642,231642,6,[1.       1.8      2.43     2.916    3.2805   3.54294  3.720087],6
1318,316823,316823,3,[0.29411765 0.52941176 0.71470588 0.85764706],3
1319,265537,265537,3,[0.29411765 0.52941176 0.71470588 0.85764706],3
1320,181333,181333,6,[1.       1.8      2.43     2.916    3.2805   3.54294  3.720087],6
1321,318266,318266,9,"[1.         1.8        2.43       2.916      3.2805     3.54294
 3.720087   3.8263752  3.87420489]",8
1322,181468,181468,60,"[0.25       0.45       0.6075     0.729      0.820125   0.885735
 0.93002175 0.9565938  0.96855122 0.96855122 0.95886571 0.94143179
 0.91789599 0.88965304 0.85787972 0.82356453 0.78753358 0.75047318
 0.71294952 0.67542586 0.63827744 0.60180444 0.56624327 0.53177629
 0.49854027 0.46663369 0.43612303 0.40704816 0.37942703 0.35325965
 0.32853148 0.30521634 0.28327892 0.26267681 0.24336234 0.225284
 0.2083877  0.19261782 0.17791804 0.16423203 0.15150405 0.13967934
 0.12870454 0.1185279  0.10909954 0.10037158 0.09229821 0.08483581
 0.0779429  0.07158021 0.06571063 0.06029917 0.05531289 0.05072088
 0.04649414 0.04260554 0.03902972 0.035743   0.03272334 0.02995017
 0.02740441]",60
1323,142354,142354,6,[1.       1.8      2.43     2.916    3.2805   3.54294  3.720087],6
1324,336124,336124,1,[1.  1.8],1
1325,2174,2174,9,"[1.         1.8        2.43       2.916      3.2805     3.54294
 3.720087   3.8263752  3.87420489]",8
1326,287761,287761,9,"[1.         1.8        2.43       2.916      3.2805     3.54294
 3.720087   3.8263752  3.87420489]",8
1327,271563,271563,3,[0.29411765 0.52941176 0.71470588 0.85764706],3
1328,38495,38495,1,[1.  1.8],1
1329,329105,329105,30,"[0.25       0.45       0.6075     0.729      0.820125   0.885735
 0.93002175 0.9565938  0.96855122 0.96855122 0.95886571 0.94143179
 0.91789599 0.88965304 0.85787972 0.82356453 0.78753358 0.75047318
 0.71294952 0.67542586 0.63827744 0.60180444 0.56624327 0.53177629
 0.49854027 0.46663369 0.43612303 0.40704816 0.37942703 0.35325965
 0.32853148]",30
1330,317151,317151,60,"[0.25       0.45       0.6075     0.729      0.820125   0.885735
 0.93002175 0.9565938  0.96855122 0.96855122 0.95886571 0.94143179
 0.91789599 0.88965304 0.85787972 0.82356453 0.78753358 0.75047318
 0.71294952 0.67542586 0.63827744 0.60180444 0.56624327 0.53177629
 0.49854027 0.46663369 0.43612303 0.40704816 0.37942703 0.35325965
 0.32853148 0.30521634 0.28327892 0.26267681 0.24336234 0.225284
 0.2083877  0.19261782 0.17791804 0.16423203 0.15150405 0.13967934
 0.12870454 0.1185279  0.10909954 0.10037158 0.09229821 0.08483581
 0.0779429  0.07158021 0.06571063 0.06029917 0.05531289 0.05072088
 0.04649414 0.04260554 0.03902972 0.035743   0.03272334 0.02995017
 0.02740441]",60
1331,135966,135966,3,[0.29411765 0.52941176 0.71470588 0.85764706],3
1332,174873,174873,9,"[1.         1.8        2.43       2.916      3.2805     3.54294
 3.720087   3.8263752  3.87420489]",8
1333,211365,211365,30,"[0.25       0.45       0.6075     0.729      0.820125   0.885735
 0.93002175 0.9565938  0.96855122 0.96855122 0.95886571 0.94143179
 0.91789599 0.88965304 0.85787972 0.82356453 0.78753358 0.75047318
 0.71294952 0.67542586 0.63827744 0.60180444 0.56624327 0.53177629
 0.49854027 0.46663369 0.43612303 0.40704816 0.37942703 0.35325965
 0.32853148]",30
1334,22826,22826,30,"[0.25       0.45       0.6075     0.729      0.820125   0.885735
 0.93002175 0.9565938  0.96855122 0.96855122 0.95886571 0.94143179
 0.91789599 0.88965304 0.85787972 0.82356453 0.78753358 0.75047318
 0.71294952 0.67542586 0.63827744 0.60180444 0.56624327 0.53177629
 0.49854027 0.46663369 0.43612303 0.40704816 0.37942703 0.35325965
 0.32853148]",30
1335,335913,335913,1,[1.  1.8],1
1336,336017,336017,3,[0.29411765 0.52941176 0.71470588 0.85764706],3
1337,101073,101073,6,[1.       1.8      2.43     2.916    3.2805   3.54294  3.720087],6
1338,299620,299620,3,[0.29411765 0.52941176 0.71470588 0.85764706],3
1339,306517,306517,3,[0.29411765 0.52941176 0.71470588 0.85764706],3
1340,188769,188769,9,"[1.         1.8        2.43       2.916      3.2805     3.54294
 3.720087   3.8263752  3.87420489]",8
1341,305339,305339,1,[1.  1.8],1
1342,346108,346108,60,"[0.25       0.45       0.6075     0.729      0.820125   0.885735
 0.93002175 0.9565938  0.96855122 0.96855122 0.95886571 0.94143179
 0.91789599 0.88965304 0.85787972 0.82356453 0.78753358 0.75047318
 0.71294952 0.67542586 0.63827744 0.60180444 0.56624327 0.53177629
 0.49854027 0.46663369 0.43612303 0.40704816 0.37942703 0.35325965
 0.32853148 0.30521634 0.28327892 0.26267681 0.24336234 0.225284
 0.2083877  0.19261782 0.17791804 0.16423203 0.15150405 0.13967934
 0.12870454 0.1185279  0.10909954 0.10037158 0.09229821 0.08483581
 0.0779429  0.07158021 0.06571063 0.06029917 0.05531289 0.05072088
 0.04649414 0.04260554 0.03902972 0.035743   0.03272334 0.02995017
 0.02740441]",60
1343,125336,125336,30,"[0.25       0.45       0.6075     0.729      0.820125   0.885735
 0.93002175 0.9565938  0.96855122 0.96855122 0.95886571 0.94143179
 0.91789599 0.88965304 0.85787972 0.82356453 0.78753358 0.75047318
 0.71294952 0.67542586 0.63827744 0.60180444 0.56624327 0.53177629
 0.49854027 0.46663369 0.43612303 0.40704816 0.37942703 0.35325965
 0.32853148]",30
1344,231317,231317,30,"[0.25       0.45       0.6075     0.729      0.820125   0.885735
 0.93002175 0.9565938  0.96855122 0.96855122 0.95886571 0.94143179
 0.91789599 0.88965304 0.85787972 0.82356453 0.78753358 0.75047318
 0.71294952 0.67542586 0.63827744 0.60180444 0.56624327 0.53177629
 0.49854027 0.46663369 0.43612303 0.40704816 0.37942703 0.35325965
 0.32853148]",30
1345,238898,238898,6,[1.       1.8      2.43     2.916    3.2805   3.54294  3.720087],6
1346,225754,225754,60,"[0.25       0.45       0.6075     0.729      0.820125   0.885735
 0.93002175 0.9565938  0.96855122 0.96855122 0.95886571 0.94143179
 0.91789599 0.88965304 0.85787972 0.82356453 0.78753358 0.75047318
 0.71294952 0.67542586 0.63827744 0.60180444 0.56624327 0.53177629
 0.49854027 0.46663369 0.43612303 0.40704816 0.37942703 0.35325965
 0.32853148 0.30521634 0.28327892 0.26267681 0.24336234 0.225284
 0.2083877  0.19261782 0.17791804 0.16423203 0.15150405 0.13967934
 0.12870454 0.1185279  0.10909954 0.10037158 0.09229821 0.08483581
 0.0779429  0.07158021 0.06571063 0.06029917 0.05531289 0.05072088
 0.04649414 0.04260554 0.03902972 0.035743   0.03272334 0.02995017
 0.02740441]",60
1347,342865,342865,3,[0.29411765 0.52941176 0.71470588 0.85764706],3
1348,342327,342327,3,[0.29411765 0.52941176 0.71470588 0.85764706],3
1349,346336,346336,6,[1.       1.8      2.43     2.916    3.2805   3.54294  3.720087],6
1350,163138,163138,60,"[0.25       0.45       0.6075     0.729      0.820125   0.885735
 0.93002175 0.9565938  0.96855122 0.96855122 0.95886571 0.94143179
 0.91789599 0.88965304 0.85787972 0.82356453 0.78753358 0.75047318
 0.71294952 0.67542586 0.63827744 0.60180444 0.56624327 0.53177629
 0.49854027 0.46663369 0.43612303 0.40704816 0.37942703 0.35325965
 0.32853148 0.30521634 0.28327892 0.26267681 0.24336234 0.225284
 0.2083877  0.19261782 0.17791804 0.16423203 0.15150405 0.13967934
 0.12870454 0.1185279  0.10909954 0.10037158 0.09229821 0.08483581
 0.0779429  0.07158021 0.06571063 0.06029917 0.05531289 0.05072088
 0.04649414 0.04260554 0.03902972 0.035743   0.03272334 0.02995017
 0.02740441]",60
1351,262199,262199,1,[1.  1.8],1
1352,240444,240444,30,"[0.25       0.45       0.6075     0.729      0.820125   0.885735
 0.93002175 0.9565938  0.96855122 0.96855122 0.95886571 0.94143179
 0.91789599 0.88965304 0.85787972 0.82356453 0.78753358 0.75047318
 0.71294952 0.67542586 0.63827744 0.60180444 0.56624327 0.53177629
 0.49854027 0.46663369 0.43612303 0.40704816 0.37942703 0.35325965
 0.32853148]",30
1353,122578,122578,9,"[1.         1.8        2.43       2.916      3.2805     3.54294
 3.720087   3.8263752  3.87420489]",8
1354,109962,109962,60,"[0.25       0.45       0.6075     0.729      0.820125   0.885735
 0.93002175 0.9565938  0.96855122 0.96855122 0.95886571 0.94143179
 0.91789599 0.88965304 0.85787972 0.82356453 0.78753358 0.75047318
 0.71294952 0.67542586 0.63827744 0.60180444 0.56624327 0.53177629
 0.49854027 0.46663369 0.43612303 0.40704816 0.37942703 0.35325965
 0.32853148 0.30521634 0.28327892 0.26267681 0.24336234 0.225284
 0.2083877  0.19261782 0.17791804 0.16423203 0.15150405 0.13967934
 0.12870454 0.1185279  0.10909954 0.10037158 0.09229821 0.08483581
 0.0779429  0.07158021 0.06571063 0.06029917 0.05531289 0.05072088
 0.04649414 0.04260554 0.03902972 0.035743   0.03272334 0.02995017
 0.02740441]",60
1355,181418,181418,30,"[0.25       0.45       0.6075     0.729      0.820125   0.885735
 0.93002175 0.9565938  0.96855122 0.96855122 0.95886571 0.94143179
 0.91789599 0.88965304 0.85787972 0.82356453 0.78753358 0.75047318
 0.71294952 0.67542586 0.63827744 0.60180444 0.56624327 0.53177629
 0.49854027 0.46663369 0.43612303 0.40704816 0.37942703 0.35325965
 0.32853148]",30
1356,244027,244027,3,[0.29411765 0.52941176 0.71470588 0.85764706],3
1357,60667,60667,3,[0.29411765 0.52941176 0.71470588 0.85764706],3
1358,52751,52751,6,[1.       1.8      2.43     2.916    3.2805   3.54294  3.720087],6
1359,93398,93398,3,[0.29411765 0.52941176 0.71470588 0.85764706],3
1360,59218,59218,3,[0.29411765 0.52941176 0.71470588 0.85764706],3
1361,52297,52297,3,[0.29411765 0.52941176 0.71470588 0.85764706],3
1362,334129,334129,30,"[0.25       0.45       0.6075     0.729      0.820125   0.885735
 0.93002175 0.9565938  0.96855122 0.96855122 0.95886571 0.94143179
 0.91789599 0.88965304 0.85787972 0.82356453 0.78753358 0.75047318
 0.71294952 0.67542586 0.63827744 0.60180444 0.56624327 0.53177629
 0.49854027 0.46663369 0.43612303 0.40704816 0.37942703 0.35325965
 0.32853148]",30
1363,309293,309293,6,[1.       1.8      2.43     2.916    3.2805   3.54294  3.720087],6
1364,294488,294488,3,[0.29411765 0.52941176 0.71470588 0.85764706],3
1365,103031,103031,60,"[0.25       0.45       0.6075     0.729      0.820125   0.885735
 0.93002175 0.9565938  0.96855122 0.96855122 0.95886571 0.94143179
 0.91789599 0.88965304 0.85787972 0.82356453 0.78753358 0.75047318
 0.71294952 0.67542586 0.63827744 0.60180444 0.56624327 0.53177629
 0.49854027 0.46663369 0.43612303 0.40704816 0.37942703 0.35325965
 0.32853148 0.30521634 0.28327892 0.26267681 0.24336234 0.225284
 0.2083877  0.19261782 0.17791804 0.16423203 0.15150405 0.13967934
 0.12870454 0.1185279  0.10909954 0.10037158 0.09229821 0.08483581
 0.0779429  0.07158021 0.06571063 0.06029917 0.05531289 0.05072088
 0.04649414 0.04260554 0.03902972 0.035743   0.03272334 0.02995017
 0.02740441]",60
1366,343145,343145,3,[0.29411765 0.52941176 0.71470588 0.85764706],3
1367,193177,193177,6,[1.       1.8      2.43     2.916    3.2805   3.54294  3.720087],6
1368,345303,345303,1,[1.  1.8],1
1369,339365,339365,9,"[1.         1.8        2.43       2.916      3.2805     3.54294
 3.720087   3.8263752  3.87420489]",8
1370,272630,272630,60,"[0.25       0.45       0.6075     0.729      0.820125   0.885735
 0.93002175 0.9565938  0.96855122 0.96855122 0.95886571 0.94143179
 0.91789599 0.88965304 0.85787972 0.82356453 0.78753358 0.75047318
 0.71294952 0.67542586 0.63827744 0.60180444 0.56624327 0.53177629
 0.49854027 0.46663369 0.43612303 0.40704816 0.37942703 0.35325965
 0.32853148 0.30521634 0.28327892 0.26267681 0.24336234 0.225284
 0.2083877  0.19261782 0.17791804 0.16423203 0.15150405 0.13967934
 0.12870454 0.1185279  0.10909954 0.10037158 0.09229821 0.08483581
 0.0779429  0.07158021 0.06571063 0.06029917 0.05531289 0.05072088
 0.04649414 0.04260554 0.03902972 0.035743   0.03272334 0.02995017
 0.02740441]",60
1371,100555,100555,1,[1.  1.8],1
1372,246759,246759,6,[1.       1.8      2.43     2.916    3.2805   3.54294  3.720087],6
1373,214549,214549,1,[1.  1.8],1
1374,16543,16543,9,"[1.         1.8        2.43       2.916      3.2805     3.54294
 3.720087   3.8263752  3.87420489]",8
1375,295956,295956,60,"[0.25       0.45       0.6075     0.729      0.820125   0.885735
 0.93002175 0.9565938  0.96855122 0.96855122 0.95886571 0.94143179
 0.91789599 0.88965304 0.85787972 0.82356453 0.78753358 0.75047318
 0.71294952 0.67542586 0.63827744 0.60180444 0.56624327 0.53177629
 0.49854027 0.46663369 0.43612303 0.40704816 0.37942703 0.35325965
 0.32853148 0.30521634 0.28327892 0.26267681 0.24336234 0.225284
 0.2083877  0.19261782 0.17791804 0.16423203 0.15150405 0.13967934
 0.12870454 0.1185279  0.10909954 0.10037158 0.09229821 0.08483581
 0.0779429  0.07158021 0.06571063 0.06029917 0.05531289 0.05072088
 0.04649414 0.04260554 0.03902972 0.035743   0.03272334 0.02995017
 0.02740441]",60
1376,72052,72052,30,"[0.25       0.45       0.6075     0.729      0.820125   0.885735
 0.93002175 0.9565938  0.96855122 0.96855122 0.95886571 0.94143179
 0.91789599 0.88965304 0.85787972 0.82356453 0.78753358 0.75047318
 0.71294952 0.67542586 0.63827744 0.60180444 0.56624327 0.53177629
 0.49854027 0.46663369 0.43612303 0.40704816 0.37942703 0.35325965
 0.32853148]",30
1377,64095,64095,3,[0.29411765 0.52941176 0.71470588 0.85764706],3
1378,210947,210947,30,"[0.25       0.45       0.6075     0.729      0.820125   0.885735
 0.93002175 0.9565938  0.96855122 0.96855122 0.95886571 0.94143179
 0.91789599 0.88965304 0.85787972 0.82356453 0.78753358 0.75047318
 0.71294952 0.67542586 0.63827744 0.60180444 0.56624327 0.53177629
 0.49854027 0.46663369 0.43612303 0.40704816 0.37942703 0.35325965
 0.32853148]",30
1379,107023,107023,3,[0.29411765 0.52941176 0.71470588 0.85764706],3
1380,75614,75614,9,"[1.         1.8        2.43       2.916      3.2805     3.54294
 3.720087   3.8263752  3.87420489]",8
1381,6926,6926,3,[0.29411765 0.52941176 0.71470588 0.85764706],3
1382,78751,78751,1,[1.  1.8],1
1383,221343,221343,60,"[0.25       0.45       0.6075     0.729      0.820125   0.885735
 0.93002175 0.9565938  0.96855122 0.96855122 0.95886571 0.94143179
 0.91789599 0.88965304 0.85787972 0.82356453 0.78753358 0.75047318
 0.71294952 0.67542586 0.63827744 0.60180444 0.56624327 0.53177629
 0.49854027 0.46663369 0.43612303 0.40704816 0.37942703 0.35325965
 0.32853148 0.30521634 0.28327892 0.26267681 0.24336234 0.225284
 0.2083877  0.19261782 0.17791804 0.16423203 0.15150405 0.13967934
 0.12870454 0.1185279  0.10909954 0.10037158 0.09229821 0.08483581
 0.0779429  0.07158021 0.06571063 0.06029917 0.05531289 0.05072088
 0.04649414 0.04260554 0.03902972 0.035743   0.03272334 0.02995017
 0.02740441]",60
1384,109362,109362,9,"[1.         1.8        2.43       2.916      3.2805     3.54294
 3.720087   3.8263752  3.87420489]",8
1385,80297,80297,30,"[0.25       0.45       0.6075     0.729      0.820125   0.885735
 0.93002175 0.9565938  0.96855122 0.96855122 0.95886571 0.94143179
 0.91789599 0.88965304 0.85787972 0.82356453 0.78753358 0.75047318
 0.71294952 0.67542586 0.63827744 0.60180444 0.56624327 0.53177629
 0.49854027 0.46663369 0.43612303 0.40704816 0.37942703 0.35325965
 0.32853148]",30
1386,30897,30897,6,[1.       1.8      2.43     2.916    3.2805   3.54294  3.720087],6
1387,270799,270799,30,"[0.25       0.45       0.6075     0.729      0.820125   0.885735
 0.93002175 0.9565938  0.96855122 0.96855122 0.95886571 0.94143179
 0.91789599 0.88965304 0.85787972 0.82356453 0.78753358 0.75047318
 0.71294952 0.67542586 0.63827744 0.60180444 0.56624327 0.53177629
 0.49854027 0.46663369 0.43612303 0.40704816 0.37942703 0.35325965
 0.32853148]",30
1388,297948,297948,3,[0.29411765 0.52941176 0.71470588 0.85764706],3
1389,25892,25892,1,[1.  1.8],1
1390,261357,261357,9,"[1.         1.8        2.43       2.916      3.2805     3.54294
 3.720087   3.8263752  3.87420489]",8
1391,90190,90190,30,"[0.25       0.45       0.6075     0.729      0.820125   0.885735
 0.93002175 0.9565938  0.96855122 0.96855122 0.95886571 0.94143179
 0.91789599 0.88965304 0.85787972 0.82356453 0.78753358 0.75047318
 0.71294952 0.67542586 0.63827744 0.60180444 0.56624327 0.53177629
 0.49854027 0.46663369 0.43612303 0.40704816 0.37942703 0.35325965
 0.32853148]",30
1392,169855,169855,60,"[0.25       0.45       0.6075     0.729      0.820125   0.885735
 0.93002175 0.9565938  0.96855122 0.96855122 0.95886571 0.94143179
 0.91789599 0.88965304 0.85787972 0.82356453 0.78753358 0.75047318
 0.71294952 0.67542586 0.63827744 0.60180444 0.56624327 0.53177629
 0.49854027 0.46663369 0.43612303 0.40704816 0.37942703 0.35325965
 0.32853148 0.30521634 0.28327892 0.26267681 0.24336234 0.225284
 0.2083877  0.19261782 0.17791804 0.16423203 0.15150405 0.13967934
 0.12870454 0.1185279  0.10909954 0.10037158 0.09229821 0.08483581
 0.0779429  0.07158021 0.06571063 0.06029917 0.05531289 0.05072088
 0.04649414 0.04260554 0.03902972 0.035743   0.03272334 0.02995017
 0.02740441]",60
1393,275452,275452,9,"[1.         1.8        2.43       2.916      3.2805     3.54294
 3.720087   3.8263752  3.87420489]",8
1394,183107,183107,3,[0.29411765 0.52941176 0.71470588 0.85764706],3
1395,348605,348605,1,[1.  1.8],1
1396,259549,259549,6,[1.       1.8      2.43     2.916    3.2805   3.54294  3.720087],6
1397,91563,91563,6,[1.       1.8      2.43     2.916    3.2805   3.54294  3.720087],6
1398,206157,206157,9,"[1.         1.8        2.43       2.916      3.2805     3.54294
 3.720087   3.8263752  3.87420489]",8
1399,184810,184810,3,[0.29411765 0.52941176 0.71470588 0.85764706],3
1400,68760,68760,1,[1.  1.8],1
1401,240757,240757,6,[1.       1.8      2.43     2.916    3.2805   3.54294  3.720087],6
1402,228033,228033,30,"[0.25       0.45       0.6075     0.729      0.820125   0.885735
 0.93002175 0.9565938  0.96855122 0.96855122 0.95886571 0.94143179
 0.91789599 0.88965304 0.85787972 0.82356453 0.78753358 0.75047318
 0.71294952 0.67542586 0.63827744 0.60180444 0.56624327 0.53177629
 0.49854027 0.46663369 0.43612303 0.40704816 0.37942703 0.35325965
 0.32853148]",30
1403,5402,5402,6,[1.       1.8      2.43     2.916    3.2805   3.54294  3.720087],6
1404,124272,124272,1,[1.  1.8],1
1405,196275,196275,9,"[1.         1.8        2.43       2.916      3.2805     3.54294
 3.720087   3.8263752  3.87420489]",8
1406,24226,24226,60,"[0.25       0.45       0.6075     0.729      0.820125   0.885735
 0.93002175 0.9565938  0.96855122 0.96855122 0.95886571 0.94143179
 0.91789599 0.88965304 0.85787972 0.82356453 0.78753358 0.75047318
 0.71294952 0.67542586 0.63827744 0.60180444 0.56624327 0.53177629
 0.49854027 0.46663369 0.43612303 0.40704816 0.37942703 0.35325965
 0.32853148 0.30521634 0.28327892 0.26267681 0.24336234 0.225284
 0.2083877  0.19261782 0.17791804 0.16423203 0.15150405 0.13967934
 0.12870454 0.1185279  0.10909954 0.10037158 0.09229821 0.08483581
 0.0779429  0.07158021 0.06571063 0.06029917 0.05531289 0.05072088
 0.04649414 0.04260554 0.03902972 0.035743   0.03272334 0.02995017
 0.02740441]",60
1407,95338,95338,3,[0.29411765 0.52941176 0.71470588 0.85764706],3
1408,151091,151091,60,"[0.25       0.45       0.6075     0.729      0.820125   0.885735
 0.93002175 0.9565938  0.96855122 0.96855122 0.95886571 0.94143179
 0.91789599 0.88965304 0.85787972 0.82356453 0.78753358 0.75047318
 0.71294952 0.67542586 0.63827744 0.60180444 0.56624327 0.53177629
 0.49854027 0.46663369 0.43612303 0.40704816 0.37942703 0.35325965
 0.32853148 0.30521634 0.28327892 0.26267681 0.24336234 0.225284
 0.2083877  0.19261782 0.17791804 0.16423203 0.15150405 0.13967934
 0.12870454 0.1185279  0.10909954 0.10037158 0.09229821 0.08483581
 0.0779429  0.07158021 0.06571063 0.06029917 0.05531289 0.05072088
 0.04649414 0.04260554 0.03902972 0.035743   0.03272334 0.02995017
 0.02740441]",60
1409,11277,11277,60,"[0.25       0.45       0.6075     0.729      0.820125   0.885735
 0.93002175 0.9565938  0.96855122 0.96855122 0.95886571 0.94143179
 0.91789599 0.88965304 0.85787972 0.82356453 0.78753358 0.75047318
 0.71294952 0.67542586 0.63827744 0.60180444 0.56624327 0.53177629
 0.49854027 0.46663369 0.43612303 0.40704816 0.37942703 0.35325965
 0.32853148 0.30521634 0.28327892 0.26267681 0.24336234 0.225284
 0.2083877  0.19261782 0.17791804 0.16423203 0.15150405 0.13967934
 0.12870454 0.1185279  0.10909954 0.10037158 0.09229821 0.08483581
 0.0779429  0.07158021 0.06571063 0.06029917 0.05531289 0.05072088
 0.04649414 0.04260554 0.03902972 0.035743   0.03272334 0.02995017
 0.02740441]",60
1410,263871,263871,6,[1.       1.8      2.43     2.916    3.2805   3.54294  3.720087],6
1411,304627,304627,1,[1.  1.8],1
1412,62349,62349,60,"[0.25       0.45       0.6075     0.729      0.820125   0.885735
 0.93002175 0.9565938  0.96855122 0.96855122 0.95886571 0.94143179
 0.91789599 0.88965304 0.85787972 0.82356453 0.78753358 0.75047318
 0.71294952 0.67542586 0.63827744 0.60180444 0.56624327 0.53177629
 0.49854027 0.46663369 0.43612303 0.40704816 0.37942703 0.35325965
 0.32853148 0.30521634 0.28327892 0.26267681 0.24336234 0.225284
 0.2083877  0.19261782 0.17791804 0.16423203 0.15150405 0.13967934
 0.12870454 0.1185279  0.10909954 0.10037158 0.09229821 0.08483581
 0.0779429  0.07158021 0.06571063 0.06029917 0.05531289 0.05072088
 0.04649414 0.04260554 0.03902972 0.035743   0.03272334 0.02995017
 0.02740441]",60
1413,209351,209351,9,"[1.         1.8        2.43       2.916      3.2805     3.54294
 3.720087   3.8263752  3.87420489]",8
1414,302367,302367,1,[1.  1.8],1
1415,44829,44829,30,"[0.25       0.45       0.6075     0.729      0.820125   0.885735
 0.93002175 0.9565938  0.96855122 0.96855122 0.95886571 0.94143179
 0.91789599 0.88965304 0.85787972 0.82356453 0.78753358 0.75047318
 0.71294952 0.67542586 0.63827744 0.60180444 0.56624327 0.53177629
 0.49854027 0.46663369 0.43612303 0.40704816 0.37942703 0.35325965
 0.32853148]",30
1416,305797,305797,9,"[1.         1.8        2.43       2.916      3.2805     3.54294
 3.720087   3.8263752  3.87420489]",8
1417,39311,39311,1,[1.  1.8],1
1418,71710,71710,30,"[0.25       0.45       0.6075     0.729      0.820125   0.885735
 0.93002175 0.9565938  0.96855122 0.96855122 0.95886571 0.94143179
 0.91789599 0.88965304 0.85787972 0.82356453 0.78753358 0.75047318
 0.71294952 0.67542586 0.63827744 0.60180444 0.56624327 0.53177629
 0.49854027 0.46663369 0.43612303 0.40704816 0.37942703 0.35325965
 0.32853148]",30
1419,68866,68866,9,"[1.         1.8        2.43       2.916      3.2805     3.54294
 3.720087   3.8263752  3.87420489]",8
1420,102976,102976,1,[1.  1.8],1
1421,326602,326602,3,[0.29411765 0.52941176 0.71470588 0.85764706],3
1422,330406,330406,30,"[0.25       0.45       0.6075     0.729      0.820125   0.885735
 0.93002175 0.9565938  0.96855122 0.96855122 0.95886571 0.94143179
 0.91789599 0.88965304 0.85787972 0.82356453 0.78753358 0.75047318
 0.71294952 0.67542586 0.63827744 0.60180444 0.56624327 0.53177629
 0.49854027 0.46663369 0.43612303 0.40704816 0.37942703 0.35325965
 0.32853148]",30
1423,55212,55212,6,[1.       1.8      2.43     2.916    3.2805   3.54294  3.720087],6
1424,241459,241459,3,[0.29411765 0.52941176 0.71470588 0.85764706],3
1425,197345,197345,30,"[0.25       0.45       0.6075     0.729      0.820125   0.885735
 0.93002175 0.9565938  0.96855122 0.96855122 0.95886571 0.94143179
 0.91789599 0.88965304 0.85787972 0.82356453 0.78753358 0.75047318
 0.71294952 0.67542586 0.63827744 0.60180444 0.56624327 0.53177629
 0.49854027 0.46663369 0.43612303 0.40704816 0.37942703 0.35325965
 0.32853148]",30
1426,291362,291362,3,[0.29411765 0.52941176 0.71470588 0.85764706],3
1427,74499,74499,9,"[1.         1.8        2.43       2.916      3.2805     3.54294
 3.720087   3.8263752  3.87420489]",8
1428,340590,340590,60,"[0.25       0.45       0.6075     0.729      0.820125   0.885735
 0.93002175 0.9565938  0.96855122 0.96855122 0.95886571 0.94143179
 0.91789599 0.88965304 0.85787972 0.82356453 0.78753358 0.75047318
 0.71294952 0.67542586 0.63827744 0.60180444 0.56624327 0.53177629
 0.49854027 0.46663369 0.43612303 0.40704816 0.37942703 0.35325965
 0.32853148 0.30521634 0.28327892 0.26267681 0.24336234 0.225284
 0.2083877  0.19261782 0.17791804 0.16423203 0.15150405 0.13967934
 0.12870454 0.1185279  0.10909954 0.10037158 0.09229821 0.08483581
 0.0779429  0.07158021 0.06571063 0.06029917 0.05531289 0.05072088
 0.04649414 0.04260554 0.03902972 0.035743   0.03272334 0.02995017
 0.02740441]",60
1429,212102,212102,6,[1.       1.8      2.43     2.916    3.2805   3.54294  3.720087],6
1430,322748,322748,3,[0.29411765 0.52941176 0.71470588 0.85764706],3
1431,267440,267440,9,"[1.         1.8        2.43       2.916      3.2805     3.54294
 3.720087   3.8263752  3.87420489]",8
1432,275118,275118,1,[1.  1.8],1
1433,107997,107997,9,"[1.         1.8        2.43       2.916      3.2805     3.54294
 3.720087   3.8263752  3.87420489]",8
1434,109241,109241,30,"[0.25       0.45       0.6075     0.729      0.820125   0.885735
 0.93002175 0.9565938  0.96855122 0.96855122 0.95886571 0.94143179
 0.91789599 0.88965304 0.85787972 0.82356453 0.78753358 0.75047318
 0.71294952 0.67542586 0.63827744 0.60180444 0.56624327 0.53177629
 0.49854027 0.46663369 0.43612303 0.40704816 0.37942703 0.35325965
 0.32853148]",30
1435,137185,137185,6,[1.       1.8      2.43     2.916    3.2805   3.54294  3.720087],6
1436,321258,321258,9,"[1.         1.8        2.43       2.916      3.2805     3.54294
 3.720087   3.8263752  3.87420489]",8
1437,60220,60220,6,[1.       1.8      2.43     2.916    3.2805   3.54294  3.720087],6
1438,217689,217689,60,"[0.25       0.45       0.6075     0.729      0.820125   0.885735
 0.93002175 0.9565938  0.96855122 0.96855122 0.95886571 0.94143179
 0.91789599 0.88965304 0.85787972 0.82356453 0.78753358 0.75047318
 0.71294952 0.67542586 0.63827744 0.60180444 0.56624327 0.53177629
 0.49854027 0.46663369 0.43612303 0.40704816 0.37942703 0.35325965
 0.32853148 0.30521634 0.28327892 0.26267681 0.24336234 0.225284
 0.2083877  0.19261782 0.17791804 0.16423203 0.15150405 0.13967934
 0.12870454 0.1185279  0.10909954 0.10037158 0.09229821 0.08483581
 0.0779429  0.07158021 0.06571063 0.06029917 0.05531289 0.05072088
 0.04649414 0.04260554 0.03902972 0.035743   0.03272334 0.02995017
 0.02740441]",60
1439,109541,109541,30,"[0.25       0.45       0.6075     0.729      0.820125   0.885735
 0.93002175 0.9565938  0.96855122 0.96855122 0.95886571 0.94143179
 0.91789599 0.88965304 0.85787972 0.82356453 0.78753358 0.75047318
 0.71294952 0.67542586 0.63827744 0.60180444 0.56624327 0.53177629
 0.49854027 0.46663369 0.43612303 0.40704816 0.37942703 0.35325965
 0.32853148]",30
1440,181484,181484,9,"[1.         1.8        2.43       2.916      3.2805     3.54294
 3.720087   3.8263752  3.87420489]",8
1441,25096,25096,30,"[0.25       0.45       0.6075     0.729      0.820125   0.885735
 0.93002175 0.9565938  0.96855122 0.96855122 0.95886571 0.94143179
 0.91789599 0.88965304 0.85787972 0.82356453 0.78753358 0.75047318
 0.71294952 0.67542586 0.63827744 0.60180444 0.56624327 0.53177629
 0.49854027 0.46663369 0.43612303 0.40704816 0.37942703 0.35325965
 0.32853148]",30
1442,346139,346139,60,"[0.25       0.45       0.6075     0.729      0.820125   0.885735
 0.93002175 0.9565938  0.96855122 0.96855122 0.95886571 0.94143179
 0.91789599 0.88965304 0.85787972 0.82356453 0.78753358 0.75047318
 0.71294952 0.67542586 0.63827744 0.60180444 0.56624327 0.53177629
 0.49854027 0.46663369 0.43612303 0.40704816 0.37942703 0.35325965
 0.32853148 0.30521634 0.28327892 0.26267681 0.24336234 0.225284
 0.2083877  0.19261782 0.17791804 0.16423203 0.15150405 0.13967934
 0.12870454 0.1185279  0.10909954 0.10037158 0.09229821 0.08483581
 0.0779429  0.07158021 0.06571063 0.06029917 0.05531289 0.05072088
 0.04649414 0.04260554 0.03902972 0.035743   0.03272334 0.02995017
 0.02740441]",60
1443,83803,83803,1,[1.  1.8],1
1444,249308,249308,30,"[0.25       0.45       0.6075     0.729      0.820125   0.885735
 0.93002175 0.9565938  0.96855122 0.96855122 0.95886571 0.94143179
 0.91789599 0.88965304 0.85787972 0.82356453 0.78753358 0.75047318
 0.71294952 0.67542586 0.63827744 0.60180444 0.56624327 0.53177629
 0.49854027 0.46663369 0.43612303 0.40704816 0.37942703 0.35325965
 0.32853148]",30
1445,29079,29079,30,"[0.25       0.45       0.6075     0.729      0.820125   0.885735
 0.93002175 0.9565938  0.96855122 0.96855122 0.95886571 0.94143179
 0.91789599 0.88965304 0.85787972 0.82356453 0.78753358 0.75047318
 0.71294952 0.67542586 0.63827744 0.60180444 0.56624327 0.53177629
 0.49854027 0.46663369 0.43612303 0.40704816 0.37942703 0.35325965
 0.32853148]",30
1446,232689,232689,3,[0.29411765 0.52941176 0.71470588 0.85764706],3
1447,185309,185309,30,"[0.25       0.45       0.6075     0.729      0.820125   0.885735
 0.93002175 0.9565938  0.96855122 0.96855122 0.95886571 0.94143179
 0.91789599 0.88965304 0.85787972 0.82356453 0.78753358 0.75047318
 0.71294952 0.67542586 0.63827744 0.60180444 0.56624327 0.53177629
 0.49854027 0.46663369 0.43612303 0.40704816 0.37942703 0.35325965
 0.32853148]",30
1448,30785,30785,9,"[1.         1.8        2.43       2.916      3.2805     3.54294
 3.720087   3.8263752  3.87420489]",8
1449,45785,45785,9,"[1.         1.8        2.43       2.916      3.2805     3.54294
 3.720087   3.8263752  3.87420489]",8
1450,137414,137414,1,[1.  1.8],1
1451,12684,12684,1,[1.  1.8],1
1452,332768,332768,1,[1.  1.8],1
1453,144902,144902,30,"[0.25       0.45       0.6075     0.729      0.820125   0.885735
 0.93002175 0.9565938  0.96855122 0.96855122 0.95886571 0.94143179
 0.91789599 0.88965304 0.85787972 0.82356453 0.78753358 0.75047318
 0.71294952 0.67542586 0.63827744 0.60180444 0.56624327 0.53177629
 0.49854027 0.46663369 0.43612303 0.40704816 0.37942703 0.35325965
 0.32853148]",30
1454,335279,335279,3,[0.29411765 0.52941176 0.71470588 0.85764706],3
1455,256751,256751,9,"[1.         1.8        2.43       2.916      3.2805     3.54294
 3.720087   3.8263752  3.87420489]",8
1456,262165,262165,9,"[1.         1.8        2.43       2.916      3.2805     3.54294
 3.720087   3.8263752  3.87420489]",8
1457,12341,12341,1,[1.  1.8],1
1458,276410,276410,60,"[0.25       0.45       0.6075     0.729      0.820125   0.885735
 0.93002175 0.9565938  0.96855122 0.96855122 0.95886571 0.94143179
 0.91789599 0.88965304 0.85787972 0.82356453 0.78753358 0.75047318
 0.71294952 0.67542586 0.63827744 0.60180444 0.56624327 0.53177629
 0.49854027 0.46663369 0.43612303 0.40704816 0.37942703 0.35325965
 0.32853148 0.30521634 0.28327892 0.26267681 0.24336234 0.225284
 0.2083877  0.19261782 0.17791804 0.16423203 0.15150405 0.13967934
 0.12870454 0.1185279  0.10909954 0.10037158 0.09229821 0.08483581
 0.0779429  0.07158021 0.06571063 0.06029917 0.05531289 0.05072088
 0.04649414 0.04260554 0.03902972 0.035743   0.03272334 0.02995017
 0.02740441]",60
1459,55921,55921,3,[0.29411765 0.52941176 0.71470588 0.85764706],3
1460,143231,143231,30,"[0.25       0.45       0.6075     0.729      0.820125   0.885735
 0.93002175 0.9565938  0.96855122 0.96855122 0.95886571 0.94143179
 0.91789599 0.88965304 0.85787972 0.82356453 0.78753358 0.75047318
 0.71294952 0.67542586 0.63827744 0.60180444 0.56624327 0.53177629
 0.49854027 0.46663369 0.43612303 0.40704816 0.37942703 0.35325965
 0.32853148]",30
1461,314823,314823,9,"[1.         1.8        2.43       2.916      3.2805     3.54294
 3.720087   3.8263752  3.87420489]",8
1462,59471,59471,60,"[0.25       0.45       0.6075     0.729      0.820125   0.885735
 0.93002175 0.9565938  0.96855122 0.96855122 0.95886571 0.94143179
 0.91789599 0.88965304 0.85787972 0.82356453 0.78753358 0.75047318
 0.71294952 0.67542586 0.63827744 0.60180444 0.56624327 0.53177629
 0.49854027 0.46663369 0.43612303 0.40704816 0.37942703 0.35325965
 0.32853148 0.30521634 0.28327892 0.26267681 0.24336234 0.225284
 0.2083877  0.19261782 0.17791804 0.16423203 0.15150405 0.13967934
 0.12870454 0.1185279  0.10909954 0.10037158 0.09229821 0.08483581
 0.0779429  0.07158021 0.06571063 0.06029917 0.05531289 0.05072088
 0.04649414 0.04260554 0.03902972 0.035743   0.03272334 0.02995017
 0.02740441]",60
1463,118163,118163,9,"[1.         1.8        2.43       2.916      3.2805     3.54294
 3.720087   3.8263752  3.87420489]",8
1464,55392,55392,30,"[0.25       0.45       0.6075     0.729      0.820125   0.885735
 0.93002175 0.9565938  0.96855122 0.96855122 0.95886571 0.94143179
 0.91789599 0.88965304 0.85787972 0.82356453 0.78753358 0.75047318
 0.71294952 0.67542586 0.63827744 0.60180444 0.56624327 0.53177629
 0.49854027 0.46663369 0.43612303 0.40704816 0.37942703 0.35325965
 0.32853148]",30
1465,219648,219648,3,[0.29411765 0.52941176 0.71470588 0.85764706],3
1466,19220,19220,60,"[0.25       0.45       0.6075     0.729      0.820125   0.885735
 0.93002175 0.9565938  0.96855122 0.96855122 0.95886571 0.94143179
 0.91789599 0.88965304 0.85787972 0.82356453 0.78753358 0.75047318
 0.71294952 0.67542586 0.63827744 0.60180444 0.56624327 0.53177629
 0.49854027 0.46663369 0.43612303 0.40704816 0.37942703 0.35325965
 0.32853148 0.30521634 0.28327892 0.26267681 0.24336234 0.225284
 0.2083877  0.19261782 0.17791804 0.16423203 0.15150405 0.13967934
 0.12870454 0.1185279  0.10909954 0.10037158 0.09229821 0.08483581
 0.0779429  0.07158021 0.06571063 0.06029917 0.05531289 0.05072088
 0.04649414 0.04260554 0.03902972 0.035743   0.03272334 0.02995017
 0.02740441]",60
1467,95534,95534,60,"[0.25       0.45       0.6075     0.729      0.820125   0.885735
 0.93002175 0.9565938  0.96855122 0.96855122 0.95886571 0.94143179
 0.91789599 0.88965304 0.85787972 0.82356453 0.78753358 0.75047318
 0.71294952 0.67542586 0.63827744 0.60180444 0.56624327 0.53177629
 0.49854027 0.46663369 0.43612303 0.40704816 0.37942703 0.35325965
 0.32853148 0.30521634 0.28327892 0.26267681 0.24336234 0.225284
 0.2083877  0.19261782 0.17791804 0.16423203 0.15150405 0.13967934
 0.12870454 0.1185279  0.10909954 0.10037158 0.09229821 0.08483581
 0.0779429  0.07158021 0.06571063 0.06029917 0.05531289 0.05072088
 0.04649414 0.04260554 0.03902972 0.035743   0.03272334 0.02995017
 0.02740441]",60
1468,167277,167277,6,[1.       1.8      2.43     2.916    3.2805   3.54294  3.720087],6
1469,127032,127032,60,"[0.25       0.45       0.6075     0.729      0.820125   0.885735
 0.93002175 0.9565938  0.96855122 0.96855122 0.95886571 0.94143179
 0.91789599 0.88965304 0.85787972 0.82356453 0.78753358 0.75047318
 0.71294952 0.67542586 0.63827744 0.60180444 0.56624327 0.53177629
 0.49854027 0.46663369 0.43612303 0.40704816 0.37942703 0.35325965
 0.32853148 0.30521634 0.28327892 0.26267681 0.24336234 0.225284
 0.2083877  0.19261782 0.17791804 0.16423203 0.15150405 0.13967934
 0.12870454 0.1185279  0.10909954 0.10037158 0.09229821 0.08483581
 0.0779429  0.07158021 0.06571063 0.06029917 0.05531289 0.05072088
 0.04649414 0.04260554 0.03902972 0.035743   0.03272334 0.02995017
 0.02740441]",60
1470,129482,129482,9,"[1.         1.8        2.43       2.916      3.2805     3.54294
 3.720087   3.8263752  3.87420489]",8
1471,133466,133466,1,[1.  1.8],1
1472,150752,150752,60,"[0.25       0.45       0.6075     0.729      0.820125   0.885735
 0.93002175 0.9565938  0.96855122 0.96855122 0.95886571 0.94143179
 0.91789599 0.88965304 0.85787972 0.82356453 0.78753358 0.75047318
 0.71294952 0.67542586 0.63827744 0.60180444 0.56624327 0.53177629
 0.49854027 0.46663369 0.43612303 0.40704816 0.37942703 0.35325965
 0.32853148 0.30521634 0.28327892 0.26267681 0.24336234 0.225284
 0.2083877  0.19261782 0.17791804 0.16423203 0.15150405 0.13967934
 0.12870454 0.1185279  0.10909954 0.10037158 0.09229821 0.08483581
 0.0779429  0.07158021 0.06571063 0.06029917 0.05531289 0.05072088
 0.04649414 0.04260554 0.03902972 0.035743   0.03272334 0.02995017
 0.02740441]",60
1473,78156,78156,60,"[0.25       0.45       0.6075     0.729      0.820125   0.885735
 0.93002175 0.9565938  0.96855122 0.96855122 0.95886571 0.94143179
 0.91789599 0.88965304 0.85787972 0.82356453 0.78753358 0.75047318
 0.71294952 0.67542586 0.63827744 0.60180444 0.56624327 0.53177629
 0.49854027 0.46663369 0.43612303 0.40704816 0.37942703 0.35325965
 0.32853148 0.30521634 0.28327892 0.26267681 0.24336234 0.225284
 0.2083877  0.19261782 0.17791804 0.16423203 0.15150405 0.13967934
 0.12870454 0.1185279  0.10909954 0.10037158 0.09229821 0.08483581
 0.0779429  0.07158021 0.06571063 0.06029917 0.05531289 0.05072088
 0.04649414 0.04260554 0.03902972 0.035743   0.03272334 0.02995017
 0.02740441]",60
1474,66684,66684,30,"[0.25       0.45       0.6075     0.729      0.820125   0.885735
 0.93002175 0.9565938  0.96855122 0.96855122 0.95886571 0.94143179
 0.91789599 0.88965304 0.85787972 0.82356453 0.78753358 0.75047318
 0.71294952 0.67542586 0.63827744 0.60180444 0.56624327 0.53177629
 0.49854027 0.46663369 0.43612303 0.40704816 0.37942703 0.35325965
 0.32853148]",30
1475,74509,74509,1,[1.  1.8],1
1476,169864,169864,60,"[0.25       0.45       0.6075     0.729      0.820125   0.885735
 0.93002175 0.9565938  0.96855122 0.96855122 0.95886571 0.94143179
 0.91789599 0.88965304 0.85787972 0.82356453 0.78753358 0.75047318
 0.71294952 0.67542586 0.63827744 0.60180444 0.56624327 0.53177629
 0.49854027 0.46663369 0.43612303 0.40704816 0.37942703 0.35325965
 0.32853148 0.30521634 0.28327892 0.26267681 0.24336234 0.225284
 0.2083877  0.19261782 0.17791804 0.16423203 0.15150405 0.13967934
 0.12870454 0.1185279  0.10909954 0.10037158 0.09229821 0.08483581
 0.0779429  0.07158021 0.06571063 0.06029917 0.05531289 0.05072088
 0.04649414 0.04260554 0.03902972 0.035743   0.03272334 0.02995017
 0.02740441]",60
1477,41070,41070,60,"[0.25       0.45       0.6075     0.729      0.820125   0.885735
 0.93002175 0.9565938  0.96855122 0.96855122 0.95886571 0.94143179
 0.91789599 0.88965304 0.85787972 0.82356453 0.78753358 0.75047318
 0.71294952 0.67542586 0.63827744 0.60180444 0.56624327 0.53177629
 0.49854027 0.46663369 0.43612303 0.40704816 0.37942703 0.35325965
 0.32853148 0.30521634 0.28327892 0.26267681 0.24336234 0.225284
 0.2083877  0.19261782 0.17791804 0.16423203 0.15150405 0.13967934
 0.12870454 0.1185279  0.10909954 0.10037158 0.09229821 0.08483581
 0.0779429  0.07158021 0.06571063 0.06029917 0.05531289 0.05072088
 0.04649414 0.04260554 0.03902972 0.035743   0.03272334 0.02995017
 0.02740441]",60
1478,133510,133510,6,[1.       1.8      2.43     2.916    3.2805   3.54294  3.720087],6
1479,141691,141691,60,"[0.25       0.45       0.6075     0.729      0.820125   0.885735
 0.93002175 0.9565938  0.96855122 0.96855122 0.95886571 0.94143179
 0.91789599 0.88965304 0.85787972 0.82356453 0.78753358 0.75047318
 0.71294952 0.67542586 0.63827744 0.60180444 0.56624327 0.53177629
 0.49854027 0.46663369 0.43612303 0.40704816 0.37942703 0.35325965
 0.32853148 0.30521634 0.28327892 0.26267681 0.24336234 0.225284
 0.2083877  0.19261782 0.17791804 0.16423203 0.15150405 0.13967934
 0.12870454 0.1185279  0.10909954 0.10037158 0.09229821 0.08483581
 0.0779429  0.07158021 0.06571063 0.06029917 0.05531289 0.05072088
 0.04649414 0.04260554 0.03902972 0.035743   0.03272334 0.02995017
 0.02740441]",60
1480,182265,182265,1,[1.  1.8],1
1481,186712,186712,30,"[0.25       0.45       0.6075     0.729      0.820125   0.885735
 0.93002175 0.9565938  0.96855122 0.96855122 0.95886571 0.94143179
 0.91789599 0.88965304 0.85787972 0.82356453 0.78753358 0.75047318
 0.71294952 0.67542586 0.63827744 0.60180444 0.56624327 0.53177629
 0.49854027 0.46663369 0.43612303 0.40704816 0.37942703 0.35325965
 0.32853148]",30
1482,279682,279682,60,"[0.25       0.45       0.6075     0.729      0.820125   0.885735
 0.93002175 0.9565938  0.96855122 0.96855122 0.95886571 0.94143179
 0.91789599 0.88965304 0.85787972 0.82356453 0.78753358 0.75047318
 0.71294952 0.67542586 0.63827744 0.60180444 0.56624327 0.53177629
 0.49854027 0.46663369 0.43612303 0.40704816 0.37942703 0.35325965
 0.32853148 0.30521634 0.28327892 0.26267681 0.24336234 0.225284
 0.2083877  0.19261782 0.17791804 0.16423203 0.15150405 0.13967934
 0.12870454 0.1185279  0.10909954 0.10037158 0.09229821 0.08483581
 0.0779429  0.07158021 0.06571063 0.06029917 0.05531289 0.05072088
 0.04649414 0.04260554 0.03902972 0.035743   0.03272334 0.02995017
 0.02740441]",60
1483,8792,8792,30,"[0.25       0.45       0.6075     0.729      0.820125   0.885735
 0.93002175 0.9565938  0.96855122 0.96855122 0.95886571 0.94143179
 0.91789599 0.88965304 0.85787972 0.82356453 0.78753358 0.75047318
 0.71294952 0.67542586 0.63827744 0.60180444 0.56624327 0.53177629
 0.49854027 0.46663369 0.43612303 0.40704816 0.37942703 0.35325965
 0.32853148]",30
1484,238151,238151,1,[1.  1.8],1
1485,66810,66810,9,"[1.         1.8        2.43       2.916      3.2805     3.54294
 3.720087   3.8263752  3.87420489]",8
1486,82820,82820,1,[1.  1.8],1
1487,87800,87800,30,"[0.25       0.45       0.6075     0.729      0.820125   0.885735
 0.93002175 0.9565938  0.96855122 0.96855122 0.95886571 0.94143179
 0.91789599 0.88965304 0.85787972 0.82356453 0.78753358 0.75047318
 0.71294952 0.67542586 0.63827744 0.60180444 0.56624327 0.53177629
 0.49854027 0.46663369 0.43612303 0.40704816 0.37942703 0.35325965
 0.32853148]",30
1488,175431,175431,9,"[1.         1.8        2.43       2.916      3.2805     3.54294
 3.720087   3.8263752  3.87420489]",8
1489,274446,274446,9,"[1.         1.8        2.43       2.916      3.2805     3.54294
 3.720087   3.8263752  3.87420489]",8
1490,279654,279654,1,[1.  1.8],1
1491,260123,260123,30,"[0.25       0.45       0.6075     0.729      0.820125   0.885735
 0.93002175 0.9565938  0.96855122 0.96855122 0.95886571 0.94143179
 0.91789599 0.88965304 0.85787972 0.82356453 0.78753358 0.75047318
 0.71294952 0.67542586 0.63827744 0.60180444 0.56624327 0.53177629
 0.49854027 0.46663369 0.43612303 0.40704816 0.37942703 0.35325965
 0.32853148]",30
1492,339142,339142,1,[1.  1.8],1
1493,265529,265529,6,[1.       1.8      2.43     2.916    3.2805   3.54294  3.720087],6
1494,9119,9119,30,"[0.25       0.45       0.6075     0.729      0.820125   0.885735
 0.93002175 0.9565938  0.96855122 0.96855122 0.95886571 0.94143179
 0.91789599 0.88965304 0.85787972 0.82356453 0.78753358 0.75047318
 0.71294952 0.67542586 0.63827744 0.60180444 0.56624327 0.53177629
 0.49854027 0.46663369 0.43612303 0.40704816 0.37942703 0.35325965
 0.32853148]",30
1495,327182,327182,9,"[1.         1.8        2.43       2.916      3.2805     3.54294
 3.720087   3.8263752  3.87420489]",8
1496,11321,11321,3,[0.29411765 0.52941176 0.71470588 0.85764706],3
1497,39190,39190,1,[1.  1.8],1
1498,143658,143658,60,"[0.25       0.45       0.6075     0.729      0.820125   0.885735
 0.93002175 0.9565938  0.96855122 0.96855122 0.95886571 0.94143179
 0.91789599 0.88965304 0.85787972 0.82356453 0.78753358 0.75047318
 0.71294952 0.67542586 0.63827744 0.60180444 0.56624327 0.53177629
 0.49854027 0.46663369 0.43612303 0.40704816 0.37942703 0.35325965
 0.32853148 0.30521634 0.28327892 0.26267681 0.24336234 0.225284
 0.2083877  0.19261782 0.17791804 0.16423203 0.15150405 0.13967934
 0.12870454 0.1185279  0.10909954 0.10037158 0.09229821 0.08483581
 0.0779429  0.07158021 0.06571063 0.06029917 0.05531289 0.05072088
 0.04649414 0.04260554 0.03902972 0.035743   0.03272334 0.02995017
 0.02740441]",60
1499,289064,289064,6,[1.       1.8      2.43     2.916    3.2805   3.54294  3.720087],6
1500,195554,195554,6,[1.       1.8      2.43     2.916    3.2805   3.54294  3.720087],6
1501,292329,292329,1,[1.  1.8],1
1502,103992,103992,6,[1.       1.8      2.43     2.916    3.2805   3.54294  3.720087],6
1503,225399,225399,6,[1.       1.8      2.43     2.916    3.2805   3.54294  3.720087],6
1504,86103,86103,9,"[1.         1.8        2.43       2.916      3.2805     3.54294
 3.720087   3.8263752  3.87420489]",8
1505,212081,212081,30,"[0.25       0.45       0.6075     0.729      0.820125   0.885735
 0.93002175 0.9565938  0.96855122 0.96855122 0.95886571 0.94143179
 0.91789599 0.88965304 0.85787972 0.82356453 0.78753358 0.75047318
 0.71294952 0.67542586 0.63827744 0.60180444 0.56624327 0.53177629
 0.49854027 0.46663369 0.43612303 0.40704816 0.37942703 0.35325965
 0.32853148]",30
1506,163938,163938,60,"[0.25       0.45       0.6075     0.729      0.820125   0.885735
 0.93002175 0.9565938  0.96855122 0.96855122 0.95886571 0.94143179
 0.91789599 0.88965304 0.85787972 0.82356453 0.78753358 0.75047318
 0.71294952 0.67542586 0.63827744 0.60180444 0.56624327 0.53177629
 0.49854027 0.46663369 0.43612303 0.40704816 0.37942703 0.35325965
 0.32853148 0.30521634 0.28327892 0.26267681 0.24336234 0.225284
 0.2083877  0.19261782 0.17791804 0.16423203 0.15150405 0.13967934
 0.12870454 0.1185279  0.10909954 0.10037158 0.09229821 0.08483581
 0.0779429  0.07158021 0.06571063 0.06029917 0.05531289 0.05072088
 0.04649414 0.04260554 0.03902972 0.035743   0.03272334 0.02995017
 0.02740441]",60
1507,241496,241496,9,"[1.         1.8        2.43       2.916      3.2805     3.54294
 3.720087   3.8263752  3.87420489]",8
1508,305344,305344,3,[0.29411765 0.52941176 0.71470588 0.85764706],3
1509,25209,25209,9,"[1.         1.8        2.43       2.916      3.2805     3.54294
 3.720087   3.8263752  3.87420489]",8
1510,15299,15299,6,[1.       1.8      2.43     2.916    3.2805   3.54294  3.720087],6
1511,158354,158354,9,"[1.         1.8        2.43       2.916      3.2805     3.54294
 3.720087   3.8263752  3.87420489]",8
1512,74399,74399,3,[0.29411765 0.52941176 0.71470588 0.85764706],3
1513,285530,285530,9,"[1.         1.8        2.43       2.916      3.2805     3.54294
 3.720087   3.8263752  3.87420489]",8
1514,32788,32788,9,"[1.         1.8        2.43       2.916      3.2805     3.54294
 3.720087   3.8263752  3.87420489]",8
1515,228254,228254,1,[1.  1.8],1
1516,29128,29128,30,"[0.25       0.45       0.6075     0.729      0.820125   0.885735
 0.93002175 0.9565938  0.96855122 0.96855122 0.95886571 0.94143179
 0.91789599 0.88965304 0.85787972 0.82356453 0.78753358 0.75047318
 0.71294952 0.67542586 0.63827744 0.60180444 0.56624327 0.53177629
 0.49854027 0.46663369 0.43612303 0.40704816 0.37942703 0.35325965
 0.32853148]",30
1517,38531,38531,30,"[0.25       0.45       0.6075     0.729      0.820125   0.885735
 0.93002175 0.9565938  0.96855122 0.96855122 0.95886571 0.94143179
 0.91789599 0.88965304 0.85787972 0.82356453 0.78753358 0.75047318
 0.71294952 0.67542586 0.63827744 0.60180444 0.56624327 0.53177629
 0.49854027 0.46663369 0.43612303 0.40704816 0.37942703 0.35325965
 0.32853148]",30
1518,41328,41328,6,[1.       1.8      2.43     2.916    3.2805   3.54294  3.720087],6
1519,276426,276426,60,"[0.25       0.45       0.6075     0.729      0.820125   0.885735
 0.93002175 0.9565938  0.96855122 0.96855122 0.95886571 0.94143179
 0.91789599 0.88965304 0.85787972 0.82356453 0.78753358 0.75047318
 0.71294952 0.67542586 0.63827744 0.60180444 0.56624327 0.53177629
 0.49854027 0.46663369 0.43612303 0.40704816 0.37942703 0.35325965
 0.32853148 0.30521634 0.28327892 0.26267681 0.24336234 0.225284
 0.2083877  0.19261782 0.17791804 0.16423203 0.15150405 0.13967934
 0.12870454 0.1185279  0.10909954 0.10037158 0.09229821 0.08483581
 0.0779429  0.07158021 0.06571063 0.06029917 0.05531289 0.05072088
 0.04649414 0.04260554 0.03902972 0.035743   0.03272334 0.02995017
 0.02740441]",60
1520,13205,13205,6,[1.       1.8      2.43     2.916    3.2805   3.54294  3.720087],6
1521,181403,181403,6,[1.       1.8      2.43     2.916    3.2805   3.54294  3.720087],6
1522,144196,144196,6,[1.       1.8      2.43     2.916    3.2805   3.54294  3.720087],6
1523,229201,229201,60,"[0.25       0.45       0.6075     0.729      0.820125   0.885735
 0.93002175 0.9565938  0.96855122 0.96855122 0.95886571 0.94143179
 0.91789599 0.88965304 0.85787972 0.82356453 0.78753358 0.75047318
 0.71294952 0.67542586 0.63827744 0.60180444 0.56624327 0.53177629
 0.49854027 0.46663369 0.43612303 0.40704816 0.37942703 0.35325965
 0.32853148 0.30521634 0.28327892 0.26267681 0.24336234 0.225284
 0.2083877  0.19261782 0.17791804 0.16423203 0.15150405 0.13967934
 0.12870454 0.1185279  0.10909954 0.10037158 0.09229821 0.08483581
 0.0779429  0.07158021 0.06571063 0.06029917 0.05531289 0.05072088
 0.04649414 0.04260554 0.03902972 0.035743   0.03272334 0.02995017
 0.02740441]",60
1524,105567,105567,1,[1.  1.8],1
1525,54882,54882,30,"[0.25       0.45       0.6075     0.729      0.820125   0.885735
 0.93002175 0.9565938  0.96855122 0.96855122 0.95886571 0.94143179
 0.91789599 0.88965304 0.85787972 0.82356453 0.78753358 0.75047318
 0.71294952 0.67542586 0.63827744 0.60180444 0.56624327 0.53177629
 0.49854027 0.46663369 0.43612303 0.40704816 0.37942703 0.35325965
 0.32853148]",30
1526,221617,221617,3,[0.29411765 0.52941176 0.71470588 0.85764706],3
1527,12341,12341,60,"[0.25       0.45       0.6075     0.729      0.820125   0.885735
 0.93002175 0.9565938  0.96855122 0.96855122 0.95886571 0.94143179
 0.91789599 0.88965304 0.85787972 0.82356453 0.78753358 0.75047318
 0.71294952 0.67542586 0.63827744 0.60180444 0.56624327 0.53177629
 0.49854027 0.46663369 0.43612303 0.40704816 0.37942703 0.35325965
 0.32853148 0.30521634 0.28327892 0.26267681 0.24336234 0.225284
 0.2083877  0.19261782 0.17791804 0.16423203 0.15150405 0.13967934
 0.12870454 0.1185279  0.10909954 0.10037158 0.09229821 0.08483581
 0.0779429  0.07158021 0.06571063 0.06029917 0.05531289 0.05072088
 0.04649414 0.04260554 0.03902972 0.035743   0.03272334 0.02995017
 0.02740441]",60
1528,317697,317697,60,"[0.25       0.45       0.6075     0.729      0.820125   0.885735
 0.93002175 0.9565938  0.96855122 0.96855122 0.95886571 0.94143179
 0.91789599 0.88965304 0.85787972 0.82356453 0.78753358 0.75047318
 0.71294952 0.67542586 0.63827744 0.60180444 0.56624327 0.53177629
 0.49854027 0.46663369 0.43612303 0.40704816 0.37942703 0.35325965
 0.32853148 0.30521634 0.28327892 0.26267681 0.24336234 0.225284
 0.2083877  0.19261782 0.17791804 0.16423203 0.15150405 0.13967934
 0.12870454 0.1185279  0.10909954 0.10037158 0.09229821 0.08483581
 0.0779429  0.07158021 0.06571063 0.06029917 0.05531289 0.05072088
 0.04649414 0.04260554 0.03902972 0.035743   0.03272334 0.02995017
 0.02740441]",60
1529,81085,81085,60,"[0.25       0.45       0.6075     0.729      0.820125   0.885735
 0.93002175 0.9565938  0.96855122 0.96855122 0.95886571 0.94143179
 0.91789599 0.88965304 0.85787972 0.82356453 0.78753358 0.75047318
 0.71294952 0.67542586 0.63827744 0.60180444 0.56624327 0.53177629
 0.49854027 0.46663369 0.43612303 0.40704816 0.37942703 0.35325965
 0.32853148 0.30521634 0.28327892 0.26267681 0.24336234 0.225284
 0.2083877  0.19261782 0.17791804 0.16423203 0.15150405 0.13967934
 0.12870454 0.1185279  0.10909954 0.10037158 0.09229821 0.08483581
 0.0779429  0.07158021 0.06571063 0.06029917 0.05531289 0.05072088
 0.04649414 0.04260554 0.03902972 0.035743   0.03272334 0.02995017
 0.02740441]",60
1530,105298,105298,9,"[1.         1.8        2.43       2.916      3.2805     3.54294
 3.720087   3.8263752  3.87420489]",8
1531,54860,54860,30,"[0.25       0.45       0.6075     0.729      0.820125   0.885735
 0.93002175 0.9565938  0.96855122 0.96855122 0.95886571 0.94143179
 0.91789599 0.88965304 0.85787972 0.82356453 0.78753358 0.75047318
 0.71294952 0.67542586 0.63827744 0.60180444 0.56624327 0.53177629
 0.49854027 0.46663369 0.43612303 0.40704816 0.37942703 0.35325965
 0.32853148]",30
1532,50940,50940,9,"[1.         1.8        2.43       2.916      3.2805     3.54294
 3.720087   3.8263752  3.87420489]",8
1533,18012,18012,1,[1.  1.8],1
1534,45549,45549,60,"[0.25       0.45       0.6075     0.729      0.820125   0.885735
 0.93002175 0.9565938  0.96855122 0.96855122 0.95886571 0.94143179
 0.91789599 0.88965304 0.85787972 0.82356453 0.78753358 0.75047318
 0.71294952 0.67542586 0.63827744 0.60180444 0.56624327 0.53177629
 0.49854027 0.46663369 0.43612303 0.40704816 0.37942703 0.35325965
 0.32853148 0.30521634 0.28327892 0.26267681 0.24336234 0.225284
 0.2083877  0.19261782 0.17791804 0.16423203 0.15150405 0.13967934
 0.12870454 0.1185279  0.10909954 0.10037158 0.09229821 0.08483581
 0.0779429  0.07158021 0.06571063 0.06029917 0.05531289 0.05072088
 0.04649414 0.04260554 0.03902972 0.035743   0.03272334 0.02995017
 0.02740441]",60
1535,301747,301747,30,"[0.25       0.45       0.6075     0.729      0.820125   0.885735
 0.93002175 0.9565938  0.96855122 0.96855122 0.95886571 0.94143179
 0.91789599 0.88965304 0.85787972 0.82356453 0.78753358 0.75047318
 0.71294952 0.67542586 0.63827744 0.60180444 0.56624327 0.53177629
 0.49854027 0.46663369 0.43612303 0.40704816 0.37942703 0.35325965
 0.32853148]",30
1536,721,721,60,"[0.25       0.45       0.6075     0.729      0.820125   0.885735
 0.93002175 0.9565938  0.96855122 0.96855122 0.95886571 0.94143179
 0.91789599 0.88965304 0.85787972 0.82356453 0.78753358 0.75047318
 0.71294952 0.67542586 0.63827744 0.60180444 0.56624327 0.53177629
 0.49854027 0.46663369 0.43612303 0.40704816 0.37942703 0.35325965
 0.32853148 0.30521634 0.28327892 0.26267681 0.24336234 0.225284
 0.2083877  0.19261782 0.17791804 0.16423203 0.15150405 0.13967934
 0.12870454 0.1185279  0.10909954 0.10037158 0.09229821 0.08483581
 0.0779429  0.07158021 0.06571063 0.06029917 0.05531289 0.05072088
 0.04649414 0.04260554 0.03902972 0.035743   0.03272334 0.02995017
 0.02740441]",60
1537,350764,350764,3,[0.29411765 0.52941176 0.71470588 0.85764706],3
1538,278779,278779,30,"[0.25       0.45       0.6075     0.729      0.820125   0.885735
 0.93002175 0.9565938  0.96855122 0.96855122 0.95886571 0.94143179
 0.91789599 0.88965304 0.85787972 0.82356453 0.78753358 0.75047318
 0.71294952 0.67542586 0.63827744 0.60180444 0.56624327 0.53177629
 0.49854027 0.46663369 0.43612303 0.40704816 0.37942703 0.35325965
 0.32853148]",30
1539,17404,17404,9,"[1.         1.8        2.43       2.916      3.2805     3.54294
 3.720087   3.8263752  3.87420489]",8
1540,3731,3731,60,"[0.25       0.45       0.6075     0.729      0.820125   0.885735
 0.93002175 0.9565938  0.96855122 0.96855122 0.95886571 0.94143179
 0.91789599 0.88965304 0.85787972 0.82356453 0.78753358 0.75047318
 0.71294952 0.67542586 0.63827744 0.60180444 0.56624327 0.53177629
 0.49854027 0.46663369 0.43612303 0.40704816 0.37942703 0.35325965
 0.32853148 0.30521634 0.28327892 0.26267681 0.24336234 0.225284
 0.2083877  0.19261782 0.17791804 0.16423203 0.15150405 0.13967934
 0.12870454 0.1185279  0.10909954 0.10037158 0.09229821 0.08483581
 0.0779429  0.07158021 0.06571063 0.06029917 0.05531289 0.05072088
 0.04649414 0.04260554 0.03902972 0.035743   0.03272334 0.02995017
 0.02740441]",60
1541,15642,15642,60,"[0.25       0.45       0.6075     0.729      0.820125   0.885735
 0.93002175 0.9565938  0.96855122 0.96855122 0.95886571 0.94143179
 0.91789599 0.88965304 0.85787972 0.82356453 0.78753358 0.75047318
 0.71294952 0.67542586 0.63827744 0.60180444 0.56624327 0.53177629
 0.49854027 0.46663369 0.43612303 0.40704816 0.37942703 0.35325965
 0.32853148 0.30521634 0.28327892 0.26267681 0.24336234 0.225284
 0.2083877  0.19261782 0.17791804 0.16423203 0.15150405 0.13967934
 0.12870454 0.1185279  0.10909954 0.10037158 0.09229821 0.08483581
 0.0779429  0.07158021 0.06571063 0.06029917 0.05531289 0.05072088
 0.04649414 0.04260554 0.03902972 0.035743   0.03272334 0.02995017
 0.02740441]",60
1542,101450,101450,6,[1.       1.8      2.43     2.916    3.2805   3.54294  3.720087],6
1543,133371,133371,6,[1.       1.8      2.43     2.916    3.2805   3.54294  3.720087],6
1544,52886,52886,60,"[0.25       0.45       0.6075     0.729      0.820125   0.885735
 0.93002175 0.9565938  0.96855122 0.96855122 0.95886571 0.94143179
 0.91789599 0.88965304 0.85787972 0.82356453 0.78753358 0.75047318
 0.71294952 0.67542586 0.63827744 0.60180444 0.56624327 0.53177629
 0.49854027 0.46663369 0.43612303 0.40704816 0.37942703 0.35325965
 0.32853148 0.30521634 0.28327892 0.26267681 0.24336234 0.225284
 0.2083877  0.19261782 0.17791804 0.16423203 0.15150405 0.13967934
 0.12870454 0.1185279  0.10909954 0.10037158 0.09229821 0.08483581
 0.0779429  0.07158021 0.06571063 0.06029917 0.05531289 0.05072088
 0.04649414 0.04260554 0.03902972 0.035743   0.03272334 0.02995017
 0.02740441]",60
1545,317066,317066,30,"[0.25       0.45       0.6075     0.729      0.820125   0.885735
 0.93002175 0.9565938  0.96855122 0.96855122 0.95886571 0.94143179
 0.91789599 0.88965304 0.85787972 0.82356453 0.78753358 0.75047318
 0.71294952 0.67542586 0.63827744 0.60180444 0.56624327 0.53177629
 0.49854027 0.46663369 0.43612303 0.40704816 0.37942703 0.35325965
 0.32853148]",30
1546,12676,12676,30,"[0.25       0.45       0.6075     0.729      0.820125   0.885735
 0.93002175 0.9565938  0.96855122 0.96855122 0.95886571 0.94143179
 0.91789599 0.88965304 0.85787972 0.82356453 0.78753358 0.75047318
 0.71294952 0.67542586 0.63827744 0.60180444 0.56624327 0.53177629
 0.49854027 0.46663369 0.43612303 0.40704816 0.37942703 0.35325965
 0.32853148]",30
1547,286823,286823,3,[0.29411765 0.52941176 0.71470588 0.85764706],3
1548,160489,160489,9,"[1.         1.8        2.43       2.916      3.2805     3.54294
 3.720087   3.8263752  3.87420489]",8
1549,169780,169780,9,"[1.         1.8        2.43       2.916      3.2805     3.54294
 3.720087   3.8263752  3.87420489]",8
1550,205875,205875,60,"[0.25       0.45       0.6075     0.729      0.820125   0.885735
 0.93002175 0.9565938  0.96855122 0.96855122 0.95886571 0.94143179
 0.91789599 0.88965304 0.85787972 0.82356453 0.78753358 0.75047318
 0.71294952 0.67542586 0.63827744 0.60180444 0.56624327 0.53177629
 0.49854027 0.46663369 0.43612303 0.40704816 0.37942703 0.35325965
 0.32853148 0.30521634 0.28327892 0.26267681 0.24336234 0.225284
 0.2083877  0.19261782 0.17791804 0.16423203 0.15150405 0.13967934
 0.12870454 0.1185279  0.10909954 0.10037158 0.09229821 0.08483581
 0.0779429  0.07158021 0.06571063 0.06029917 0.05531289 0.05072088
 0.04649414 0.04260554 0.03902972 0.035743   0.03272334 0.02995017
 0.02740441]",60
1551,277739,277739,6,[1.       1.8      2.43     2.916    3.2805   3.54294  3.720087],6
1552,204426,204426,60,"[0.25       0.45       0.6075     0.729      0.820125   0.885735
 0.93002175 0.9565938  0.96855122 0.96855122 0.95886571 0.94143179
 0.91789599 0.88965304 0.85787972 0.82356453 0.78753358 0.75047318
 0.71294952 0.67542586 0.63827744 0.60180444 0.56624327 0.53177629
 0.49854027 0.46663369 0.43612303 0.40704816 0.37942703 0.35325965
 0.32853148 0.30521634 0.28327892 0.26267681 0.24336234 0.225284
 0.2083877  0.19261782 0.17791804 0.16423203 0.15150405 0.13967934
 0.12870454 0.1185279  0.10909954 0.10037158 0.09229821 0.08483581
 0.0779429  0.07158021 0.06571063 0.06029917 0.05531289 0.05072088
 0.04649414 0.04260554 0.03902972 0.035743   0.03272334 0.02995017
 0.02740441]",60
1553,172088,172088,3,[0.29411765 0.52941176 0.71470588 0.85764706],3
1554,240376,240376,30,"[0.25       0.45       0.6075     0.729      0.820125   0.885735
 0.93002175 0.9565938  0.96855122 0.96855122 0.95886571 0.94143179
 0.91789599 0.88965304 0.85787972 0.82356453 0.78753358 0.75047318
 0.71294952 0.67542586 0.63827744 0.60180444 0.56624327 0.53177629
 0.49854027 0.46663369 0.43612303 0.40704816 0.37942703 0.35325965
 0.32853148]",30
1555,218251,218251,60,"[0.25       0.45       0.6075     0.729      0.820125   0.885735
 0.93002175 0.9565938  0.96855122 0.96855122 0.95886571 0.94143179
 0.91789599 0.88965304 0.85787972 0.82356453 0.78753358 0.75047318
 0.71294952 0.67542586 0.63827744 0.60180444 0.56624327 0.53177629
 0.49854027 0.46663369 0.43612303 0.40704816 0.37942703 0.35325965
 0.32853148 0.30521634 0.28327892 0.26267681 0.24336234 0.225284
 0.2083877  0.19261782 0.17791804 0.16423203 0.15150405 0.13967934
 0.12870454 0.1185279  0.10909954 0.10037158 0.09229821 0.08483581
 0.0779429  0.07158021 0.06571063 0.06029917 0.05531289 0.05072088
 0.04649414 0.04260554 0.03902972 0.035743   0.03272334 0.02995017
 0.02740441]",60
1556,281196,281196,1,[1.  1.8],1
1557,113436,113436,9,"[1.         1.8        2.43       2.916      3.2805     3.54294
 3.720087   3.8263752  3.87420489]",8
1558,104067,104067,30,"[0.25       0.45       0.6075     0.729      0.820125   0.885735
 0.93002175 0.9565938  0.96855122 0.96855122 0.95886571 0.94143179
 0.91789599 0.88965304 0.85787972 0.82356453 0.78753358 0.75047318
 0.71294952 0.67542586 0.63827744 0.60180444 0.56624327 0.53177629
 0.49854027 0.46663369 0.43612303 0.40704816 0.37942703 0.35325965
 0.32853148]",30
1559,56500,56500,60,"[0.25       0.45       0.6075     0.729      0.820125   0.885735
 0.93002175 0.9565938  0.96855122 0.96855122 0.95886571 0.94143179
 0.91789599 0.88965304 0.85787972 0.82356453 0.78753358 0.75047318
 0.71294952 0.67542586 0.63827744 0.60180444 0.56624327 0.53177629
 0.49854027 0.46663369 0.43612303 0.40704816 0.37942703 0.35325965
 0.32853148 0.30521634 0.28327892 0.26267681 0.24336234 0.225284
 0.2083877  0.19261782 0.17791804 0.16423203 0.15150405 0.13967934
 0.12870454 0.1185279  0.10909954 0.10037158 0.09229821 0.08483581
 0.0779429  0.07158021 0.06571063 0.06029917 0.05531289 0.05072088
 0.04649414 0.04260554 0.03902972 0.035743   0.03272334 0.02995017
 0.02740441]",60
1560,12446,12446,60,"[0.25       0.45       0.6075     0.729      0.820125   0.885735
 0.93002175 0.9565938  0.96855122 0.96855122 0.95886571 0.94143179
 0.91789599 0.88965304 0.85787972 0.82356453 0.78753358 0.75047318
 0.71294952 0.67542586 0.63827744 0.60180444 0.56624327 0.53177629
 0.49854027 0.46663369 0.43612303 0.40704816 0.37942703 0.35325965
 0.32853148 0.30521634 0.28327892 0.26267681 0.24336234 0.225284
 0.2083877  0.19261782 0.17791804 0.16423203 0.15150405 0.13967934
 0.12870454 0.1185279  0.10909954 0.10037158 0.09229821 0.08483581
 0.0779429  0.07158021 0.06571063 0.06029917 0.05531289 0.05072088
 0.04649414 0.04260554 0.03902972 0.035743   0.03272334 0.02995017
 0.02740441]",60
1561,339443,339443,6,[1.       1.8      2.43     2.916    3.2805   3.54294  3.720087],6
1562,22394,22394,6,[1.       1.8      2.43     2.916    3.2805   3.54294  3.720087],6
1563,267895,267895,1,[1.  1.8],1
1564,82127,82127,3,[0.29411765 0.52941176 0.71470588 0.85764706],3
1565,193168,193168,60,"[0.25       0.45       0.6075     0.729      0.820125   0.885735
 0.93002175 0.9565938  0.96855122 0.96855122 0.95886571 0.94143179
 0.91789599 0.88965304 0.85787972 0.82356453 0.78753358 0.75047318
 0.71294952 0.67542586 0.63827744 0.60180444 0.56624327 0.53177629
 0.49854027 0.46663369 0.43612303 0.40704816 0.37942703 0.35325965
 0.32853148 0.30521634 0.28327892 0.26267681 0.24336234 0.225284
 0.2083877  0.19261782 0.17791804 0.16423203 0.15150405 0.13967934
 0.12870454 0.1185279  0.10909954 0.10037158 0.09229821 0.08483581
 0.0779429  0.07158021 0.06571063 0.06029917 0.05531289 0.05072088
 0.04649414 0.04260554 0.03902972 0.035743   0.03272334 0.02995017
 0.02740441]",60
1566,180230,180230,60,"[0.25       0.45       0.6075     0.729      0.820125   0.885735
 0.93002175 0.9565938  0.96855122 0.96855122 0.95886571 0.94143179
 0.91789599 0.88965304 0.85787972 0.82356453 0.78753358 0.75047318
 0.71294952 0.67542586 0.63827744 0.60180444 0.56624327 0.53177629
 0.49854027 0.46663369 0.43612303 0.40704816 0.37942703 0.35325965
 0.32853148 0.30521634 0.28327892 0.26267681 0.24336234 0.225284
 0.2083877  0.19261782 0.17791804 0.16423203 0.15150405 0.13967934
 0.12870454 0.1185279  0.10909954 0.10037158 0.09229821 0.08483581
 0.0779429  0.07158021 0.06571063 0.06029917 0.05531289 0.05072088
 0.04649414 0.04260554 0.03902972 0.035743   0.03272334 0.02995017
 0.02740441]",60
1567,275452,275452,1,[1.  1.8],1
1568,172732,172732,6,[1.       1.8      2.43     2.916    3.2805   3.54294  3.720087],6
1569,233455,233455,9,"[1.         1.8        2.43       2.916      3.2805     3.54294
 3.720087   3.8263752  3.87420489]",8
1570,307377,307377,30,"[0.25       0.45       0.6075     0.729      0.820125   0.885735
 0.93002175 0.9565938  0.96855122 0.96855122 0.95886571 0.94143179
 0.91789599 0.88965304 0.85787972 0.82356453 0.78753358 0.75047318
 0.71294952 0.67542586 0.63827744 0.60180444 0.56624327 0.53177629
 0.49854027 0.46663369 0.43612303 0.40704816 0.37942703 0.35325965
 0.32853148]",30
1571,265474,265474,1,[1.  1.8],1
1572,141957,141957,30,"[0.25       0.45       0.6075     0.729      0.820125   0.885735
 0.93002175 0.9565938  0.96855122 0.96855122 0.95886571 0.94143179
 0.91789599 0.88965304 0.85787972 0.82356453 0.78753358 0.75047318
 0.71294952 0.67542586 0.63827744 0.60180444 0.56624327 0.53177629
 0.49854027 0.46663369 0.43612303 0.40704816 0.37942703 0.35325965
 0.32853148]",30
1573,110929,110929,1,[1.  1.8],1
1574,186950,186950,3,[0.29411765 0.52941176 0.71470588 0.85764706],3
1575,261283,261283,6,[1.       1.8      2.43     2.916    3.2805   3.54294  3.720087],6
1576,303450,303450,60,"[0.25       0.45       0.6075     0.729      0.820125   0.885735
 0.93002175 0.9565938  0.96855122 0.96855122 0.95886571 0.94143179
 0.91789599 0.88965304 0.85787972 0.82356453 0.78753358 0.75047318
 0.71294952 0.67542586 0.63827744 0.60180444 0.56624327 0.53177629
 0.49854027 0.46663369 0.43612303 0.40704816 0.37942703 0.35325965
 0.32853148 0.30521634 0.28327892 0.26267681 0.24336234 0.225284
 0.2083877  0.19261782 0.17791804 0.16423203 0.15150405 0.13967934
 0.12870454 0.1185279  0.10909954 0.10037158 0.09229821 0.08483581
 0.0779429  0.07158021 0.06571063 0.06029917 0.05531289 0.05072088
 0.04649414 0.04260554 0.03902972 0.035743   0.03272334 0.02995017
 0.02740441]",60
1577,325116,325116,6,[1.       1.8      2.43     2.916    3.2805   3.54294  3.720087],6
1578,199067,199067,30,"[0.25       0.45       0.6075     0.729      0.820125   0.885735
 0.93002175 0.9565938  0.96855122 0.96855122 0.95886571 0.94143179
 0.91789599 0.88965304 0.85787972 0.82356453 0.78753358 0.75047318
 0.71294952 0.67542586 0.63827744 0.60180444 0.56624327 0.53177629
 0.49854027 0.46663369 0.43612303 0.40704816 0.37942703 0.35325965
 0.32853148]",30
1579,162595,162595,6,[1.       1.8      2.43     2.916    3.2805   3.54294  3.720087],6
1580,134960,134960,6,[1.       1.8      2.43     2.916    3.2805   3.54294  3.720087],6
1581,294263,294263,1,[1.  1.8],1
1582,120621,120621,60,"[0.25       0.45       0.6075     0.729      0.820125   0.885735
 0.93002175 0.9565938  0.96855122 0.96855122 0.95886571 0.94143179
 0.91789599 0.88965304 0.85787972 0.82356453 0.78753358 0.75047318
 0.71294952 0.67542586 0.63827744 0.60180444 0.56624327 0.53177629
 0.49854027 0.46663369 0.43612303 0.40704816 0.37942703 0.35325965
 0.32853148 0.30521634 0.28327892 0.26267681 0.24336234 0.225284
 0.2083877  0.19261782 0.17791804 0.16423203 0.15150405 0.13967934
 0.12870454 0.1185279  0.10909954 0.10037158 0.09229821 0.08483581
 0.0779429  0.07158021 0.06571063 0.06029917 0.05531289 0.05072088
 0.04649414 0.04260554 0.03902972 0.035743   0.03272334 0.02995017
 0.02740441]",60
1583,198137,198137,1,[1.  1.8],1
1584,298744,298744,9,"[1.         1.8        2.43       2.916      3.2805     3.54294
 3.720087   3.8263752  3.87420489]",8
1585,182204,182204,1,[1.  1.8],1
1586,208795,208795,9,"[1.         1.8        2.43       2.916      3.2805     3.54294
 3.720087   3.8263752  3.87420489]",8
1587,121703,121703,6,[1.       1.8      2.43     2.916    3.2805   3.54294  3.720087],6
1588,265497,265497,9,"[1.         1.8        2.43       2.916      3.2805     3.54294
 3.720087   3.8263752  3.87420489]",8
1589,282939,282939,1,[1.  1.8],1
1590,181824,181824,6,[1.       1.8      2.43     2.916    3.2805   3.54294  3.720087],6
1591,228842,228842,30,"[0.25       0.45       0.6075     0.729      0.820125   0.885735
 0.93002175 0.9565938  0.96855122 0.96855122 0.95886571 0.94143179
 0.91789599 0.88965304 0.85787972 0.82356453 0.78753358 0.75047318
 0.71294952 0.67542586 0.63827744 0.60180444 0.56624327 0.53177629
 0.49854027 0.46663369 0.43612303 0.40704816 0.37942703 0.35325965
 0.32853148]",30
1592,200991,200991,9,"[1.         1.8        2.43       2.916      3.2805     3.54294
 3.720087   3.8263752  3.87420489]",8
1593,24983,24983,30,"[0.25       0.45       0.6075     0.729      0.820125   0.885735
 0.93002175 0.9565938  0.96855122 0.96855122 0.95886571 0.94143179
 0.91789599 0.88965304 0.85787972 0.82356453 0.78753358 0.75047318
 0.71294952 0.67542586 0.63827744 0.60180444 0.56624327 0.53177629
 0.49854027 0.46663369 0.43612303 0.40704816 0.37942703 0.35325965
 0.32853148]",30
1594,104698,104698,30,"[0.25       0.45       0.6075     0.729      0.820125   0.885735
 0.93002175 0.9565938  0.96855122 0.96855122 0.95886571 0.94143179
 0.91789599 0.88965304 0.85787972 0.82356453 0.78753358 0.75047318
 0.71294952 0.67542586 0.63827744 0.60180444 0.56624327 0.53177629
 0.49854027 0.46663369 0.43612303 0.40704816 0.37942703 0.35325965
 0.32853148]",30
1595,76753,76753,9,"[1.         1.8        2.43       2.916      3.2805     3.54294
 3.720087   3.8263752  3.87420489]",8
1596,309014,309014,6,[1.       1.8      2.43     2.916    3.2805   3.54294  3.720087],6
1597,238168,238168,30,"[0.25       0.45       0.6075     0.729      0.820125   0.885735
 0.93002175 0.9565938  0.96855122 0.96855122 0.95886571 0.94143179
 0.91789599 0.88965304 0.85787972 0.82356453 0.78753358 0.75047318
 0.71294952 0.67542586 0.63827744 0.60180444 0.56624327 0.53177629
 0.49854027 0.46663369 0.43612303 0.40704816 0.37942703 0.35325965
 0.32853148]",30
1598,268937,268937,1,[1.  1.8],1
1599,34099,34099,6,[1.       1.8      2.43     2.916    3.2805   3.54294  3.720087],6
1600,320553,320553,60,"[0.25       0.45       0.6075     0.729      0.820125   0.885735
 0.93002175 0.9565938  0.96855122 0.96855122 0.95886571 0.94143179
 0.91789599 0.88965304 0.85787972 0.82356453 0.78753358 0.75047318
 0.71294952 0.67542586 0.63827744 0.60180444 0.56624327 0.53177629
 0.49854027 0.46663369 0.43612303 0.40704816 0.37942703 0.35325965
 0.32853148 0.30521634 0.28327892 0.26267681 0.24336234 0.225284
 0.2083877  0.19261782 0.17791804 0.16423203 0.15150405 0.13967934
 0.12870454 0.1185279  0.10909954 0.10037158 0.09229821 0.08483581
 0.0779429  0.07158021 0.06571063 0.06029917 0.05531289 0.05072088
 0.04649414 0.04260554 0.03902972 0.035743   0.03272334 0.02995017
 0.02740441]",60
1601,176912,176912,3,[0.29411765 0.52941176 0.71470588 0.85764706],3
1602,279854,279854,60,"[0.25       0.45       0.6075     0.729      0.820125   0.885735
 0.93002175 0.9565938  0.96855122 0.96855122 0.95886571 0.94143179
 0.91789599 0.88965304 0.85787972 0.82356453 0.78753358 0.75047318
 0.71294952 0.67542586 0.63827744 0.60180444 0.56624327 0.53177629
 0.49854027 0.46663369 0.43612303 0.40704816 0.37942703 0.35325965
 0.32853148 0.30521634 0.28327892 0.26267681 0.24336234 0.225284
 0.2083877  0.19261782 0.17791804 0.16423203 0.15150405 0.13967934
 0.12870454 0.1185279  0.10909954 0.10037158 0.09229821 0.08483581
 0.0779429  0.07158021 0.06571063 0.06029917 0.05531289 0.05072088
 0.04649414 0.04260554 0.03902972 0.035743   0.03272334 0.02995017
 0.02740441]",60
1603,138748,138748,1,[1.  1.8],1
1604,170769,170769,30,"[0.25       0.45       0.6075     0.729      0.820125   0.885735
 0.93002175 0.9565938  0.96855122 0.96855122 0.95886571 0.94143179
 0.91789599 0.88965304 0.85787972 0.82356453 0.78753358 0.75047318
 0.71294952 0.67542586 0.63827744 0.60180444 0.56624327 0.53177629
 0.49854027 0.46663369 0.43612303 0.40704816 0.37942703 0.35325965
 0.32853148]",30
1605,343128,343128,1,[1.  1.8],1
1606,64164,64164,3,[0.29411765 0.52941176 0.71470588 0.85764706],3
1607,12963,12963,3,[0.29411765 0.52941176 0.71470588 0.85764706],3
1608,237,237,6,[1.       1.8      2.43     2.916    3.2805   3.54294  3.720087],6
1609,156235,156235,1,[1.  1.8],1
1610,49793,49793,1,[1.  1.8],1
1611,4492,4492,6,[1.       1.8      2.43     2.916    3.2805   3.54294  3.720087],6
1612,93882,93882,6,[1.       1.8      2.43     2.916    3.2805   3.54294  3.720087],6
1613,94956,94956,6,[1.       1.8      2.43     2.916    3.2805   3.54294  3.720087],6
1614,41233,41233,3,[0.29411765 0.52941176 0.71470588 0.85764706],3
1615,28380,28380,3,[0.29411765 0.52941176 0.71470588 0.85764706],3
1616,342704,342704,3,[0.29411765 0.52941176 0.71470588 0.85764706],3
1617,283255,283255,30,"[0.25       0.45       0.6075     0.729      0.820125   0.885735
 0.93002175 0.9565938  0.96855122 0.96855122 0.95886571 0.94143179
 0.91789599 0.88965304 0.85787972 0.82356453 0.78753358 0.75047318
 0.71294952 0.67542586 0.63827744 0.60180444 0.56624327 0.53177629
 0.49854027 0.46663369 0.43612303 0.40704816 0.37942703 0.35325965
 0.32853148]",30
1618,314632,314632,3,[0.29411765 0.52941176 0.71470588 0.85764706],3
1619,327773,327773,30,"[0.25       0.45       0.6075     0.729      0.820125   0.885735
 0.93002175 0.9565938  0.96855122 0.96855122 0.95886571 0.94143179
 0.91789599 0.88965304 0.85787972 0.82356453 0.78753358 0.75047318
 0.71294952 0.67542586 0.63827744 0.60180444 0.56624327 0.53177629
 0.49854027 0.46663369 0.43612303 0.40704816 0.37942703 0.35325965
 0.32853148]",30
1620,282581,282581,1,[1.  1.8],1
1621,286605,286605,3,[0.29411765 0.52941176 0.71470588 0.85764706],3
1622,224046,224046,60,"[0.25       0.45       0.6075     0.729      0.820125   0.885735
 0.93002175 0.9565938  0.96855122 0.96855122 0.95886571 0.94143179
 0.91789599 0.88965304 0.85787972 0.82356453 0.78753358 0.75047318
 0.71294952 0.67542586 0.63827744 0.60180444 0.56624327 0.53177629
 0.49854027 0.46663369 0.43612303 0.40704816 0.37942703 0.35325965
 0.32853148 0.30521634 0.28327892 0.26267681 0.24336234 0.225284
 0.2083877  0.19261782 0.17791804 0.16423203 0.15150405 0.13967934
 0.12870454 0.1185279  0.10909954 0.10037158 0.09229821 0.08483581
 0.0779429  0.07158021 0.06571063 0.06029917 0.05531289 0.05072088
 0.04649414 0.04260554 0.03902972 0.035743   0.03272334 0.02995017
 0.02740441]",60
1623,132097,132097,60,"[0.25       0.45       0.6075     0.729      0.820125   0.885735
 0.93002175 0.9565938  0.96855122 0.96855122 0.95886571 0.94143179
 0.91789599 0.88965304 0.85787972 0.82356453 0.78753358 0.75047318
 0.71294952 0.67542586 0.63827744 0.60180444 0.56624327 0.53177629
 0.49854027 0.46663369 0.43612303 0.40704816 0.37942703 0.35325965
 0.32853148 0.30521634 0.28327892 0.26267681 0.24336234 0.225284
 0.2083877  0.19261782 0.17791804 0.16423203 0.15150405 0.13967934
 0.12870454 0.1185279  0.10909954 0.10037158 0.09229821 0.08483581
 0.0779429  0.07158021 0.06571063 0.06029917 0.05531289 0.05072088
 0.04649414 0.04260554 0.03902972 0.035743   0.03272334 0.02995017
 0.02740441]",60
1624,39771,39771,6,[1.       1.8      2.43     2.916    3.2805   3.54294  3.720087],6
1625,289394,289394,3,[0.29411765 0.52941176 0.71470588 0.85764706],3
1626,140430,140430,60,"[0.25       0.45       0.6075     0.729      0.820125   0.885735
 0.93002175 0.9565938  0.96855122 0.96855122 0.95886571 0.94143179
 0.91789599 0.88965304 0.85787972 0.82356453 0.78753358 0.75047318
 0.71294952 0.67542586 0.63827744 0.60180444 0.56624327 0.53177629
 0.49854027 0.46663369 0.43612303 0.40704816 0.37942703 0.35325965
 0.32853148 0.30521634 0.28327892 0.26267681 0.24336234 0.225284
 0.2083877  0.19261782 0.17791804 0.16423203 0.15150405 0.13967934
 0.12870454 0.1185279  0.10909954 0.10037158 0.09229821 0.08483581
 0.0779429  0.07158021 0.06571063 0.06029917 0.05531289 0.05072088
 0.04649414 0.04260554 0.03902972 0.035743   0.03272334 0.02995017
 0.02740441]",60
1627,267929,267929,60,"[0.25       0.45       0.6075     0.729      0.820125   0.885735
 0.93002175 0.9565938  0.96855122 0.96855122 0.95886571 0.94143179
 0.91789599 0.88965304 0.85787972 0.82356453 0.78753358 0.75047318
 0.71294952 0.67542586 0.63827744 0.60180444 0.56624327 0.53177629
 0.49854027 0.46663369 0.43612303 0.40704816 0.37942703 0.35325965
 0.32853148 0.30521634 0.28327892 0.26267681 0.24336234 0.225284
 0.2083877  0.19261782 0.17791804 0.16423203 0.15150405 0.13967934
 0.12870454 0.1185279  0.10909954 0.10037158 0.09229821 0.08483581
 0.0779429  0.07158021 0.06571063 0.06029917 0.05531289 0.05072088
 0.04649414 0.04260554 0.03902972 0.035743   0.03272334 0.02995017
 0.02740441]",60
1628,329830,329830,3,[0.29411765 0.52941176 0.71470588 0.85764706],3
1629,198650,198650,30,"[0.25       0.45       0.6075     0.729      0.820125   0.885735
 0.93002175 0.9565938  0.96855122 0.96855122 0.95886571 0.94143179
 0.91789599 0.88965304 0.85787972 0.82356453 0.78753358 0.75047318
 0.71294952 0.67542586 0.63827744 0.60180444 0.56624327 0.53177629
 0.49854027 0.46663369 0.43612303 0.40704816 0.37942703 0.35325965
 0.32853148]",30
1630,268947,268947,3,[0.29411765 0.52941176 0.71470588 0.85764706],3
1631,342143,342143,1,[1.  1.8],1
1632,231910,231910,6,[1.       1.8      2.43     2.916    3.2805   3.54294  3.720087],6
1633,83704,83704,3,[0.29411765 0.52941176 0.71470588 0.85764706],3
1634,259495,259495,3,[0.29411765 0.52941176 0.71470588 0.85764706],3
1635,19220,19220,9,"[1.         1.8        2.43       2.916      3.2805     3.54294
 3.720087   3.8263752  3.87420489]",8
1636,106867,106867,6,[1.       1.8      2.43     2.916    3.2805   3.54294  3.720087],6
1637,195171,195171,1,[1.  1.8],1
1638,121064,121064,1,[1.  1.8],1
1639,41361,41361,6,[1.       1.8      2.43     2.916    3.2805   3.54294  3.720087],6
1640,321528,321528,30,"[0.25       0.45       0.6075     0.729      0.820125   0.885735
 0.93002175 0.9565938  0.96855122 0.96855122 0.95886571 0.94143179
 0.91789599 0.88965304 0.85787972 0.82356453 0.78753358 0.75047318
 0.71294952 0.67542586 0.63827744 0.60180444 0.56624327 0.53177629
 0.49854027 0.46663369 0.43612303 0.40704816 0.37942703 0.35325965
 0.32853148]",30
1641,181519,181519,60,"[0.25       0.45       0.6075     0.729      0.820125   0.885735
 0.93002175 0.9565938  0.96855122 0.96855122 0.95886571 0.94143179
 0.91789599 0.88965304 0.85787972 0.82356453 0.78753358 0.75047318
 0.71294952 0.67542586 0.63827744 0.60180444 0.56624327 0.53177629
 0.49854027 0.46663369 0.43612303 0.40704816 0.37942703 0.35325965
 0.32853148 0.30521634 0.28327892 0.26267681 0.24336234 0.225284
 0.2083877  0.19261782 0.17791804 0.16423203 0.15150405 0.13967934
 0.12870454 0.1185279  0.10909954 0.10037158 0.09229821 0.08483581
 0.0779429  0.07158021 0.06571063 0.06029917 0.05531289 0.05072088
 0.04649414 0.04260554 0.03902972 0.035743   0.03272334 0.02995017
 0.02740441]",60
1642,40652,40652,60,"[0.25       0.45       0.6075     0.729      0.820125   0.885735
 0.93002175 0.9565938  0.96855122 0.96855122 0.95886571 0.94143179
 0.91789599 0.88965304 0.85787972 0.82356453 0.78753358 0.75047318
 0.71294952 0.67542586 0.63827744 0.60180444 0.56624327 0.53177629
 0.49854027 0.46663369 0.43612303 0.40704816 0.37942703 0.35325965
 0.32853148 0.30521634 0.28327892 0.26267681 0.24336234 0.225284
 0.2083877  0.19261782 0.17791804 0.16423203 0.15150405 0.13967934
 0.12870454 0.1185279  0.10909954 0.10037158 0.09229821 0.08483581
 0.0779429  0.07158021 0.06571063 0.06029917 0.05531289 0.05072088
 0.04649414 0.04260554 0.03902972 0.035743   0.03272334 0.02995017
 0.02740441]",60
1643,258599,258599,6,[1.       1.8      2.43     2.916    3.2805   3.54294  3.720087],6
1644,110377,110377,3,[0.29411765 0.52941176 0.71470588 0.85764706],3
1645,71878,71878,9,"[1.         1.8        2.43       2.916      3.2805     3.54294
 3.720087   3.8263752  3.87420489]",8
1646,44877,44877,60,"[0.25       0.45       0.6075     0.729      0.820125   0.885735
 0.93002175 0.9565938  0.96855122 0.96855122 0.95886571 0.94143179
 0.91789599 0.88965304 0.85787972 0.82356453 0.78753358 0.75047318
 0.71294952 0.67542586 0.63827744 0.60180444 0.56624327 0.53177629
 0.49854027 0.46663369 0.43612303 0.40704816 0.37942703 0.35325965
 0.32853148 0.30521634 0.28327892 0.26267681 0.24336234 0.225284
 0.2083877  0.19261782 0.17791804 0.16423203 0.15150405 0.13967934
 0.12870454 0.1185279  0.10909954 0.10037158 0.09229821 0.08483581
 0.0779429  0.07158021 0.06571063 0.06029917 0.05531289 0.05072088
 0.04649414 0.04260554 0.03902972 0.035743   0.03272334 0.02995017
 0.02740441]",60
1647,218088,218088,9,"[1.         1.8        2.43       2.916      3.2805     3.54294
 3.720087   3.8263752  3.87420489]",8
1648,45862,45862,6,[1.       1.8      2.43     2.916    3.2805   3.54294  3.720087],6
1649,6322,6322,30,"[0.25       0.45       0.6075     0.729      0.820125   0.885735
 0.93002175 0.9565938  0.96855122 0.96855122 0.95886571 0.94143179
 0.91789599 0.88965304 0.85787972 0.82356453 0.78753358 0.75047318
 0.71294952 0.67542586 0.63827744 0.60180444 0.56624327 0.53177629
 0.49854027 0.46663369 0.43612303 0.40704816 0.37942703 0.35325965
 0.32853148]",30
1650,348589,348589,6,[1.       1.8      2.43     2.916    3.2805   3.54294  3.720087],6
1651,231905,231905,60,"[0.25       0.45       0.6075     0.729      0.820125   0.885735
 0.93002175 0.9565938  0.96855122 0.96855122 0.95886571 0.94143179
 0.91789599 0.88965304 0.85787972 0.82356453 0.78753358 0.75047318
 0.71294952 0.67542586 0.63827744 0.60180444 0.56624327 0.53177629
 0.49854027 0.46663369 0.43612303 0.40704816 0.37942703 0.35325965
 0.32853148 0.30521634 0.28327892 0.26267681 0.24336234 0.225284
 0.2083877  0.19261782 0.17791804 0.16423203 0.15150405 0.13967934
 0.12870454 0.1185279  0.10909954 0.10037158 0.09229821 0.08483581
 0.0779429  0.07158021 0.06571063 0.06029917 0.05531289 0.05072088
 0.04649414 0.04260554 0.03902972 0.035743   0.03272334 0.02995017
 0.02740441]",60
1652,302998,302998,3,[0.29411765 0.52941176 0.71470588 0.85764706],3
1653,242268,242268,30,"[0.25       0.45       0.6075     0.729      0.820125   0.885735
 0.93002175 0.9565938  0.96855122 0.96855122 0.95886571 0.94143179
 0.91789599 0.88965304 0.85787972 0.82356453 0.78753358 0.75047318
 0.71294952 0.67542586 0.63827744 0.60180444 0.56624327 0.53177629
 0.49854027 0.46663369 0.43612303 0.40704816 0.37942703 0.35325965
 0.32853148]",30
1654,97120,97120,1,[1.  1.8],1
1655,275927,275927,9,"[1.         1.8        2.43       2.916      3.2805     3.54294
 3.720087   3.8263752  3.87420489]",8
1656,333933,333933,6,[1.       1.8      2.43     2.916    3.2805   3.54294  3.720087],6
1657,20179,20179,30,"[0.25       0.45       0.6075     0.729      0.820125   0.885735
 0.93002175 0.9565938  0.96855122 0.96855122 0.95886571 0.94143179
 0.91789599 0.88965304 0.85787972 0.82356453 0.78753358 0.75047318
 0.71294952 0.67542586 0.63827744 0.60180444 0.56624327 0.53177629
 0.49854027 0.46663369 0.43612303 0.40704816 0.37942703 0.35325965
 0.32853148]",30
1658,83219,83219,9,"[1.         1.8        2.43       2.916      3.2805     3.54294
 3.720087   3.8263752  3.87420489]",8
1659,307505,307505,6,[1.       1.8      2.43     2.916    3.2805   3.54294  3.720087],6
1660,176048,176048,6,[1.       1.8      2.43     2.916    3.2805   3.54294  3.720087],6
1661,109953,109953,1,[1.  1.8],1
1662,115512,115512,9,"[1.         1.8        2.43       2.916      3.2805     3.54294
 3.720087   3.8263752  3.87420489]",8
1663,19195,19195,60,"[0.25       0.45       0.6075     0.729      0.820125   0.885735
 0.93002175 0.9565938  0.96855122 0.96855122 0.95886571 0.94143179
 0.91789599 0.88965304 0.85787972 0.82356453 0.78753358 0.75047318
 0.71294952 0.67542586 0.63827744 0.60180444 0.56624327 0.53177629
 0.49854027 0.46663369 0.43612303 0.40704816 0.37942703 0.35325965
 0.32853148 0.30521634 0.28327892 0.26267681 0.24336234 0.225284
 0.2083877  0.19261782 0.17791804 0.16423203 0.15150405 0.13967934
 0.12870454 0.1185279  0.10909954 0.10037158 0.09229821 0.08483581
 0.0779429  0.07158021 0.06571063 0.06029917 0.05531289 0.05072088
 0.04649414 0.04260554 0.03902972 0.035743   0.03272334 0.02995017
 0.02740441]",60
1664,68160,68160,60,"[0.25       0.45       0.6075     0.729      0.820125   0.885735
 0.93002175 0.9565938  0.96855122 0.96855122 0.95886571 0.94143179
 0.91789599 0.88965304 0.85787972 0.82356453 0.78753358 0.75047318
 0.71294952 0.67542586 0.63827744 0.60180444 0.56624327 0.53177629
 0.49854027 0.46663369 0.43612303 0.40704816 0.37942703 0.35325965
 0.32853148 0.30521634 0.28327892 0.26267681 0.24336234 0.225284
 0.2083877  0.19261782 0.17791804 0.16423203 0.15150405 0.13967934
 0.12870454 0.1185279  0.10909954 0.10037158 0.09229821 0.08483581
 0.0779429  0.07158021 0.06571063 0.06029917 0.05531289 0.05072088
 0.04649414 0.04260554 0.03902972 0.035743   0.03272334 0.02995017
 0.02740441]",60
1665,122150,122150,60,"[0.25       0.45       0.6075     0.729      0.820125   0.885735
 0.93002175 0.9565938  0.96855122 0.96855122 0.95886571 0.94143179
 0.91789599 0.88965304 0.85787972 0.82356453 0.78753358 0.75047318
 0.71294952 0.67542586 0.63827744 0.60180444 0.56624327 0.53177629
 0.49854027 0.46663369 0.43612303 0.40704816 0.37942703 0.35325965
 0.32853148 0.30521634 0.28327892 0.26267681 0.24336234 0.225284
 0.2083877  0.19261782 0.17791804 0.16423203 0.15150405 0.13967934
 0.12870454 0.1185279  0.10909954 0.10037158 0.09229821 0.08483581
 0.0779429  0.07158021 0.06571063 0.06029917 0.05531289 0.05072088
 0.04649414 0.04260554 0.03902972 0.035743   0.03272334 0.02995017
 0.02740441]",60
1666,273449,273449,6,[1.       1.8      2.43     2.916    3.2805   3.54294  3.720087],6
1667,60234,60234,6,[1.       1.8      2.43     2.916    3.2805   3.54294  3.720087],6
1668,233634,233634,1,[1.  1.8],1
1669,347595,347595,3,[0.29411765 0.52941176 0.71470588 0.85764706],3
1670,318401,318401,6,[1.       1.8      2.43     2.916    3.2805   3.54294  3.720087],6
1671,178167,178167,3,[0.29411765 0.52941176 0.71470588 0.85764706],3
1672,91130,91130,9,"[1.         1.8        2.43       2.916      3.2805     3.54294
 3.720087   3.8263752  3.87420489]",8
1673,235109,235109,60,"[0.25       0.45       0.6075     0.729      0.820125   0.885735
 0.93002175 0.9565938  0.96855122 0.96855122 0.95886571 0.94143179
 0.91789599 0.88965304 0.85787972 0.82356453 0.78753358 0.75047318
 0.71294952 0.67542586 0.63827744 0.60180444 0.56624327 0.53177629
 0.49854027 0.46663369 0.43612303 0.40704816 0.37942703 0.35325965
 0.32853148 0.30521634 0.28327892 0.26267681 0.24336234 0.225284
 0.2083877  0.19261782 0.17791804 0.16423203 0.15150405 0.13967934
 0.12870454 0.1185279  0.10909954 0.10037158 0.09229821 0.08483581
 0.0779429  0.07158021 0.06571063 0.06029917 0.05531289 0.05072088
 0.04649414 0.04260554 0.03902972 0.035743   0.03272334 0.02995017
 0.02740441]",60
1674,17910,17910,6,[1.       1.8      2.43     2.916    3.2805   3.54294  3.720087],6
1675,46996,46996,1,[1.  1.8],1
1676,196783,196783,1,[1.  1.8],1
1677,158862,158862,30,"[0.25       0.45       0.6075     0.729      0.820125   0.885735
 0.93002175 0.9565938  0.96855122 0.96855122 0.95886571 0.94143179
 0.91789599 0.88965304 0.85787972 0.82356453 0.78753358 0.75047318
 0.71294952 0.67542586 0.63827744 0.60180444 0.56624327 0.53177629
 0.49854027 0.46663369 0.43612303 0.40704816 0.37942703 0.35325965
 0.32853148]",30
1678,50666,50666,60,"[0.25       0.45       0.6075     0.729      0.820125   0.885735
 0.93002175 0.9565938  0.96855122 0.96855122 0.95886571 0.94143179
 0.91789599 0.88965304 0.85787972 0.82356453 0.78753358 0.75047318
 0.71294952 0.67542586 0.63827744 0.60180444 0.56624327 0.53177629
 0.49854027 0.46663369 0.43612303 0.40704816 0.37942703 0.35325965
 0.32853148 0.30521634 0.28327892 0.26267681 0.24336234 0.225284
 0.2083877  0.19261782 0.17791804 0.16423203 0.15150405 0.13967934
 0.12870454 0.1185279  0.10909954 0.10037158 0.09229821 0.08483581
 0.0779429  0.07158021 0.06571063 0.06029917 0.05531289 0.05072088
 0.04649414 0.04260554 0.03902972 0.035743   0.03272334 0.02995017
 0.02740441]",60
1679,127879,127879,60,"[0.25       0.45       0.6075     0.729      0.820125   0.885735
 0.93002175 0.9565938  0.96855122 0.96855122 0.95886571 0.94143179
 0.91789599 0.88965304 0.85787972 0.82356453 0.78753358 0.75047318
 0.71294952 0.67542586 0.63827744 0.60180444 0.56624327 0.53177629
 0.49854027 0.46663369 0.43612303 0.40704816 0.37942703 0.35325965
 0.32853148 0.30521634 0.28327892 0.26267681 0.24336234 0.225284
 0.2083877  0.19261782 0.17791804 0.16423203 0.15150405 0.13967934
 0.12870454 0.1185279  0.10909954 0.10037158 0.09229821 0.08483581
 0.0779429  0.07158021 0.06571063 0.06029917 0.05531289 0.05072088
 0.04649414 0.04260554 0.03902972 0.035743   0.03272334 0.02995017
 0.02740441]",60
1680,166604,166604,3,[0.29411765 0.52941176 0.71470588 0.85764706],3
1681,170214,170214,9,"[1.         1.8        2.43       2.916      3.2805     3.54294
 3.720087   3.8263752  3.87420489]",8
1682,244750,244750,9,"[1.         1.8        2.43       2.916      3.2805     3.54294
 3.720087   3.8263752  3.87420489]",8
1683,285791,285791,9,"[1.         1.8        2.43       2.916      3.2805     3.54294
 3.720087   3.8263752  3.87420489]",8
1684,197293,197293,30,"[0.25       0.45       0.6075     0.729      0.820125   0.885735
 0.93002175 0.9565938  0.96855122 0.96855122 0.95886571 0.94143179
 0.91789599 0.88965304 0.85787972 0.82356453 0.78753358 0.75047318
 0.71294952 0.67542586 0.63827744 0.60180444 0.56624327 0.53177629
 0.49854027 0.46663369 0.43612303 0.40704816 0.37942703 0.35325965
 0.32853148]",30
1685,266622,266622,60,"[0.25       0.45       0.6075     0.729      0.820125   0.885735
 0.93002175 0.9565938  0.96855122 0.96855122 0.95886571 0.94143179
 0.91789599 0.88965304 0.85787972 0.82356453 0.78753358 0.75047318
 0.71294952 0.67542586 0.63827744 0.60180444 0.56624327 0.53177629
 0.49854027 0.46663369 0.43612303 0.40704816 0.37942703 0.35325965
 0.32853148 0.30521634 0.28327892 0.26267681 0.24336234 0.225284
 0.2083877  0.19261782 0.17791804 0.16423203 0.15150405 0.13967934
 0.12870454 0.1185279  0.10909954 0.10037158 0.09229821 0.08483581
 0.0779429  0.07158021 0.06571063 0.06029917 0.05531289 0.05072088
 0.04649414 0.04260554 0.03902972 0.035743   0.03272334 0.02995017
 0.02740441]",60
1686,272907,272907,30,"[0.25       0.45       0.6075     0.729      0.820125   0.885735
 0.93002175 0.9565938  0.96855122 0.96855122 0.95886571 0.94143179
 0.91789599 0.88965304 0.85787972 0.82356453 0.78753358 0.75047318
 0.71294952 0.67542586 0.63827744 0.60180444 0.56624327 0.53177629
 0.49854027 0.46663369 0.43612303 0.40704816 0.37942703 0.35325965
 0.32853148]",30
1687,61742,61742,30,"[0.25       0.45       0.6075     0.729      0.820125   0.885735
 0.93002175 0.9565938  0.96855122 0.96855122 0.95886571 0.94143179
 0.91789599 0.88965304 0.85787972 0.82356453 0.78753358 0.75047318
 0.71294952 0.67542586 0.63827744 0.60180444 0.56624327 0.53177629
 0.49854027 0.46663369 0.43612303 0.40704816 0.37942703 0.35325965
 0.32853148]",30
1688,315348,315348,1,[1.  1.8],1
1689,258015,258015,3,[0.29411765 0.52941176 0.71470588 0.85764706],3
1690,287365,287365,60,"[0.25       0.45       0.6075     0.729      0.820125   0.885735
 0.93002175 0.9565938  0.96855122 0.96855122 0.95886571 0.94143179
 0.91789599 0.88965304 0.85787972 0.82356453 0.78753358 0.75047318
 0.71294952 0.67542586 0.63827744 0.60180444 0.56624327 0.53177629
 0.49854027 0.46663369 0.43612303 0.40704816 0.37942703 0.35325965
 0.32853148 0.30521634 0.28327892 0.26267681 0.24336234 0.225284
 0.2083877  0.19261782 0.17791804 0.16423203 0.15150405 0.13967934
 0.12870454 0.1185279  0.10909954 0.10037158 0.09229821 0.08483581
 0.0779429  0.07158021 0.06571063 0.06029917 0.05531289 0.05072088
 0.04649414 0.04260554 0.03902972 0.035743   0.03272334 0.02995017
 0.02740441]",60
1691,262120,262120,6,[1.       1.8      2.43     2.916    3.2805   3.54294  3.720087],6
1692,340794,340794,6,[1.       1.8      2.43     2.916    3.2805   3.54294  3.720087],6
1693,212385,212385,1,[1.  1.8],1
1694,128860,128860,1,[1.  1.8],1
1695,200619,200619,3,[0.29411765 0.52941176 0.71470588 0.85764706],3
1696,132184,132184,9,"[1.         1.8        2.43       2.916      3.2805     3.54294
 3.720087   3.8263752  3.87420489]",8
1697,196759,196759,9,"[1.         1.8        2.43       2.916      3.2805     3.54294
 3.720087   3.8263752  3.87420489]",8
1698,157852,157852,3,[0.29411765 0.52941176 0.71470588 0.85764706],3
1699,128187,128187,60,"[0.25       0.45       0.6075     0.729      0.820125   0.885735
 0.93002175 0.9565938  0.96855122 0.96855122 0.95886571 0.94143179
 0.91789599 0.88965304 0.85787972 0.82356453 0.78753358 0.75047318
 0.71294952 0.67542586 0.63827744 0.60180444 0.56624327 0.53177629
 0.49854027 0.46663369 0.43612303 0.40704816 0.37942703 0.35325965
 0.32853148 0.30521634 0.28327892 0.26267681 0.24336234 0.225284
 0.2083877  0.19261782 0.17791804 0.16423203 0.15150405 0.13967934
 0.12870454 0.1185279  0.10909954 0.10037158 0.09229821 0.08483581
 0.0779429  0.07158021 0.06571063 0.06029917 0.05531289 0.05072088
 0.04649414 0.04260554 0.03902972 0.035743   0.03272334 0.02995017
 0.02740441]",60
1700,229031,229031,3,[0.29411765 0.52941176 0.71470588 0.85764706],3
1701,186156,186156,9,"[1.         1.8        2.43       2.916      3.2805     3.54294
 3.720087   3.8263752  3.87420489]",8
1702,225182,225182,6,[1.       1.8      2.43     2.916    3.2805   3.54294  3.720087],6
1703,276210,276210,1,[1.  1.8],1
1704,250195,250195,60,"[0.25       0.45       0.6075     0.729      0.820125   0.885735
 0.93002175 0.9565938  0.96855122 0.96855122 0.95886571 0.94143179
 0.91789599 0.88965304 0.85787972 0.82356453 0.78753358 0.75047318
 0.71294952 0.67542586 0.63827744 0.60180444 0.56624327 0.53177629
 0.49854027 0.46663369 0.43612303 0.40704816 0.37942703 0.35325965
 0.32853148 0.30521634 0.28327892 0.26267681 0.24336234 0.225284
 0.2083877  0.19261782 0.17791804 0.16423203 0.15150405 0.13967934
 0.12870454 0.1185279  0.10909954 0.10037158 0.09229821 0.08483581
 0.0779429  0.07158021 0.06571063 0.06029917 0.05531289 0.05072088
 0.04649414 0.04260554 0.03902972 0.035743   0.03272334 0.02995017
 0.02740441]",60
1705,168397,168397,60,"[0.25       0.45       0.6075     0.729      0.820125   0.885735
 0.93002175 0.9565938  0.96855122 0.96855122 0.95886571 0.94143179
 0.91789599 0.88965304 0.85787972 0.82356453 0.78753358 0.75047318
 0.71294952 0.67542586 0.63827744 0.60180444 0.56624327 0.53177629
 0.49854027 0.46663369 0.43612303 0.40704816 0.37942703 0.35325965
 0.32853148 0.30521634 0.28327892 0.26267681 0.24336234 0.225284
 0.2083877  0.19261782 0.17791804 0.16423203 0.15150405 0.13967934
 0.12870454 0.1185279  0.10909954 0.10037158 0.09229821 0.08483581
 0.0779429  0.07158021 0.06571063 0.06029917 0.05531289 0.05072088
 0.04649414 0.04260554 0.03902972 0.035743   0.03272334 0.02995017
 0.02740441]",60
1706,272686,272686,9,"[1.         1.8        2.43       2.916      3.2805     3.54294
 3.720087   3.8263752  3.87420489]",8
1707,296930,296930,3,[0.29411765 0.52941176 0.71470588 0.85764706],3
1708,211024,211024,9,"[1.         1.8        2.43       2.916      3.2805     3.54294
 3.720087   3.8263752  3.87420489]",8
1709,1318,1318,60,"[0.25       0.45       0.6075     0.729      0.820125   0.885735
 0.93002175 0.9565938  0.96855122 0.96855122 0.95886571 0.94143179
 0.91789599 0.88965304 0.85787972 0.82356453 0.78753358 0.75047318
 0.71294952 0.67542586 0.63827744 0.60180444 0.56624327 0.53177629
 0.49854027 0.46663369 0.43612303 0.40704816 0.37942703 0.35325965
 0.32853148 0.30521634 0.28327892 0.26267681 0.24336234 0.225284
 0.2083877  0.19261782 0.17791804 0.16423203 0.15150405 0.13967934
 0.12870454 0.1185279  0.10909954 0.10037158 0.09229821 0.08483581
 0.0779429  0.07158021 0.06571063 0.06029917 0.05531289 0.05072088
 0.04649414 0.04260554 0.03902972 0.035743   0.03272334 0.02995017
 0.02740441]",60
1710,45872,45872,6,[1.       1.8      2.43     2.916    3.2805   3.54294  3.720087],6
1711,279731,279731,60,"[0.25       0.45       0.6075     0.729      0.820125   0.885735
 0.93002175 0.9565938  0.96855122 0.96855122 0.95886571 0.94143179
 0.91789599 0.88965304 0.85787972 0.82356453 0.78753358 0.75047318
 0.71294952 0.67542586 0.63827744 0.60180444 0.56624327 0.53177629
 0.49854027 0.46663369 0.43612303 0.40704816 0.37942703 0.35325965
 0.32853148 0.30521634 0.28327892 0.26267681 0.24336234 0.225284
 0.2083877  0.19261782 0.17791804 0.16423203 0.15150405 0.13967934
 0.12870454 0.1185279  0.10909954 0.10037158 0.09229821 0.08483581
 0.0779429  0.07158021 0.06571063 0.06029917 0.05531289 0.05072088
 0.04649414 0.04260554 0.03902972 0.035743   0.03272334 0.02995017
 0.02740441]",60
1712,252613,252613,30,"[0.25       0.45       0.6075     0.729      0.820125   0.885735
 0.93002175 0.9565938  0.96855122 0.96855122 0.95886571 0.94143179
 0.91789599 0.88965304 0.85787972 0.82356453 0.78753358 0.75047318
 0.71294952 0.67542586 0.63827744 0.60180444 0.56624327 0.53177629
 0.49854027 0.46663369 0.43612303 0.40704816 0.37942703 0.35325965
 0.32853148]",30
1713,308638,308638,6,[1.       1.8      2.43     2.916    3.2805   3.54294  3.720087],6
1714,59746,59746,3,[0.29411765 0.52941176 0.71470588 0.85764706],3
1715,49321,49321,9,"[1.         1.8        2.43       2.916      3.2805     3.54294
 3.720087   3.8263752  3.87420489]",8
1716,268041,268041,1,[1.  1.8],1
1717,191050,191050,3,[0.29411765 0.52941176 0.71470588 0.85764706],3
1718,231304,231304,60,"[0.25       0.45       0.6075     0.729      0.820125   0.885735
 0.93002175 0.9565938  0.96855122 0.96855122 0.95886571 0.94143179
 0.91789599 0.88965304 0.85787972 0.82356453 0.78753358 0.75047318
 0.71294952 0.67542586 0.63827744 0.60180444 0.56624327 0.53177629
 0.49854027 0.46663369 0.43612303 0.40704816 0.37942703 0.35325965
 0.32853148 0.30521634 0.28327892 0.26267681 0.24336234 0.225284
 0.2083877  0.19261782 0.17791804 0.16423203 0.15150405 0.13967934
 0.12870454 0.1185279  0.10909954 0.10037158 0.09229821 0.08483581
 0.0779429  0.07158021 0.06571063 0.06029917 0.05531289 0.05072088
 0.04649414 0.04260554 0.03902972 0.035743   0.03272334 0.02995017
 0.02740441]",60
1719,14640,14640,3,[0.29411765 0.52941176 0.71470588 0.85764706],3
1720,205472,205472,30,"[0.25       0.45       0.6075     0.729      0.820125   0.885735
 0.93002175 0.9565938  0.96855122 0.96855122 0.95886571 0.94143179
 0.91789599 0.88965304 0.85787972 0.82356453 0.78753358 0.75047318
 0.71294952 0.67542586 0.63827744 0.60180444 0.56624327 0.53177629
 0.49854027 0.46663369 0.43612303 0.40704816 0.37942703 0.35325965
 0.32853148]",30
1721,92862,92862,1,[1.  1.8],1
1722,88830,88830,3,[0.29411765 0.52941176 0.71470588 0.85764706],3
1723,277590,277590,1,[1.  1.8],1
1724,51416,51416,9,"[1.         1.8        2.43       2.916      3.2805     3.54294
 3.720087   3.8263752  3.87420489]",8
1725,284251,284251,30,"[0.25       0.45       0.6075     0.729      0.820125   0.885735
 0.93002175 0.9565938  0.96855122 0.96855122 0.95886571 0.94143179
 0.91789599 0.88965304 0.85787972 0.82356453 0.78753358 0.75047318
 0.71294952 0.67542586 0.63827744 0.60180444 0.56624327 0.53177629
 0.49854027 0.46663369 0.43612303 0.40704816 0.37942703 0.35325965
 0.32853148]",30
1726,118025,118025,9,"[1.         1.8        2.43       2.916      3.2805     3.54294
 3.720087   3.8263752  3.87420489]",8
1727,288744,288744,30,"[0.25       0.45       0.6075     0.729      0.820125   0.885735
 0.93002175 0.9565938  0.96855122 0.96855122 0.95886571 0.94143179
 0.91789599 0.88965304 0.85787972 0.82356453 0.78753358 0.75047318
 0.71294952 0.67542586 0.63827744 0.60180444 0.56624327 0.53177629
 0.49854027 0.46663369 0.43612303 0.40704816 0.37942703 0.35325965
 0.32853148]",30
1728,287266,287266,6,[1.       1.8      2.43     2.916    3.2805   3.54294  3.720087],6
1729,130205,130205,1,[1.  1.8],1
1730,15793,15793,60,"[0.25       0.45       0.6075     0.729      0.820125   0.885735
 0.93002175 0.9565938  0.96855122 0.96855122 0.95886571 0.94143179
 0.91789599 0.88965304 0.85787972 0.82356453 0.78753358 0.75047318
 0.71294952 0.67542586 0.63827744 0.60180444 0.56624327 0.53177629
 0.49854027 0.46663369 0.43612303 0.40704816 0.37942703 0.35325965
 0.32853148 0.30521634 0.28327892 0.26267681 0.24336234 0.225284
 0.2083877  0.19261782 0.17791804 0.16423203 0.15150405 0.13967934
 0.12870454 0.1185279  0.10909954 0.10037158 0.09229821 0.08483581
 0.0779429  0.07158021 0.06571063 0.06029917 0.05531289 0.05072088
 0.04649414 0.04260554 0.03902972 0.035743   0.03272334 0.02995017
 0.02740441]",60
1731,38548,38548,3,[0.29411765 0.52941176 0.71470588 0.85764706],3
1732,337728,337728,3,[0.29411765 0.52941176 0.71470588 0.85764706],3
1733,50521,50521,9,"[1.         1.8        2.43       2.916      3.2805     3.54294
 3.720087   3.8263752  3.87420489]",8
1734,312662,312662,6,[1.       1.8      2.43     2.916    3.2805   3.54294  3.720087],6
1735,64323,64323,60,"[0.25       0.45       0.6075     0.729      0.820125   0.885735
 0.93002175 0.9565938  0.96855122 0.96855122 0.95886571 0.94143179
 0.91789599 0.88965304 0.85787972 0.82356453 0.78753358 0.75047318
 0.71294952 0.67542586 0.63827744 0.60180444 0.56624327 0.53177629
 0.49854027 0.46663369 0.43612303 0.40704816 0.37942703 0.35325965
 0.32853148 0.30521634 0.28327892 0.26267681 0.24336234 0.225284
 0.2083877  0.19261782 0.17791804 0.16423203 0.15150405 0.13967934
 0.12870454 0.1185279  0.10909954 0.10037158 0.09229821 0.08483581
 0.0779429  0.07158021 0.06571063 0.06029917 0.05531289 0.05072088
 0.04649414 0.04260554 0.03902972 0.035743   0.03272334 0.02995017
 0.02740441]",60
1736,103153,103153,1,[1.  1.8],1
1737,290116,290116,30,"[0.25       0.45       0.6075     0.729      0.820125   0.885735
 0.93002175 0.9565938  0.96855122 0.96855122 0.95886571 0.94143179
 0.91789599 0.88965304 0.85787972 0.82356453 0.78753358 0.75047318
 0.71294952 0.67542586 0.63827744 0.60180444 0.56624327 0.53177629
 0.49854027 0.46663369 0.43612303 0.40704816 0.37942703 0.35325965
 0.32853148]",30
1738,102035,102035,3,[0.29411765 0.52941176 0.71470588 0.85764706],3
1739,44538,44538,6,[1.       1.8      2.43     2.916    3.2805   3.54294  3.720087],6
1740,88867,88867,6,[1.       1.8      2.43     2.916    3.2805   3.54294  3.720087],6
1741,93007,93007,3,[0.29411765 0.52941176 0.71470588 0.85764706],3
1742,350133,350133,60,"[0.25       0.45       0.6075     0.729      0.820125   0.885735
 0.93002175 0.9565938  0.96855122 0.96855122 0.95886571 0.94143179
 0.91789599 0.88965304 0.85787972 0.82356453 0.78753358 0.75047318
 0.71294952 0.67542586 0.63827744 0.60180444 0.56624327 0.53177629
 0.49854027 0.46663369 0.43612303 0.40704816 0.37942703 0.35325965
 0.32853148 0.30521634 0.28327892 0.26267681 0.24336234 0.225284
 0.2083877  0.19261782 0.17791804 0.16423203 0.15150405 0.13967934
 0.12870454 0.1185279  0.10909954 0.10037158 0.09229821 0.08483581
 0.0779429  0.07158021 0.06571063 0.06029917 0.05531289 0.05072088
 0.04649414 0.04260554 0.03902972 0.035743   0.03272334 0.02995017
 0.02740441]",60
1743,317956,317956,6,[1.       1.8      2.43     2.916    3.2805   3.54294  3.720087],6
1744,303573,303573,1,[1.  1.8],1
1745,226064,226064,60,"[0.25       0.45       0.6075     0.729      0.820125   0.885735
 0.93002175 0.9565938  0.96855122 0.96855122 0.95886571 0.94143179
 0.91789599 0.88965304 0.85787972 0.82356453 0.78753358 0.75047318
 0.71294952 0.67542586 0.63827744 0.60180444 0.56624327 0.53177629
 0.49854027 0.46663369 0.43612303 0.40704816 0.37942703 0.35325965
 0.32853148 0.30521634 0.28327892 0.26267681 0.24336234 0.225284
 0.2083877  0.19261782 0.17791804 0.16423203 0.15150405 0.13967934
 0.12870454 0.1185279  0.10909954 0.10037158 0.09229821 0.08483581
 0.0779429  0.07158021 0.06571063 0.06029917 0.05531289 0.05072088
 0.04649414 0.04260554 0.03902972 0.035743   0.03272334 0.02995017
 0.02740441]",60
1746,61592,61592,30,"[0.25       0.45       0.6075     0.729      0.820125   0.885735
 0.93002175 0.9565938  0.96855122 0.96855122 0.95886571 0.94143179
 0.91789599 0.88965304 0.85787972 0.82356453 0.78753358 0.75047318
 0.71294952 0.67542586 0.63827744 0.60180444 0.56624327 0.53177629
 0.49854027 0.46663369 0.43612303 0.40704816 0.37942703 0.35325965
 0.32853148]",30
1747,215686,215686,9,"[1.         1.8        2.43       2.916      3.2805     3.54294
 3.720087   3.8263752  3.87420489]",8
1748,180704,180704,1,[1.  1.8],1
1749,13228,13228,60,"[0.25       0.45       0.6075     0.729      0.820125   0.885735
 0.93002175 0.9565938  0.96855122 0.96855122 0.95886571 0.94143179
 0.91789599 0.88965304 0.85787972 0.82356453 0.78753358 0.75047318
 0.71294952 0.67542586 0.63827744 0.60180444 0.56624327 0.53177629
 0.49854027 0.46663369 0.43612303 0.40704816 0.37942703 0.35325965
 0.32853148 0.30521634 0.28327892 0.26267681 0.24336234 0.225284
 0.2083877  0.19261782 0.17791804 0.16423203 0.15150405 0.13967934
 0.12870454 0.1185279  0.10909954 0.10037158 0.09229821 0.08483581
 0.0779429  0.07158021 0.06571063 0.06029917 0.05531289 0.05072088
 0.04649414 0.04260554 0.03902972 0.035743   0.03272334 0.02995017
 0.02740441]",60
1750,154175,154175,1,[1.  1.8],1
1751,287365,287365,1,[1.  1.8],1
1752,239276,239276,1,[1.  1.8],1
1753,102996,102996,6,[1.       1.8      2.43     2.916    3.2805   3.54294  3.720087],6
1754,43820,43820,3,[0.29411765 0.52941176 0.71470588 0.85764706],3
1755,21823,21823,1,[1.  1.8],1
1756,120121,120121,30,"[0.25       0.45       0.6075     0.729      0.820125   0.885735
 0.93002175 0.9565938  0.96855122 0.96855122 0.95886571 0.94143179
 0.91789599 0.88965304 0.85787972 0.82356453 0.78753358 0.75047318
 0.71294952 0.67542586 0.63827744 0.60180444 0.56624327 0.53177629
 0.49854027 0.46663369 0.43612303 0.40704816 0.37942703 0.35325965
 0.32853148]",30
1757,92869,92869,9,"[1.         1.8        2.43       2.916      3.2805     3.54294
 3.720087   3.8263752  3.87420489]",8
1758,202167,202167,30,"[0.25       0.45       0.6075     0.729      0.820125   0.885735
 0.93002175 0.9565938  0.96855122 0.96855122 0.95886571 0.94143179
 0.91789599 0.88965304 0.85787972 0.82356453 0.78753358 0.75047318
 0.71294952 0.67542586 0.63827744 0.60180444 0.56624327 0.53177629
 0.49854027 0.46663369 0.43612303 0.40704816 0.37942703 0.35325965
 0.32853148]",30
1759,152581,152581,9,"[1.         1.8        2.43       2.916      3.2805     3.54294
 3.720087   3.8263752  3.87420489]",8
1760,203726,203726,60,"[0.25       0.45       0.6075     0.729      0.820125   0.885735
 0.93002175 0.9565938  0.96855122 0.96855122 0.95886571 0.94143179
 0.91789599 0.88965304 0.85787972 0.82356453 0.78753358 0.75047318
 0.71294952 0.67542586 0.63827744 0.60180444 0.56624327 0.53177629
 0.49854027 0.46663369 0.43612303 0.40704816 0.37942703 0.35325965
 0.32853148 0.30521634 0.28327892 0.26267681 0.24336234 0.225284
 0.2083877  0.19261782 0.17791804 0.16423203 0.15150405 0.13967934
 0.12870454 0.1185279  0.10909954 0.10037158 0.09229821 0.08483581
 0.0779429  0.07158021 0.06571063 0.06029917 0.05531289 0.05072088
 0.04649414 0.04260554 0.03902972 0.035743   0.03272334 0.02995017
 0.02740441]",60
1761,158878,158878,3,[0.29411765 0.52941176 0.71470588 0.85764706],3
1762,21017,21017,3,[0.29411765 0.52941176 0.71470588 0.85764706],3
1763,180160,180160,9,"[1.         1.8        2.43       2.916      3.2805     3.54294
 3.720087   3.8263752  3.87420489]",8
1764,92364,92364,60,"[0.25       0.45       0.6075     0.729      0.820125   0.885735
 0.93002175 0.9565938  0.96855122 0.96855122 0.95886571 0.94143179
 0.91789599 0.88965304 0.85787972 0.82356453 0.78753358 0.75047318
 0.71294952 0.67542586 0.63827744 0.60180444 0.56624327 0.53177629
 0.49854027 0.46663369 0.43612303 0.40704816 0.37942703 0.35325965
 0.32853148 0.30521634 0.28327892 0.26267681 0.24336234 0.225284
 0.2083877  0.19261782 0.17791804 0.16423203 0.15150405 0.13967934
 0.12870454 0.1185279  0.10909954 0.10037158 0.09229821 0.08483581
 0.0779429  0.07158021 0.06571063 0.06029917 0.05531289 0.05072088
 0.04649414 0.04260554 0.03902972 0.035743   0.03272334 0.02995017
 0.02740441]",60
1765,191562,191562,60,"[0.25       0.45       0.6075     0.729      0.820125   0.885735
 0.93002175 0.9565938  0.96855122 0.96855122 0.95886571 0.94143179
 0.91789599 0.88965304 0.85787972 0.82356453 0.78753358 0.75047318
 0.71294952 0.67542586 0.63827744 0.60180444 0.56624327 0.53177629
 0.49854027 0.46663369 0.43612303 0.40704816 0.37942703 0.35325965
 0.32853148 0.30521634 0.28327892 0.26267681 0.24336234 0.225284
 0.2083877  0.19261782 0.17791804 0.16423203 0.15150405 0.13967934
 0.12870454 0.1185279  0.10909954 0.10037158 0.09229821 0.08483581
 0.0779429  0.07158021 0.06571063 0.06029917 0.05531289 0.05072088
 0.04649414 0.04260554 0.03902972 0.035743   0.03272334 0.02995017
 0.02740441]",60
1766,62268,62268,3,[0.29411765 0.52941176 0.71470588 0.85764706],3
1767,235109,235109,3,[0.29411765 0.52941176 0.71470588 0.85764706],3
1768,129454,129454,6,[1.       1.8      2.43     2.916    3.2805   3.54294  3.720087],6
1769,35953,35953,3,[0.29411765 0.52941176 0.71470588 0.85764706],3
1770,201078,201078,30,"[0.25       0.45       0.6075     0.729      0.820125   0.885735
 0.93002175 0.9565938  0.96855122 0.96855122 0.95886571 0.94143179
 0.91789599 0.88965304 0.85787972 0.82356453 0.78753358 0.75047318
 0.71294952 0.67542586 0.63827744 0.60180444 0.56624327 0.53177629
 0.49854027 0.46663369 0.43612303 0.40704816 0.37942703 0.35325965
 0.32853148]",30
1771,30436,30436,60,"[0.25       0.45       0.6075     0.729      0.820125   0.885735
 0.93002175 0.9565938  0.96855122 0.96855122 0.95886571 0.94143179
 0.91789599 0.88965304 0.85787972 0.82356453 0.78753358 0.75047318
 0.71294952 0.67542586 0.63827744 0.60180444 0.56624327 0.53177629
 0.49854027 0.46663369 0.43612303 0.40704816 0.37942703 0.35325965
 0.32853148 0.30521634 0.28327892 0.26267681 0.24336234 0.225284
 0.2083877  0.19261782 0.17791804 0.16423203 0.15150405 0.13967934
 0.12870454 0.1185279  0.10909954 0.10037158 0.09229821 0.08483581
 0.0779429  0.07158021 0.06571063 0.06029917 0.05531289 0.05072088
 0.04649414 0.04260554 0.03902972 0.035743   0.03272334 0.02995017
 0.02740441]",60
1772,76495,76495,1,[1.  1.8],1
1773,240236,240236,60,"[0.25       0.45       0.6075     0.729      0.820125   0.885735
 0.93002175 0.9565938  0.96855122 0.96855122 0.95886571 0.94143179
 0.91789599 0.88965304 0.85787972 0.82356453 0.78753358 0.75047318
 0.71294952 0.67542586 0.63827744 0.60180444 0.56624327 0.53177629
 0.49854027 0.46663369 0.43612303 0.40704816 0.37942703 0.35325965
 0.32853148 0.30521634 0.28327892 0.26267681 0.24336234 0.225284
 0.2083877  0.19261782 0.17791804 0.16423203 0.15150405 0.13967934
 0.12870454 0.1185279  0.10909954 0.10037158 0.09229821 0.08483581
 0.0779429  0.07158021 0.06571063 0.06029917 0.05531289 0.05072088
 0.04649414 0.04260554 0.03902972 0.035743   0.03272334 0.02995017
 0.02740441]",60
1774,139110,139110,9,"[1.         1.8        2.43       2.916      3.2805     3.54294
 3.720087   3.8263752  3.87420489]",8
1775,335603,335603,60,"[0.25       0.45       0.6075     0.729      0.820125   0.885735
 0.93002175 0.9565938  0.96855122 0.96855122 0.95886571 0.94143179
 0.91789599 0.88965304 0.85787972 0.82356453 0.78753358 0.75047318
 0.71294952 0.67542586 0.63827744 0.60180444 0.56624327 0.53177629
 0.49854027 0.46663369 0.43612303 0.40704816 0.37942703 0.35325965
 0.32853148 0.30521634 0.28327892 0.26267681 0.24336234 0.225284
 0.2083877  0.19261782 0.17791804 0.16423203 0.15150405 0.13967934
 0.12870454 0.1185279  0.10909954 0.10037158 0.09229821 0.08483581
 0.0779429  0.07158021 0.06571063 0.06029917 0.05531289 0.05072088
 0.04649414 0.04260554 0.03902972 0.035743   0.03272334 0.02995017
 0.02740441]",60
1776,189183,189183,3,[0.29411765 0.52941176 0.71470588 0.85764706],3
1777,144770,144770,60,"[0.25       0.45       0.6075     0.729      0.820125   0.885735
 0.93002175 0.9565938  0.96855122 0.96855122 0.95886571 0.94143179
 0.91789599 0.88965304 0.85787972 0.82356453 0.78753358 0.75047318
 0.71294952 0.67542586 0.63827744 0.60180444 0.56624327 0.53177629
 0.49854027 0.46663369 0.43612303 0.40704816 0.37942703 0.35325965
 0.32853148 0.30521634 0.28327892 0.26267681 0.24336234 0.225284
 0.2083877  0.19261782 0.17791804 0.16423203 0.15150405 0.13967934
 0.12870454 0.1185279  0.10909954 0.10037158 0.09229821 0.08483581
 0.0779429  0.07158021 0.06571063 0.06029917 0.05531289 0.05072088
 0.04649414 0.04260554 0.03902972 0.035743   0.03272334 0.02995017
 0.02740441]",60
1778,209347,209347,30,"[0.25       0.45       0.6075     0.729      0.820125   0.885735
 0.93002175 0.9565938  0.96855122 0.96855122 0.95886571 0.94143179
 0.91789599 0.88965304 0.85787972 0.82356453 0.78753358 0.75047318
 0.71294952 0.67542586 0.63827744 0.60180444 0.56624327 0.53177629
 0.49854027 0.46663369 0.43612303 0.40704816 0.37942703 0.35325965
 0.32853148]",30
1779,244924,244924,1,[1.  1.8],1
1780,291036,291036,3,[0.29411765 0.52941176 0.71470588 0.85764706],3
1781,179519,179519,1,[1.  1.8],1
1782,217538,217538,60,"[0.25       0.45       0.6075     0.729      0.820125   0.885735
 0.93002175 0.9565938  0.96855122 0.96855122 0.95886571 0.94143179
 0.91789599 0.88965304 0.85787972 0.82356453 0.78753358 0.75047318
 0.71294952 0.67542586 0.63827744 0.60180444 0.56624327 0.53177629
 0.49854027 0.46663369 0.43612303 0.40704816 0.37942703 0.35325965
 0.32853148 0.30521634 0.28327892 0.26267681 0.24336234 0.225284
 0.2083877  0.19261782 0.17791804 0.16423203 0.15150405 0.13967934
 0.12870454 0.1185279  0.10909954 0.10037158 0.09229821 0.08483581
 0.0779429  0.07158021 0.06571063 0.06029917 0.05531289 0.05072088
 0.04649414 0.04260554 0.03902972 0.035743   0.03272334 0.02995017
 0.02740441]",60
1783,282864,282864,6,[1.       1.8      2.43     2.916    3.2805   3.54294  3.720087],6
1784,98202,98202,9,"[1.         1.8        2.43       2.916      3.2805     3.54294
 3.720087   3.8263752  3.87420489]",8
1785,7038,7038,60,"[0.25       0.45       0.6075     0.729      0.820125   0.885735
 0.93002175 0.9565938  0.96855122 0.96855122 0.95886571 0.94143179
 0.91789599 0.88965304 0.85787972 0.82356453 0.78753358 0.75047318
 0.71294952 0.67542586 0.63827744 0.60180444 0.56624327 0.53177629
 0.49854027 0.46663369 0.43612303 0.40704816 0.37942703 0.35325965
 0.32853148 0.30521634 0.28327892 0.26267681 0.24336234 0.225284
 0.2083877  0.19261782 0.17791804 0.16423203 0.15150405 0.13967934
 0.12870454 0.1185279  0.10909954 0.10037158 0.09229821 0.08483581
 0.0779429  0.07158021 0.06571063 0.06029917 0.05531289 0.05072088
 0.04649414 0.04260554 0.03902972 0.035743   0.03272334 0.02995017
 0.02740441]",60
1786,855,855,6,[1.       1.8      2.43     2.916    3.2805   3.54294  3.720087],6
1787,58489,58489,60,"[0.25       0.45       0.6075     0.729      0.820125   0.885735
 0.93002175 0.9565938  0.96855122 0.96855122 0.95886571 0.94143179
 0.91789599 0.88965304 0.85787972 0.82356453 0.78753358 0.75047318
 0.71294952 0.67542586 0.63827744 0.60180444 0.56624327 0.53177629
 0.49854027 0.46663369 0.43612303 0.40704816 0.37942703 0.35325965
 0.32853148 0.30521634 0.28327892 0.26267681 0.24336234 0.225284
 0.2083877  0.19261782 0.17791804 0.16423203 0.15150405 0.13967934
 0.12870454 0.1185279  0.10909954 0.10037158 0.09229821 0.08483581
 0.0779429  0.07158021 0.06571063 0.06029917 0.05531289 0.05072088
 0.04649414 0.04260554 0.03902972 0.035743   0.03272334 0.02995017
 0.02740441]",60
1788,145565,145565,1,[1.  1.8],1
1789,299719,299719,60,"[0.25       0.45       0.6075     0.729      0.820125   0.885735
 0.93002175 0.9565938  0.96855122 0.96855122 0.95886571 0.94143179
 0.91789599 0.88965304 0.85787972 0.82356453 0.78753358 0.75047318
 0.71294952 0.67542586 0.63827744 0.60180444 0.56624327 0.53177629
 0.49854027 0.46663369 0.43612303 0.40704816 0.37942703 0.35325965
 0.32853148 0.30521634 0.28327892 0.26267681 0.24336234 0.225284
 0.2083877  0.19261782 0.17791804 0.16423203 0.15150405 0.13967934
 0.12870454 0.1185279  0.10909954 0.10037158 0.09229821 0.08483581
 0.0779429  0.07158021 0.06571063 0.06029917 0.05531289 0.05072088
 0.04649414 0.04260554 0.03902972 0.035743   0.03272334 0.02995017
 0.02740441]",60
1790,115239,115239,30,"[0.25       0.45       0.6075     0.729      0.820125   0.885735
 0.93002175 0.9565938  0.96855122 0.96855122 0.95886571 0.94143179
 0.91789599 0.88965304 0.85787972 0.82356453 0.78753358 0.75047318
 0.71294952 0.67542586 0.63827744 0.60180444 0.56624327 0.53177629
 0.49854027 0.46663369 0.43612303 0.40704816 0.37942703 0.35325965
 0.32853148]",30
1791,308364,308364,30,"[0.25       0.45       0.6075     0.729      0.820125   0.885735
 0.93002175 0.9565938  0.96855122 0.96855122 0.95886571 0.94143179
 0.91789599 0.88965304 0.85787972 0.82356453 0.78753358 0.75047318
 0.71294952 0.67542586 0.63827744 0.60180444 0.56624327 0.53177629
 0.49854027 0.46663369 0.43612303 0.40704816 0.37942703 0.35325965
 0.32853148]",30
1792,164950,164950,6,[1.       1.8      2.43     2.916    3.2805   3.54294  3.720087],6
1793,23244,23244,6,[1.       1.8      2.43     2.916    3.2805   3.54294  3.720087],6
1794,341621,341621,30,"[0.25       0.45       0.6075     0.729      0.820125   0.885735
 0.93002175 0.9565938  0.96855122 0.96855122 0.95886571 0.94143179
 0.91789599 0.88965304 0.85787972 0.82356453 0.78753358 0.75047318
 0.71294952 0.67542586 0.63827744 0.60180444 0.56624327 0.53177629
 0.49854027 0.46663369 0.43612303 0.40704816 0.37942703 0.35325965
 0.32853148]",30
1795,84214,84214,9,"[1.         1.8        2.43       2.916      3.2805     3.54294
 3.720087   3.8263752  3.87420489]",8
1796,32954,32954,60,"[0.25       0.45       0.6075     0.729      0.820125   0.885735
 0.93002175 0.9565938  0.96855122 0.96855122 0.95886571 0.94143179
 0.91789599 0.88965304 0.85787972 0.82356453 0.78753358 0.75047318
 0.71294952 0.67542586 0.63827744 0.60180444 0.56624327 0.53177629
 0.49854027 0.46663369 0.43612303 0.40704816 0.37942703 0.35325965
 0.32853148 0.30521634 0.28327892 0.26267681 0.24336234 0.225284
 0.2083877  0.19261782 0.17791804 0.16423203 0.15150405 0.13967934
 0.12870454 0.1185279  0.10909954 0.10037158 0.09229821 0.08483581
 0.0779429  0.07158021 0.06571063 0.06029917 0.05531289 0.05072088
 0.04649414 0.04260554 0.03902972 0.035743   0.03272334 0.02995017
 0.02740441]",60
1797,67998,67998,60,"[0.25       0.45       0.6075     0.729      0.820125   0.885735
 0.93002175 0.9565938  0.96855122 0.96855122 0.95886571 0.94143179
 0.91789599 0.88965304 0.85787972 0.82356453 0.78753358 0.75047318
 0.71294952 0.67542586 0.63827744 0.60180444 0.56624327 0.53177629
 0.49854027 0.46663369 0.43612303 0.40704816 0.37942703 0.35325965
 0.32853148 0.30521634 0.28327892 0.26267681 0.24336234 0.225284
 0.2083877  0.19261782 0.17791804 0.16423203 0.15150405 0.13967934
 0.12870454 0.1185279  0.10909954 0.10037158 0.09229821 0.08483581
 0.0779429  0.07158021 0.06571063 0.06029917 0.05531289 0.05072088
 0.04649414 0.04260554 0.03902972 0.035743   0.03272334 0.02995017
 0.02740441]",60
1798,77772,77772,60,"[0.25       0.45       0.6075     0.729      0.820125   0.885735
 0.93002175 0.9565938  0.96855122 0.96855122 0.95886571 0.94143179
 0.91789599 0.88965304 0.85787972 0.82356453 0.78753358 0.75047318
 0.71294952 0.67542586 0.63827744 0.60180444 0.56624327 0.53177629
 0.49854027 0.46663369 0.43612303 0.40704816 0.37942703 0.35325965
 0.32853148 0.30521634 0.28327892 0.26267681 0.24336234 0.225284
 0.2083877  0.19261782 0.17791804 0.16423203 0.15150405 0.13967934
 0.12870454 0.1185279  0.10909954 0.10037158 0.09229821 0.08483581
 0.0779429  0.07158021 0.06571063 0.06029917 0.05531289 0.05072088
 0.04649414 0.04260554 0.03902972 0.035743   0.03272334 0.02995017
 0.02740441]",60
1799,178920,178920,9,"[1.         1.8        2.43       2.916      3.2805     3.54294
 3.720087   3.8263752  3.87420489]",8
1800,193599,193599,6,[1.       1.8      2.43     2.916    3.2805   3.54294  3.720087],6
1801,29845,29845,1,[1.  1.8],1
1802,230231,230231,30,"[0.25       0.45       0.6075     0.729      0.820125   0.885735
 0.93002175 0.9565938  0.96855122 0.96855122 0.95886571 0.94143179
 0.91789599 0.88965304 0.85787972 0.82356453 0.78753358 0.75047318
 0.71294952 0.67542586 0.63827744 0.60180444 0.56624327 0.53177629
 0.49854027 0.46663369 0.43612303 0.40704816 0.37942703 0.35325965
 0.32853148]",30
1803,96420,96420,60,"[0.25       0.45       0.6075     0.729      0.820125   0.885735
 0.93002175 0.9565938  0.96855122 0.96855122 0.95886571 0.94143179
 0.91789599 0.88965304 0.85787972 0.82356453 0.78753358 0.75047318
 0.71294952 0.67542586 0.63827744 0.60180444 0.56624327 0.53177629
 0.49854027 0.46663369 0.43612303 0.40704816 0.37942703 0.35325965
 0.32853148 0.30521634 0.28327892 0.26267681 0.24336234 0.225284
 0.2083877  0.19261782 0.17791804 0.16423203 0.15150405 0.13967934
 0.12870454 0.1185279  0.10909954 0.10037158 0.09229821 0.08483581
 0.0779429  0.07158021 0.06571063 0.06029917 0.05531289 0.05072088
 0.04649414 0.04260554 0.03902972 0.035743   0.03272334 0.02995017
 0.02740441]",60
1804,100000,100000,30,"[0.25       0.45       0.6075     0.729      0.820125   0.885735
 0.93002175 0.9565938  0.96855122 0.96855122 0.95886571 0.94143179
 0.91789599 0.88965304 0.85787972 0.82356453 0.78753358 0.75047318
 0.71294952 0.67542586 0.63827744 0.60180444 0.56624327 0.53177629
 0.49854027 0.46663369 0.43612303 0.40704816 0.37942703 0.35325965
 0.32853148]",30
1805,347790,347790,30,"[0.25       0.45       0.6075     0.729      0.820125   0.885735
 0.93002175 0.9565938  0.96855122 0.96855122 0.95886571 0.94143179
 0.91789599 0.88965304 0.85787972 0.82356453 0.78753358 0.75047318
 0.71294952 0.67542586 0.63827744 0.60180444 0.56624327 0.53177629
 0.49854027 0.46663369 0.43612303 0.40704816 0.37942703 0.35325965
 0.32853148]",30
1806,98932,98932,60,"[0.25       0.45       0.6075     0.729      0.820125   0.885735
 0.93002175 0.9565938  0.96855122 0.96855122 0.95886571 0.94143179
 0.91789599 0.88965304 0.85787972 0.82356453 0.78753358 0.75047318
 0.71294952 0.67542586 0.63827744 0.60180444 0.56624327 0.53177629
 0.49854027 0.46663369 0.43612303 0.40704816 0.37942703 0.35325965
 0.32853148 0.30521634 0.28327892 0.26267681 0.24336234 0.225284
 0.2083877  0.19261782 0.17791804 0.16423203 0.15150405 0.13967934
 0.12870454 0.1185279  0.10909954 0.10037158 0.09229821 0.08483581
 0.0779429  0.07158021 0.06571063 0.06029917 0.05531289 0.05072088
 0.04649414 0.04260554 0.03902972 0.035743   0.03272334 0.02995017
 0.02740441]",60
1807,95740,95740,9,"[1.         1.8        2.43       2.916      3.2805     3.54294
 3.720087   3.8263752  3.87420489]",8
1808,188955,188955,6,[1.       1.8      2.43     2.916    3.2805   3.54294  3.720087],6
1809,288355,288355,9,"[1.         1.8        2.43       2.916      3.2805     3.54294
 3.720087   3.8263752  3.87420489]",8
1810,175358,175358,1,[1.  1.8],1
1811,180872,180872,6,[1.       1.8      2.43     2.916    3.2805   3.54294  3.720087],6
1812,25948,25948,1,[1.  1.8],1
1813,11012,11012,3,[0.29411765 0.52941176 0.71470588 0.85764706],3
1814,291592,291592,9,"[1.         1.8        2.43       2.916      3.2805     3.54294
 3.720087   3.8263752  3.87420489]",8
1815,141805,141805,30,"[0.25       0.45       0.6075     0.729      0.820125   0.885735
 0.93002175 0.9565938  0.96855122 0.96855122 0.95886571 0.94143179
 0.91789599 0.88965304 0.85787972 0.82356453 0.78753358 0.75047318
 0.71294952 0.67542586 0.63827744 0.60180444 0.56624327 0.53177629
 0.49854027 0.46663369 0.43612303 0.40704816 0.37942703 0.35325965
 0.32853148]",30
1816,301186,301186,6,[1.       1.8      2.43     2.916    3.2805   3.54294  3.720087],6
1817,65232,65232,6,[1.       1.8      2.43     2.916    3.2805   3.54294  3.720087],6
1818,68336,68336,1,[1.  1.8],1
1819,113312,113312,3,[0.29411765 0.52941176 0.71470588 0.85764706],3
1820,62027,62027,9,"[1.         1.8        2.43       2.916      3.2805     3.54294
 3.720087   3.8263752  3.87420489]",8
1821,171180,171180,6,[1.       1.8      2.43     2.916    3.2805   3.54294  3.720087],6
1822,179729,179729,3,[0.29411765 0.52941176 0.71470588 0.85764706],3
1823,81557,81557,6,[1.       1.8      2.43     2.916    3.2805   3.54294  3.720087],6
1824,69980,69980,6,[1.       1.8      2.43     2.916    3.2805   3.54294  3.720087],6
1825,306804,306804,1,[1.  1.8],1
1826,81860,81860,6,[1.       1.8      2.43     2.916    3.2805   3.54294  3.720087],6
1827,204355,204355,30,"[0.25       0.45       0.6075     0.729      0.820125   0.885735
 0.93002175 0.9565938  0.96855122 0.96855122 0.95886571 0.94143179
 0.91789599 0.88965304 0.85787972 0.82356453 0.78753358 0.75047318
 0.71294952 0.67542586 0.63827744 0.60180444 0.56624327 0.53177629
 0.49854027 0.46663369 0.43612303 0.40704816 0.37942703 0.35325965
 0.32853148]",30
1828,275398,275398,30,"[0.25       0.45       0.6075     0.729      0.820125   0.885735
 0.93002175 0.9565938  0.96855122 0.96855122 0.95886571 0.94143179
 0.91789599 0.88965304 0.85787972 0.82356453 0.78753358 0.75047318
 0.71294952 0.67542586 0.63827744 0.60180444 0.56624327 0.53177629
 0.49854027 0.46663369 0.43612303 0.40704816 0.37942703 0.35325965
 0.32853148]",30
1829,196032,196032,30,"[0.25       0.45       0.6075     0.729      0.820125   0.885735
 0.93002175 0.9565938  0.96855122 0.96855122 0.95886571 0.94143179
 0.91789599 0.88965304 0.85787972 0.82356453 0.78753358 0.75047318
 0.71294952 0.67542586 0.63827744 0.60180444 0.56624327 0.53177629
 0.49854027 0.46663369 0.43612303 0.40704816 0.37942703 0.35325965
 0.32853148]",30
1830,89893,89893,60,"[0.25       0.45       0.6075     0.729      0.820125   0.885735
 0.93002175 0.9565938  0.96855122 0.96855122 0.95886571 0.94143179
 0.91789599 0.88965304 0.85787972 0.82356453 0.78753358 0.75047318
 0.71294952 0.67542586 0.63827744 0.60180444 0.56624327 0.53177629
 0.49854027 0.46663369 0.43612303 0.40704816 0.37942703 0.35325965
 0.32853148 0.30521634 0.28327892 0.26267681 0.24336234 0.225284
 0.2083877  0.19261782 0.17791804 0.16423203 0.15150405 0.13967934
 0.12870454 0.1185279  0.10909954 0.10037158 0.09229821 0.08483581
 0.0779429  0.07158021 0.06571063 0.06029917 0.05531289 0.05072088
 0.04649414 0.04260554 0.03902972 0.035743   0.03272334 0.02995017
 0.02740441]",60
1831,306686,306686,3,[0.29411765 0.52941176 0.71470588 0.85764706],3
1832,332633,332633,6,[1.       1.8      2.43     2.916    3.2805   3.54294  3.720087],6
1833,281983,281983,1,[1.  1.8],1
1834,211000,211000,6,[1.       1.8      2.43     2.916    3.2805   3.54294  3.720087],6
1835,53249,53249,30,"[0.25       0.45       0.6075     0.729      0.820125   0.885735
 0.93002175 0.9565938  0.96855122 0.96855122 0.95886571 0.94143179
 0.91789599 0.88965304 0.85787972 0.82356453 0.78753358 0.75047318
 0.71294952 0.67542586 0.63827744 0.60180444 0.56624327 0.53177629
 0.49854027 0.46663369 0.43612303 0.40704816 0.37942703 0.35325965
 0.32853148]",30
1836,249030,249030,60,"[0.25       0.45       0.6075     0.729      0.820125   0.885735
 0.93002175 0.9565938  0.96855122 0.96855122 0.95886571 0.94143179
 0.91789599 0.88965304 0.85787972 0.82356453 0.78753358 0.75047318
 0.71294952 0.67542586 0.63827744 0.60180444 0.56624327 0.53177629
 0.49854027 0.46663369 0.43612303 0.40704816 0.37942703 0.35325965
 0.32853148 0.30521634 0.28327892 0.26267681 0.24336234 0.225284
 0.2083877  0.19261782 0.17791804 0.16423203 0.15150405 0.13967934
 0.12870454 0.1185279  0.10909954 0.10037158 0.09229821 0.08483581
 0.0779429  0.07158021 0.06571063 0.06029917 0.05531289 0.05072088
 0.04649414 0.04260554 0.03902972 0.035743   0.03272334 0.02995017
 0.02740441]",60
1837,331398,331398,30,"[0.25       0.45       0.6075     0.729      0.820125   0.885735
 0.93002175 0.9565938  0.96855122 0.96855122 0.95886571 0.94143179
 0.91789599 0.88965304 0.85787972 0.82356453 0.78753358 0.75047318
 0.71294952 0.67542586 0.63827744 0.60180444 0.56624327 0.53177629
 0.49854027 0.46663369 0.43612303 0.40704816 0.37942703 0.35325965
 0.32853148]",30
1838,144456,144456,9,"[1.         1.8        2.43       2.916      3.2805     3.54294
 3.720087   3.8263752  3.87420489]",8
1839,249892,249892,9,"[1.         1.8        2.43       2.916      3.2805     3.54294
 3.720087   3.8263752  3.87420489]",8
1840,92744,92744,1,[1.  1.8],1
1841,77334,77334,6,[1.       1.8      2.43     2.916    3.2805   3.54294  3.720087],6
1842,182660,182660,9,"[1.         1.8        2.43       2.916      3.2805     3.54294
 3.720087   3.8263752  3.87420489]",8
1843,202537,202537,60,"[0.25       0.45       0.6075     0.729      0.820125   0.885735
 0.93002175 0.9565938  0.96855122 0.96855122 0.95886571 0.94143179
 0.91789599 0.88965304 0.85787972 0.82356453 0.78753358 0.75047318
 0.71294952 0.67542586 0.63827744 0.60180444 0.56624327 0.53177629
 0.49854027 0.46663369 0.43612303 0.40704816 0.37942703 0.35325965
 0.32853148 0.30521634 0.28327892 0.26267681 0.24336234 0.225284
 0.2083877  0.19261782 0.17791804 0.16423203 0.15150405 0.13967934
 0.12870454 0.1185279  0.10909954 0.10037158 0.09229821 0.08483581
 0.0779429  0.07158021 0.06571063 0.06029917 0.05531289 0.05072088
 0.04649414 0.04260554 0.03902972 0.035743   0.03272334 0.02995017
 0.02740441]",60
1844,276284,276284,60,"[0.25       0.45       0.6075     0.729      0.820125   0.885735
 0.93002175 0.9565938  0.96855122 0.96855122 0.95886571 0.94143179
 0.91789599 0.88965304 0.85787972 0.82356453 0.78753358 0.75047318
 0.71294952 0.67542586 0.63827744 0.60180444 0.56624327 0.53177629
 0.49854027 0.46663369 0.43612303 0.40704816 0.37942703 0.35325965
 0.32853148 0.30521634 0.28327892 0.26267681 0.24336234 0.225284
 0.2083877  0.19261782 0.17791804 0.16423203 0.15150405 0.13967934
 0.12870454 0.1185279  0.10909954 0.10037158 0.09229821 0.08483581
 0.0779429  0.07158021 0.06571063 0.06029917 0.05531289 0.05072088
 0.04649414 0.04260554 0.03902972 0.035743   0.03272334 0.02995017
 0.02740441]",60
1845,233455,233455,60,"[0.25       0.45       0.6075     0.729      0.820125   0.885735
 0.93002175 0.9565938  0.96855122 0.96855122 0.95886571 0.94143179
 0.91789599 0.88965304 0.85787972 0.82356453 0.78753358 0.75047318
 0.71294952 0.67542586 0.63827744 0.60180444 0.56624327 0.53177629
 0.49854027 0.46663369 0.43612303 0.40704816 0.37942703 0.35325965
 0.32853148 0.30521634 0.28327892 0.26267681 0.24336234 0.225284
 0.2083877  0.19261782 0.17791804 0.16423203 0.15150405 0.13967934
 0.12870454 0.1185279  0.10909954 0.10037158 0.09229821 0.08483581
 0.0779429  0.07158021 0.06571063 0.06029917 0.05531289 0.05072088
 0.04649414 0.04260554 0.03902972 0.035743   0.03272334 0.02995017
 0.02740441]",60
1846,45358,45358,30,"[0.25       0.45       0.6075     0.729      0.820125   0.885735
 0.93002175 0.9565938  0.96855122 0.96855122 0.95886571 0.94143179
 0.91789599 0.88965304 0.85787972 0.82356453 0.78753358 0.75047318
 0.71294952 0.67542586 0.63827744 0.60180444 0.56624327 0.53177629
 0.49854027 0.46663369 0.43612303 0.40704816 0.37942703 0.35325965
 0.32853148]",30
1847,32868,32868,30,"[0.25       0.45       0.6075     0.729      0.820125   0.885735
 0.93002175 0.9565938  0.96855122 0.96855122 0.95886571 0.94143179
 0.91789599 0.88965304 0.85787972 0.82356453 0.78753358 0.75047318
 0.71294952 0.67542586 0.63827744 0.60180444 0.56624327 0.53177629
 0.49854027 0.46663369 0.43612303 0.40704816 0.37942703 0.35325965
 0.32853148]",30
1848,223848,223848,9,"[1.         1.8        2.43       2.916      3.2805     3.54294
 3.720087   3.8263752  3.87420489]",8
1849,238052,238052,3,[0.29411765 0.52941176 0.71470588 0.85764706],3
1850,308993,308993,1,[1.  1.8],1
1851,289090,289090,60,"[0.25       0.45       0.6075     0.729      0.820125   0.885735
 0.93002175 0.9565938  0.96855122 0.96855122 0.95886571 0.94143179
 0.91789599 0.88965304 0.85787972 0.82356453 0.78753358 0.75047318
 0.71294952 0.67542586 0.63827744 0.60180444 0.56624327 0.53177629
 0.49854027 0.46663369 0.43612303 0.40704816 0.37942703 0.35325965
 0.32853148 0.30521634 0.28327892 0.26267681 0.24336234 0.225284
 0.2083877  0.19261782 0.17791804 0.16423203 0.15150405 0.13967934
 0.12870454 0.1185279  0.10909954 0.10037158 0.09229821 0.08483581
 0.0779429  0.07158021 0.06571063 0.06029917 0.05531289 0.05072088
 0.04649414 0.04260554 0.03902972 0.035743   0.03272334 0.02995017
 0.02740441]",60
1852,12237,12237,9,"[1.         1.8        2.43       2.916      3.2805     3.54294
 3.720087   3.8263752  3.87420489]",8
1853,96481,96481,60,"[0.25       0.45       0.6075     0.729      0.820125   0.885735
 0.93002175 0.9565938  0.96855122 0.96855122 0.95886571 0.94143179
 0.91789599 0.88965304 0.85787972 0.82356453 0.78753358 0.75047318
 0.71294952 0.67542586 0.63827744 0.60180444 0.56624327 0.53177629
 0.49854027 0.46663369 0.43612303 0.40704816 0.37942703 0.35325965
 0.32853148 0.30521634 0.28327892 0.26267681 0.24336234 0.225284
 0.2083877  0.19261782 0.17791804 0.16423203 0.15150405 0.13967934
 0.12870454 0.1185279  0.10909954 0.10037158 0.09229821 0.08483581
 0.0779429  0.07158021 0.06571063 0.06029917 0.05531289 0.05072088
 0.04649414 0.04260554 0.03902972 0.035743   0.03272334 0.02995017
 0.02740441]",60
1854,146342,146342,60,"[0.25       0.45       0.6075     0.729      0.820125   0.885735
 0.93002175 0.9565938  0.96855122 0.96855122 0.95886571 0.94143179
 0.91789599 0.88965304 0.85787972 0.82356453 0.78753358 0.75047318
 0.71294952 0.67542586 0.63827744 0.60180444 0.56624327 0.53177629
 0.49854027 0.46663369 0.43612303 0.40704816 0.37942703 0.35325965
 0.32853148 0.30521634 0.28327892 0.26267681 0.24336234 0.225284
 0.2083877  0.19261782 0.17791804 0.16423203 0.15150405 0.13967934
 0.12870454 0.1185279  0.10909954 0.10037158 0.09229821 0.08483581
 0.0779429  0.07158021 0.06571063 0.06029917 0.05531289 0.05072088
 0.04649414 0.04260554 0.03902972 0.035743   0.03272334 0.02995017
 0.02740441]",60
1855,34020,34020,9,"[1.         1.8        2.43       2.916      3.2805     3.54294
 3.720087   3.8263752  3.87420489]",8
1856,54793,54793,30,"[0.25       0.45       0.6075     0.729      0.820125   0.885735
 0.93002175 0.9565938  0.96855122 0.96855122 0.95886571 0.94143179
 0.91789599 0.88965304 0.85787972 0.82356453 0.78753358 0.75047318
 0.71294952 0.67542586 0.63827744 0.60180444 0.56624327 0.53177629
 0.49854027 0.46663369 0.43612303 0.40704816 0.37942703 0.35325965
 0.32853148]",30
1857,209930,209930,1,[1.  1.8],1
1858,64512,64512,1,[1.  1.8],1
1859,45904,45904,30,"[0.25       0.45       0.6075     0.729      0.820125   0.885735
 0.93002175 0.9565938  0.96855122 0.96855122 0.95886571 0.94143179
 0.91789599 0.88965304 0.85787972 0.82356453 0.78753358 0.75047318
 0.71294952 0.67542586 0.63827744 0.60180444 0.56624327 0.53177629
 0.49854027 0.46663369 0.43612303 0.40704816 0.37942703 0.35325965
 0.32853148]",30
1860,29378,29378,1,[1.  1.8],1
1861,224218,224218,60,"[0.25       0.45       0.6075     0.729      0.820125   0.885735
 0.93002175 0.9565938  0.96855122 0.96855122 0.95886571 0.94143179
 0.91789599 0.88965304 0.85787972 0.82356453 0.78753358 0.75047318
 0.71294952 0.67542586 0.63827744 0.60180444 0.56624327 0.53177629
 0.49854027 0.46663369 0.43612303 0.40704816 0.37942703 0.35325965
 0.32853148 0.30521634 0.28327892 0.26267681 0.24336234 0.225284
 0.2083877  0.19261782 0.17791804 0.16423203 0.15150405 0.13967934
 0.12870454 0.1185279  0.10909954 0.10037158 0.09229821 0.08483581
 0.0779429  0.07158021 0.06571063 0.06029917 0.05531289 0.05072088
 0.04649414 0.04260554 0.03902972 0.035743   0.03272334 0.02995017
 0.02740441]",60
1862,254986,254986,9,"[1.         1.8        2.43       2.916      3.2805     3.54294
 3.720087   3.8263752  3.87420489]",8
1863,300865,300865,9,"[1.         1.8        2.43       2.916      3.2805     3.54294
 3.720087   3.8263752  3.87420489]",8
1864,238052,238052,3,[0.29411765 0.52941176 0.71470588 0.85764706],3
1865,139109,139109,3,[0.29411765 0.52941176 0.71470588 0.85764706],3
1866,320758,320758,6,[1.       1.8      2.43     2.916    3.2805   3.54294  3.720087],6
1867,64017,64017,1,[1.  1.8],1
1868,329399,329399,60,"[0.25       0.45       0.6075     0.729      0.820125   0.885735
 0.93002175 0.9565938  0.96855122 0.96855122 0.95886571 0.94143179
 0.91789599 0.88965304 0.85787972 0.82356453 0.78753358 0.75047318
 0.71294952 0.67542586 0.63827744 0.60180444 0.56624327 0.53177629
 0.49854027 0.46663369 0.43612303 0.40704816 0.37942703 0.35325965
 0.32853148 0.30521634 0.28327892 0.26267681 0.24336234 0.225284
 0.2083877  0.19261782 0.17791804 0.16423203 0.15150405 0.13967934
 0.12870454 0.1185279  0.10909954 0.10037158 0.09229821 0.08483581
 0.0779429  0.07158021 0.06571063 0.06029917 0.05531289 0.05072088
 0.04649414 0.04260554 0.03902972 0.035743   0.03272334 0.02995017
 0.02740441]",60
1869,283823,283823,6,[1.       1.8      2.43     2.916    3.2805   3.54294  3.720087],6
1870,127709,127709,30,"[0.25       0.45       0.6075     0.729      0.820125   0.885735
 0.93002175 0.9565938  0.96855122 0.96855122 0.95886571 0.94143179
 0.91789599 0.88965304 0.85787972 0.82356453 0.78753358 0.75047318
 0.71294952 0.67542586 0.63827744 0.60180444 0.56624327 0.53177629
 0.49854027 0.46663369 0.43612303 0.40704816 0.37942703 0.35325965
 0.32853148]",30
1871,134732,134732,60,"[0.25       0.45       0.6075     0.729      0.820125   0.885735
 0.93002175 0.9565938  0.96855122 0.96855122 0.95886571 0.94143179
 0.91789599 0.88965304 0.85787972 0.82356453 0.78753358 0.75047318
 0.71294952 0.67542586 0.63827744 0.60180444 0.56624327 0.53177629
 0.49854027 0.46663369 0.43612303 0.40704816 0.37942703 0.35325965
 0.32853148 0.30521634 0.28327892 0.26267681 0.24336234 0.225284
 0.2083877  0.19261782 0.17791804 0.16423203 0.15150405 0.13967934
 0.12870454 0.1185279  0.10909954 0.10037158 0.09229821 0.08483581
 0.0779429  0.07158021 0.06571063 0.06029917 0.05531289 0.05072088
 0.04649414 0.04260554 0.03902972 0.035743   0.03272334 0.02995017
 0.02740441]",60
1872,155756,155756,60,"[0.25       0.45       0.6075     0.729      0.820125   0.885735
 0.93002175 0.9565938  0.96855122 0.96855122 0.95886571 0.94143179
 0.91789599 0.88965304 0.85787972 0.82356453 0.78753358 0.75047318
 0.71294952 0.67542586 0.63827744 0.60180444 0.56624327 0.53177629
 0.49854027 0.46663369 0.43612303 0.40704816 0.37942703 0.35325965
 0.32853148 0.30521634 0.28327892 0.26267681 0.24336234 0.225284
 0.2083877  0.19261782 0.17791804 0.16423203 0.15150405 0.13967934
 0.12870454 0.1185279  0.10909954 0.10037158 0.09229821 0.08483581
 0.0779429  0.07158021 0.06571063 0.06029917 0.05531289 0.05072088
 0.04649414 0.04260554 0.03902972 0.035743   0.03272334 0.02995017
 0.02740441]",60
1873,158106,158106,30,"[0.25       0.45       0.6075     0.729      0.820125   0.885735
 0.93002175 0.9565938  0.96855122 0.96855122 0.95886571 0.94143179
 0.91789599 0.88965304 0.85787972 0.82356453 0.78753358 0.75047318
 0.71294952 0.67542586 0.63827744 0.60180444 0.56624327 0.53177629
 0.49854027 0.46663369 0.43612303 0.40704816 0.37942703 0.35325965
 0.32853148]",30
1874,185112,185112,6,[1.       1.8      2.43     2.916    3.2805   3.54294  3.720087],6
1875,37608,37608,60,"[0.25       0.45       0.6075     0.729      0.820125   0.885735
 0.93002175 0.9565938  0.96855122 0.96855122 0.95886571 0.94143179
 0.91789599 0.88965304 0.85787972 0.82356453 0.78753358 0.75047318
 0.71294952 0.67542586 0.63827744 0.60180444 0.56624327 0.53177629
 0.49854027 0.46663369 0.43612303 0.40704816 0.37942703 0.35325965
 0.32853148 0.30521634 0.28327892 0.26267681 0.24336234 0.225284
 0.2083877  0.19261782 0.17791804 0.16423203 0.15150405 0.13967934
 0.12870454 0.1185279  0.10909954 0.10037158 0.09229821 0.08483581
 0.0779429  0.07158021 0.06571063 0.06029917 0.05531289 0.05072088
 0.04649414 0.04260554 0.03902972 0.035743   0.03272334 0.02995017
 0.02740441]",60
1876,90073,90073,9,"[1.         1.8        2.43       2.916      3.2805     3.54294
 3.720087   3.8263752  3.87420489]",8
1877,29844,29844,9,"[1.         1.8        2.43       2.916      3.2805     3.54294
 3.720087   3.8263752  3.87420489]",8
1878,90973,90973,60,"[0.25       0.45       0.6075     0.729      0.820125   0.885735
 0.93002175 0.9565938  0.96855122 0.96855122 0.95886571 0.94143179
 0.91789599 0.88965304 0.85787972 0.82356453 0.78753358 0.75047318
 0.71294952 0.67542586 0.63827744 0.60180444 0.56624327 0.53177629
 0.49854027 0.46663369 0.43612303 0.40704816 0.37942703 0.35325965
 0.32853148 0.30521634 0.28327892 0.26267681 0.24336234 0.225284
 0.2083877  0.19261782 0.17791804 0.16423203 0.15150405 0.13967934
 0.12870454 0.1185279  0.10909954 0.10037158 0.09229821 0.08483581
 0.0779429  0.07158021 0.06571063 0.06029917 0.05531289 0.05072088
 0.04649414 0.04260554 0.03902972 0.035743   0.03272334 0.02995017
 0.02740441]",60
1879,332722,332722,60,"[0.25       0.45       0.6075     0.729      0.820125   0.885735
 0.93002175 0.9565938  0.96855122 0.96855122 0.95886571 0.94143179
 0.91789599 0.88965304 0.85787972 0.82356453 0.78753358 0.75047318
 0.71294952 0.67542586 0.63827744 0.60180444 0.56624327 0.53177629
 0.49854027 0.46663369 0.43612303 0.40704816 0.37942703 0.35325965
 0.32853148 0.30521634 0.28327892 0.26267681 0.24336234 0.225284
 0.2083877  0.19261782 0.17791804 0.16423203 0.15150405 0.13967934
 0.12870454 0.1185279  0.10909954 0.10037158 0.09229821 0.08483581
 0.0779429  0.07158021 0.06571063 0.06029917 0.05531289 0.05072088
 0.04649414 0.04260554 0.03902972 0.035743   0.03272334 0.02995017
 0.02740441]",60
1880,148549,148549,60,"[0.25       0.45       0.6075     0.729      0.820125   0.885735
 0.93002175 0.9565938  0.96855122 0.96855122 0.95886571 0.94143179
 0.91789599 0.88965304 0.85787972 0.82356453 0.78753358 0.75047318
 0.71294952 0.67542586 0.63827744 0.60180444 0.56624327 0.53177629
 0.49854027 0.46663369 0.43612303 0.40704816 0.37942703 0.35325965
 0.32853148 0.30521634 0.28327892 0.26267681 0.24336234 0.225284
 0.2083877  0.19261782 0.17791804 0.16423203 0.15150405 0.13967934
 0.12870454 0.1185279  0.10909954 0.10037158 0.09229821 0.08483581
 0.0779429  0.07158021 0.06571063 0.06029917 0.05531289 0.05072088
 0.04649414 0.04260554 0.03902972 0.035743   0.03272334 0.02995017
 0.02740441]",60
1881,236782,236782,9,"[1.         1.8        2.43       2.916      3.2805     3.54294
 3.720087   3.8263752  3.87420489]",8
1882,107703,107703,1,[1.  1.8],1
1883,228340,228340,30,"[0.25       0.45       0.6075     0.729      0.820125   0.885735
 0.93002175 0.9565938  0.96855122 0.96855122 0.95886571 0.94143179
 0.91789599 0.88965304 0.85787972 0.82356453 0.78753358 0.75047318
 0.71294952 0.67542586 0.63827744 0.60180444 0.56624327 0.53177629
 0.49854027 0.46663369 0.43612303 0.40704816 0.37942703 0.35325965
 0.32853148]",30
1884,249976,249976,60,"[0.25       0.45       0.6075     0.729      0.820125   0.885735
 0.93002175 0.9565938  0.96855122 0.96855122 0.95886571 0.94143179
 0.91789599 0.88965304 0.85787972 0.82356453 0.78753358 0.75047318
 0.71294952 0.67542586 0.63827744 0.60180444 0.56624327 0.53177629
 0.49854027 0.46663369 0.43612303 0.40704816 0.37942703 0.35325965
 0.32853148 0.30521634 0.28327892 0.26267681 0.24336234 0.225284
 0.2083877  0.19261782 0.17791804 0.16423203 0.15150405 0.13967934
 0.12870454 0.1185279  0.10909954 0.10037158 0.09229821 0.08483581
 0.0779429  0.07158021 0.06571063 0.06029917 0.05531289 0.05072088
 0.04649414 0.04260554 0.03902972 0.035743   0.03272334 0.02995017
 0.02740441]",60
1885,134788,134788,6,[1.       1.8      2.43     2.916    3.2805   3.54294  3.720087],6
1886,27425,27425,6,[1.       1.8      2.43     2.916    3.2805   3.54294  3.720087],6
1887,299959,299959,6,[1.       1.8      2.43     2.916    3.2805   3.54294  3.720087],6
1888,290837,290837,1,[1.  1.8],1
1889,224659,224659,6,[1.       1.8      2.43     2.916    3.2805   3.54294  3.720087],6
1890,95254,95254,1,[1.  1.8],1
1891,12478,12478,30,"[0.25       0.45       0.6075     0.729      0.820125   0.885735
 0.93002175 0.9565938  0.96855122 0.96855122 0.95886571 0.94143179
 0.91789599 0.88965304 0.85787972 0.82356453 0.78753358 0.75047318
 0.71294952 0.67542586 0.63827744 0.60180444 0.56624327 0.53177629
 0.49854027 0.46663369 0.43612303 0.40704816 0.37942703 0.35325965
 0.32853148]",30
1892,193594,193594,30,"[0.25       0.45       0.6075     0.729      0.820125   0.885735
 0.93002175 0.9565938  0.96855122 0.96855122 0.95886571 0.94143179
 0.91789599 0.88965304 0.85787972 0.82356453 0.78753358 0.75047318
 0.71294952 0.67542586 0.63827744 0.60180444 0.56624327 0.53177629
 0.49854027 0.46663369 0.43612303 0.40704816 0.37942703 0.35325965
 0.32853148]",30
1893,263376,263376,6,[1.       1.8      2.43     2.916    3.2805   3.54294  3.720087],6
1894,238310,238310,1,[1.  1.8],1
1895,228539,228539,9,"[1.         1.8        2.43       2.916      3.2805     3.54294
 3.720087   3.8263752  3.87420489]",8
1896,46609,46609,3,[0.29411765 0.52941176 0.71470588 0.85764706],3
1897,22232,22232,6,[1.       1.8      2.43     2.916    3.2805   3.54294  3.720087],6
1898,317006,317006,1,[1.  1.8],1
1899,183846,183846,3,[0.29411765 0.52941176 0.71470588 0.85764706],3
1900,255446,255446,1,[1.  1.8],1
1901,184474,184474,9,"[1.         1.8        2.43       2.916      3.2805     3.54294
 3.720087   3.8263752  3.87420489]",8
1902,79173,79173,1,[1.  1.8],1
1903,264265,264265,1,[1.  1.8],1
1904,240966,240966,6,[1.       1.8      2.43     2.916    3.2805   3.54294  3.720087],6
1905,288793,288793,30,"[0.25       0.45       0.6075     0.729      0.820125   0.885735
 0.93002175 0.9565938  0.96855122 0.96855122 0.95886571 0.94143179
 0.91789599 0.88965304 0.85787972 0.82356453 0.78753358 0.75047318
 0.71294952 0.67542586 0.63827744 0.60180444 0.56624327 0.53177629
 0.49854027 0.46663369 0.43612303 0.40704816 0.37942703 0.35325965
 0.32853148]",30
1906,138414,138414,30,"[0.25       0.45       0.6075     0.729      0.820125   0.885735
 0.93002175 0.9565938  0.96855122 0.96855122 0.95886571 0.94143179
 0.91789599 0.88965304 0.85787972 0.82356453 0.78753358 0.75047318
 0.71294952 0.67542586 0.63827744 0.60180444 0.56624327 0.53177629
 0.49854027 0.46663369 0.43612303 0.40704816 0.37942703 0.35325965
 0.32853148]",30
1907,203320,203320,3,[0.29411765 0.52941176 0.71470588 0.85764706],3
1908,47109,47109,9,"[1.         1.8        2.43       2.916      3.2805     3.54294
 3.720087   3.8263752  3.87420489]",8
1909,228156,228156,3,[0.29411765 0.52941176 0.71470588 0.85764706],3
1910,18291,18291,30,"[0.25       0.45       0.6075     0.729      0.820125   0.885735
 0.93002175 0.9565938  0.96855122 0.96855122 0.95886571 0.94143179
 0.91789599 0.88965304 0.85787972 0.82356453 0.78753358 0.75047318
 0.71294952 0.67542586 0.63827744 0.60180444 0.56624327 0.53177629
 0.49854027 0.46663369 0.43612303 0.40704816 0.37942703 0.35325965
 0.32853148]",30
1911,136939,136939,30,"[0.25       0.45       0.6075     0.729      0.820125   0.885735
 0.93002175 0.9565938  0.96855122 0.96855122 0.95886571 0.94143179
 0.91789599 0.88965304 0.85787972 0.82356453 0.78753358 0.75047318
 0.71294952 0.67542586 0.63827744 0.60180444 0.56624327 0.53177629
 0.49854027 0.46663369 0.43612303 0.40704816 0.37942703 0.35325965
 0.32853148]",30
1912,64897,64897,3,[0.29411765 0.52941176 0.71470588 0.85764706],3
1913,128006,128006,6,[1.       1.8      2.43     2.916    3.2805   3.54294  3.720087],6
1914,116716,116716,3,[0.29411765 0.52941176 0.71470588 0.85764706],3
1915,9138,9138,1,[1.  1.8],1
1916,260560,260560,1,[1.  1.8],1
1917,211768,211768,30,"[0.25       0.45       0.6075     0.729      0.820125   0.885735
 0.93002175 0.9565938  0.96855122 0.96855122 0.95886571 0.94143179
 0.91789599 0.88965304 0.85787972 0.82356453 0.78753358 0.75047318
 0.71294952 0.67542586 0.63827744 0.60180444 0.56624327 0.53177629
 0.49854027 0.46663369 0.43612303 0.40704816 0.37942703 0.35325965
 0.32853148]",30
1918,225358,225358,30,"[0.25       0.45       0.6075     0.729      0.820125   0.885735
 0.93002175 0.9565938  0.96855122 0.96855122 0.95886571 0.94143179
 0.91789599 0.88965304 0.85787972 0.82356453 0.78753358 0.75047318
 0.71294952 0.67542586 0.63827744 0.60180444 0.56624327 0.53177629
 0.49854027 0.46663369 0.43612303 0.40704816 0.37942703 0.35325965
 0.32853148]",30
1919,202208,202208,3,[0.29411765 0.52941176 0.71470588 0.85764706],3
1920,175997,175997,3,[0.29411765 0.52941176 0.71470588 0.85764706],3
1921,180806,180806,6,[1.       1.8      2.43     2.916    3.2805   3.54294  3.720087],6
1922,350398,350398,30,"[0.25       0.45       0.6075     0.729      0.820125   0.885735
 0.93002175 0.9565938  0.96855122 0.96855122 0.95886571 0.94143179
 0.91789599 0.88965304 0.85787972 0.82356453 0.78753358 0.75047318
 0.71294952 0.67542586 0.63827744 0.60180444 0.56624327 0.53177629
 0.49854027 0.46663369 0.43612303 0.40704816 0.37942703 0.35325965
 0.32853148]",30
1923,78154,78154,30,"[0.25       0.45       0.6075     0.729      0.820125   0.885735
 0.93002175 0.9565938  0.96855122 0.96855122 0.95886571 0.94143179
 0.91789599 0.88965304 0.85787972 0.82356453 0.78753358 0.75047318
 0.71294952 0.67542586 0.63827744 0.60180444 0.56624327 0.53177629
 0.49854027 0.46663369 0.43612303 0.40704816 0.37942703 0.35325965
 0.32853148]",30
1924,5075,5075,9,"[1.         1.8        2.43       2.916      3.2805     3.54294
 3.720087   3.8263752  3.87420489]",8
1925,270081,270081,1,[1.  1.8],1
1926,135872,135872,9,"[1.         1.8        2.43       2.916      3.2805     3.54294
 3.720087   3.8263752  3.87420489]",8
1927,53581,53581,30,"[0.25       0.45       0.6075     0.729      0.820125   0.885735
 0.93002175 0.9565938  0.96855122 0.96855122 0.95886571 0.94143179
 0.91789599 0.88965304 0.85787972 0.82356453 0.78753358 0.75047318
 0.71294952 0.67542586 0.63827744 0.60180444 0.56624327 0.53177629
 0.49854027 0.46663369 0.43612303 0.40704816 0.37942703 0.35325965
 0.32853148]",30
1928,69989,69989,6,[1.       1.8      2.43     2.916    3.2805   3.54294  3.720087],6
1929,176602,176602,3,[0.29411765 0.52941176 0.71470588 0.85764706],3
1930,132833,132833,30,"[0.25       0.45       0.6075     0.729      0.820125   0.885735
 0.93002175 0.9565938  0.96855122 0.96855122 0.95886571 0.94143179
 0.91789599 0.88965304 0.85787972 0.82356453 0.78753358 0.75047318
 0.71294952 0.67542586 0.63827744 0.60180444 0.56624327 0.53177629
 0.49854027 0.46663369 0.43612303 0.40704816 0.37942703 0.35325965
 0.32853148]",30
1931,297344,297344,30,"[0.25       0.45       0.6075     0.729      0.820125   0.885735
 0.93002175 0.9565938  0.96855122 0.96855122 0.95886571 0.94143179
 0.91789599 0.88965304 0.85787972 0.82356453 0.78753358 0.75047318
 0.71294952 0.67542586 0.63827744 0.60180444 0.56624327 0.53177629
 0.49854027 0.46663369 0.43612303 0.40704816 0.37942703 0.35325965
 0.32853148]",30
1932,186708,186708,9,"[1.         1.8        2.43       2.916      3.2805     3.54294
 3.720087   3.8263752  3.87420489]",8
1933,230323,230323,60,"[0.25       0.45       0.6075     0.729      0.820125   0.885735
 0.93002175 0.9565938  0.96855122 0.96855122 0.95886571 0.94143179
 0.91789599 0.88965304 0.85787972 0.82356453 0.78753358 0.75047318
 0.71294952 0.67542586 0.63827744 0.60180444 0.56624327 0.53177629
 0.49854027 0.46663369 0.43612303 0.40704816 0.37942703 0.35325965
 0.32853148 0.30521634 0.28327892 0.26267681 0.24336234 0.225284
 0.2083877  0.19261782 0.17791804 0.16423203 0.15150405 0.13967934
 0.12870454 0.1185279  0.10909954 0.10037158 0.09229821 0.08483581
 0.0779429  0.07158021 0.06571063 0.06029917 0.05531289 0.05072088
 0.04649414 0.04260554 0.03902972 0.035743   0.03272334 0.02995017
 0.02740441]",60
1934,344309,344309,3,[0.29411765 0.52941176 0.71470588 0.85764706],3
1935,283869,283869,3,[0.29411765 0.52941176 0.71470588 0.85764706],3
1936,41693,41693,3,[0.29411765 0.52941176 0.71470588 0.85764706],3
1937,313115,313115,9,"[1.         1.8        2.43       2.916      3.2805     3.54294
 3.720087   3.8263752  3.87420489]",8
1938,55592,55592,3,[0.29411765 0.52941176 0.71470588 0.85764706],3
1939,21634,21634,1,[1.  1.8],1
1940,308461,308461,60,"[0.25       0.45       0.6075     0.729      0.820125   0.885735
 0.93002175 0.9565938  0.96855122 0.96855122 0.95886571 0.94143179
 0.91789599 0.88965304 0.85787972 0.82356453 0.78753358 0.75047318
 0.71294952 0.67542586 0.63827744 0.60180444 0.56624327 0.53177629
 0.49854027 0.46663369 0.43612303 0.40704816 0.37942703 0.35325965
 0.32853148 0.30521634 0.28327892 0.26267681 0.24336234 0.225284
 0.2083877  0.19261782 0.17791804 0.16423203 0.15150405 0.13967934
 0.12870454 0.1185279  0.10909954 0.10037158 0.09229821 0.08483581
 0.0779429  0.07158021 0.06571063 0.06029917 0.05531289 0.05072088
 0.04649414 0.04260554 0.03902972 0.035743   0.03272334 0.02995017
 0.02740441]",60
1941,254506,254506,30,"[0.25       0.45       0.6075     0.729      0.820125   0.885735
 0.93002175 0.9565938  0.96855122 0.96855122 0.95886571 0.94143179
 0.91789599 0.88965304 0.85787972 0.82356453 0.78753358 0.75047318
 0.71294952 0.67542586 0.63827744 0.60180444 0.56624327 0.53177629
 0.49854027 0.46663369 0.43612303 0.40704816 0.37942703 0.35325965
 0.32853148]",30
1942,151342,151342,1,[1.  1.8],1
1943,298885,298885,30,"[0.25       0.45       0.6075     0.729      0.820125   0.885735
 0.93002175 0.9565938  0.96855122 0.96855122 0.95886571 0.94143179
 0.91789599 0.88965304 0.85787972 0.82356453 0.78753358 0.75047318
 0.71294952 0.67542586 0.63827744 0.60180444 0.56624327 0.53177629
 0.49854027 0.46663369 0.43612303 0.40704816 0.37942703 0.35325965
 0.32853148]",30
1944,42007,42007,9,"[1.         1.8        2.43       2.916      3.2805     3.54294
 3.720087   3.8263752  3.87420489]",8
1945,86927,86927,3,[0.29411765 0.52941176 0.71470588 0.85764706],3
1946,25919,25919,1,[1.  1.8],1
1947,107544,107544,3,[0.29411765 0.52941176 0.71470588 0.85764706],3
1948,206572,206572,9,"[1.         1.8        2.43       2.916      3.2805     3.54294
 3.720087   3.8263752  3.87420489]",8
1949,3759,3759,6,[1.       1.8      2.43     2.916    3.2805   3.54294  3.720087],6
1950,11283,11283,30,"[0.25       0.45       0.6075     0.729      0.820125   0.885735
 0.93002175 0.9565938  0.96855122 0.96855122 0.95886571 0.94143179
 0.91789599 0.88965304 0.85787972 0.82356453 0.78753358 0.75047318
 0.71294952 0.67542586 0.63827744 0.60180444 0.56624327 0.53177629
 0.49854027 0.46663369 0.43612303 0.40704816 0.37942703 0.35325965
 0.32853148]",30
1951,205192,205192,9,"[1.         1.8        2.43       2.916      3.2805     3.54294
 3.720087   3.8263752  3.87420489]",8
1952,61659,61659,6,[1.       1.8      2.43     2.916    3.2805   3.54294  3.720087],6
1953,120569,120569,9,"[1.         1.8        2.43       2.916      3.2805     3.54294
 3.720087   3.8263752  3.87420489]",8
1954,158761,158761,9,"[1.         1.8        2.43       2.916      3.2805     3.54294
 3.720087   3.8263752  3.87420489]",8
1955,12754,12754,9,"[1.         1.8        2.43       2.916      3.2805     3.54294
 3.720087   3.8263752  3.87420489]",8
1956,327427,327427,60,"[0.25       0.45       0.6075     0.729      0.820125   0.885735
 0.93002175 0.9565938  0.96855122 0.96855122 0.95886571 0.94143179
 0.91789599 0.88965304 0.85787972 0.82356453 0.78753358 0.75047318
 0.71294952 0.67542586 0.63827744 0.60180444 0.56624327 0.53177629
 0.49854027 0.46663369 0.43612303 0.40704816 0.37942703 0.35325965
 0.32853148 0.30521634 0.28327892 0.26267681 0.24336234 0.225284
 0.2083877  0.19261782 0.17791804 0.16423203 0.15150405 0.13967934
 0.12870454 0.1185279  0.10909954 0.10037158 0.09229821 0.08483581
 0.0779429  0.07158021 0.06571063 0.06029917 0.05531289 0.05072088
 0.04649414 0.04260554 0.03902972 0.035743   0.03272334 0.02995017
 0.02740441]",60
1957,163528,163528,9,"[1.         1.8        2.43       2.916      3.2805     3.54294
 3.720087   3.8263752  3.87420489]",8
1958,268896,268896,9,"[1.         1.8        2.43       2.916      3.2805     3.54294
 3.720087   3.8263752  3.87420489]",8
1959,37225,37225,1,[1.  1.8],1
1960,212717,212717,9,"[1.         1.8        2.43       2.916      3.2805     3.54294
 3.720087   3.8263752  3.87420489]",8
1961,152759,152759,30,"[0.25       0.45       0.6075     0.729      0.820125   0.885735
 0.93002175 0.9565938  0.96855122 0.96855122 0.95886571 0.94143179
 0.91789599 0.88965304 0.85787972 0.82356453 0.78753358 0.75047318
 0.71294952 0.67542586 0.63827744 0.60180444 0.56624327 0.53177629
 0.49854027 0.46663369 0.43612303 0.40704816 0.37942703 0.35325965
 0.32853148]",30
1962,192813,192813,3,[0.29411765 0.52941176 0.71470588 0.85764706],3
1963,194978,194978,9,"[1.         1.8        2.43       2.916      3.2805     3.54294
 3.720087   3.8263752  3.87420489]",8
1964,146304,146304,30,"[0.25       0.45       0.6075     0.729      0.820125   0.885735
 0.93002175 0.9565938  0.96855122 0.96855122 0.95886571 0.94143179
 0.91789599 0.88965304 0.85787972 0.82356453 0.78753358 0.75047318
 0.71294952 0.67542586 0.63827744 0.60180444 0.56624327 0.53177629
 0.49854027 0.46663369 0.43612303 0.40704816 0.37942703 0.35325965
 0.32853148]",30
1965,47592,47592,9,"[1.         1.8        2.43       2.916      3.2805     3.54294
 3.720087   3.8263752  3.87420489]",8
1966,342421,342421,9,"[1.         1.8        2.43       2.916      3.2805     3.54294
 3.720087   3.8263752  3.87420489]",8
1967,203231,203231,9,"[1.         1.8        2.43       2.916      3.2805     3.54294
 3.720087   3.8263752  3.87420489]",8
1968,31079,31079,30,"[0.25       0.45       0.6075     0.729      0.820125   0.885735
 0.93002175 0.9565938  0.96855122 0.96855122 0.95886571 0.94143179
 0.91789599 0.88965304 0.85787972 0.82356453 0.78753358 0.75047318
 0.71294952 0.67542586 0.63827744 0.60180444 0.56624327 0.53177629
 0.49854027 0.46663369 0.43612303 0.40704816 0.37942703 0.35325965
 0.32853148]",30
1969,269856,269856,1,[1.  1.8],1
1970,39036,39036,30,"[0.25       0.45       0.6075     0.729      0.820125   0.885735
 0.93002175 0.9565938  0.96855122 0.96855122 0.95886571 0.94143179
 0.91789599 0.88965304 0.85787972 0.82356453 0.78753358 0.75047318
 0.71294952 0.67542586 0.63827744 0.60180444 0.56624327 0.53177629
 0.49854027 0.46663369 0.43612303 0.40704816 0.37942703 0.35325965
 0.32853148]",30
1971,289169,289169,6,[1.       1.8      2.43     2.916    3.2805   3.54294  3.720087],6
1972,82971,82971,3,[0.29411765 0.52941176 0.71470588 0.85764706],3
1973,230773,230773,6,[1.       1.8      2.43     2.916    3.2805   3.54294  3.720087],6
1974,320104,320104,30,"[0.25       0.45       0.6075     0.729      0.820125   0.885735
 0.93002175 0.9565938  0.96855122 0.96855122 0.95886571 0.94143179
 0.91789599 0.88965304 0.85787972 0.82356453 0.78753358 0.75047318
 0.71294952 0.67542586 0.63827744 0.60180444 0.56624327 0.53177629
 0.49854027 0.46663369 0.43612303 0.40704816 0.37942703 0.35325965
 0.32853148]",30
1975,10588,10588,9,"[1.         1.8        2.43       2.916      3.2805     3.54294
 3.720087   3.8263752  3.87420489]",8
1976,214549,214549,60,"[0.25       0.45       0.6075     0.729      0.820125   0.885735
 0.93002175 0.9565938  0.96855122 0.96855122 0.95886571 0.94143179
 0.91789599 0.88965304 0.85787972 0.82356453 0.78753358 0.75047318
 0.71294952 0.67542586 0.63827744 0.60180444 0.56624327 0.53177629
 0.49854027 0.46663369 0.43612303 0.40704816 0.37942703 0.35325965
 0.32853148 0.30521634 0.28327892 0.26267681 0.24336234 0.225284
 0.2083877  0.19261782 0.17791804 0.16423203 0.15150405 0.13967934
 0.12870454 0.1185279  0.10909954 0.10037158 0.09229821 0.08483581
 0.0779429  0.07158021 0.06571063 0.06029917 0.05531289 0.05072088
 0.04649414 0.04260554 0.03902972 0.035743   0.03272334 0.02995017
 0.02740441]",60
1977,72735,72735,60,"[0.25       0.45       0.6075     0.729      0.820125   0.885735
 0.93002175 0.9565938  0.96855122 0.96855122 0.95886571 0.94143179
 0.91789599 0.88965304 0.85787972 0.82356453 0.78753358 0.75047318
 0.71294952 0.67542586 0.63827744 0.60180444 0.56624327 0.53177629
 0.49854027 0.46663369 0.43612303 0.40704816 0.37942703 0.35325965
 0.32853148 0.30521634 0.28327892 0.26267681 0.24336234 0.225284
 0.2083877  0.19261782 0.17791804 0.16423203 0.15150405 0.13967934
 0.12870454 0.1185279  0.10909954 0.10037158 0.09229821 0.08483581
 0.0779429  0.07158021 0.06571063 0.06029917 0.05531289 0.05072088
 0.04649414 0.04260554 0.03902972 0.035743   0.03272334 0.02995017
 0.02740441]",60
1978,20862,20862,1,[1.  1.8],1
1979,329527,329527,1,[1.  1.8],1
1980,167766,167766,1,[1.  1.8],1
1981,173536,173536,30,"[0.25       0.45       0.6075     0.729      0.820125   0.885735
 0.93002175 0.9565938  0.96855122 0.96855122 0.95886571 0.94143179
 0.91789599 0.88965304 0.85787972 0.82356453 0.78753358 0.75047318
 0.71294952 0.67542586 0.63827744 0.60180444 0.56624327 0.53177629
 0.49854027 0.46663369 0.43612303 0.40704816 0.37942703 0.35325965
 0.32853148]",30
1982,229081,229081,1,[1.  1.8],1
1983,260123,260123,9,"[1.         1.8        2.43       2.916      3.2805     3.54294
 3.720087   3.8263752  3.87420489]",8
1984,65379,65379,3,[0.29411765 0.52941176 0.71470588 0.85764706],3
1985,320223,320223,30,"[0.25       0.45       0.6075     0.729      0.820125   0.885735
 0.93002175 0.9565938  0.96855122 0.96855122 0.95886571 0.94143179
 0.91789599 0.88965304 0.85787972 0.82356453 0.78753358 0.75047318
 0.71294952 0.67542586 0.63827744 0.60180444 0.56624327 0.53177629
 0.49854027 0.46663369 0.43612303 0.40704816 0.37942703 0.35325965
 0.32853148]",30
1986,63603,63603,30,"[0.25       0.45       0.6075     0.729      0.820125   0.885735
 0.93002175 0.9565938  0.96855122 0.96855122 0.95886571 0.94143179
 0.91789599 0.88965304 0.85787972 0.82356453 0.78753358 0.75047318
 0.71294952 0.67542586 0.63827744 0.60180444 0.56624327 0.53177629
 0.49854027 0.46663369 0.43612303 0.40704816 0.37942703 0.35325965
 0.32853148]",30
1987,342406,342406,60,"[0.25       0.45       0.6075     0.729      0.820125   0.885735
 0.93002175 0.9565938  0.96855122 0.96855122 0.95886571 0.94143179
 0.91789599 0.88965304 0.85787972 0.82356453 0.78753358 0.75047318
 0.71294952 0.67542586 0.63827744 0.60180444 0.56624327 0.53177629
 0.49854027 0.46663369 0.43612303 0.40704816 0.37942703 0.35325965
 0.32853148 0.30521634 0.28327892 0.26267681 0.24336234 0.225284
 0.2083877  0.19261782 0.17791804 0.16423203 0.15150405 0.13967934
 0.12870454 0.1185279  0.10909954 0.10037158 0.09229821 0.08483581
 0.0779429  0.07158021 0.06571063 0.06029917 0.05531289 0.05072088
 0.04649414 0.04260554 0.03902972 0.035743   0.03272334 0.02995017
 0.02740441]",60
1988,84985,84985,1,[1.  1.8],1
1989,314807,314807,60,"[0.25       0.45       0.6075     0.729      0.820125   0.885735
 0.93002175 0.9565938  0.96855122 0.96855122 0.95886571 0.94143179
 0.91789599 0.88965304 0.85787972 0.82356453 0.78753358 0.75047318
 0.71294952 0.67542586 0.63827744 0.60180444 0.56624327 0.53177629
 0.49854027 0.46663369 0.43612303 0.40704816 0.37942703 0.35325965
 0.32853148 0.30521634 0.28327892 0.26267681 0.24336234 0.225284
 0.2083877  0.19261782 0.17791804 0.16423203 0.15150405 0.13967934
 0.12870454 0.1185279  0.10909954 0.10037158 0.09229821 0.08483581
 0.0779429  0.07158021 0.06571063 0.06029917 0.05531289 0.05072088
 0.04649414 0.04260554 0.03902972 0.035743   0.03272334 0.02995017
 0.02740441]",60
1990,121566,121566,9,"[1.         1.8        2.43       2.916      3.2805     3.54294
 3.720087   3.8263752  3.87420489]",8
1991,344339,344339,6,[1.       1.8      2.43     2.916    3.2805   3.54294  3.720087],6
1992,235172,235172,6,[1.       1.8      2.43     2.916    3.2805   3.54294  3.720087],6
1993,70615,70615,30,"[0.25       0.45       0.6075     0.729      0.820125   0.885735
 0.93002175 0.9565938  0.96855122 0.96855122 0.95886571 0.94143179
 0.91789599 0.88965304 0.85787972 0.82356453 0.78753358 0.75047318
 0.71294952 0.67542586 0.63827744 0.60180444 0.56624327 0.53177629
 0.49854027 0.46663369 0.43612303 0.40704816 0.37942703 0.35325965
 0.32853148]",30
1994,283667,283667,60,"[0.25       0.45       0.6075     0.729      0.820125   0.885735
 0.93002175 0.9565938  0.96855122 0.96855122 0.95886571 0.94143179
 0.91789599 0.88965304 0.85787972 0.82356453 0.78753358 0.75047318
 0.71294952 0.67542586 0.63827744 0.60180444 0.56624327 0.53177629
 0.49854027 0.46663369 0.43612303 0.40704816 0.37942703 0.35325965
 0.32853148 0.30521634 0.28327892 0.26267681 0.24336234 0.225284
 0.2083877  0.19261782 0.17791804 0.16423203 0.15150405 0.13967934
 0.12870454 0.1185279  0.10909954 0.10037158 0.09229821 0.08483581
 0.0779429  0.07158021 0.06571063 0.06029917 0.05531289 0.05072088
 0.04649414 0.04260554 0.03902972 0.035743   0.03272334 0.02995017
 0.02740441]",60
1995,239961,239961,1,[1.  1.8],1
1996,71039,71039,60,"[0.25       0.45       0.6075     0.729      0.820125   0.885735
 0.93002175 0.9565938  0.96855122 0.96855122 0.95886571 0.94143179
 0.91789599 0.88965304 0.85787972 0.82356453 0.78753358 0.75047318
 0.71294952 0.67542586 0.63827744 0.60180444 0.56624327 0.53177629
 0.49854027 0.46663369 0.43612303 0.40704816 0.37942703 0.35325965
 0.32853148 0.30521634 0.28327892 0.26267681 0.24336234 0.225284
 0.2083877  0.19261782 0.17791804 0.16423203 0.15150405 0.13967934
 0.12870454 0.1185279  0.10909954 0.10037158 0.09229821 0.08483581
 0.0779429  0.07158021 0.06571063 0.06029917 0.05531289 0.05072088
 0.04649414 0.04260554 0.03902972 0.035743   0.03272334 0.02995017
 0.02740441]",60
1997,132738,132738,6,[1.       1.8      2.43     2.916    3.2805   3.54294  3.720087],6
1998,25930,25930,60,"[0.25       0.45       0.6075     0.729      0.820125   0.885735
 0.93002175 0.9565938  0.96855122 0.96855122 0.95886571 0.94143179
 0.91789599 0.88965304 0.85787972 0.82356453 0.78753358 0.75047318
 0.71294952 0.67542586 0.63827744 0.60180444 0.56624327 0.53177629
 0.49854027 0.46663369 0.43612303 0.40704816 0.37942703 0.35325965
 0.32853148 0.30521634 0.28327892 0.26267681 0.24336234 0.225284
 0.2083877  0.19261782 0.17791804 0.16423203 0.15150405 0.13967934
 0.12870454 0.1185279  0.10909954 0.10037158 0.09229821 0.08483581
 0.0779429  0.07158021 0.06571063 0.06029917 0.05531289 0.05072088
 0.04649414 0.04260554 0.03902972 0.035743   0.03272334 0.02995017
 0.02740441]",60
1999,67244,67244,3,[0.29411765 0.52941176 0.71470588 0.85764706],3
2000,335300,335300,3,[0.29411765 0.52941176 0.71470588 0.85764706],3
2001,65519,65519,30,"[0.25       0.45       0.6075     0.729      0.820125   0.885735
 0.93002175 0.9565938  0.96855122 0.96855122 0.95886571 0.94143179
 0.91789599 0.88965304 0.85787972 0.82356453 0.78753358 0.75047318
 0.71294952 0.67542586 0.63827744 0.60180444 0.56624327 0.53177629
 0.49854027 0.46663369 0.43612303 0.40704816 0.37942703 0.35325965
 0.32853148]",30
2002,125636,125636,30,"[0.25       0.45       0.6075     0.729      0.820125   0.885735
 0.93002175 0.9565938  0.96855122 0.96855122 0.95886571 0.94143179
 0.91789599 0.88965304 0.85787972 0.82356453 0.78753358 0.75047318
 0.71294952 0.67542586 0.63827744 0.60180444 0.56624327 0.53177629
 0.49854027 0.46663369 0.43612303 0.40704816 0.37942703 0.35325965
 0.32853148]",30
2003,272012,272012,1,[1.  1.8],1
2004,87436,87436,1,[1.  1.8],1
2005,235172,235172,6,[1.       1.8      2.43     2.916    3.2805   3.54294  3.720087],6
2006,338547,338547,1,[1.  1.8],1
2007,19180,19180,60,"[0.25       0.45       0.6075     0.729      0.820125   0.885735
 0.93002175 0.9565938  0.96855122 0.96855122 0.95886571 0.94143179
 0.91789599 0.88965304 0.85787972 0.82356453 0.78753358 0.75047318
 0.71294952 0.67542586 0.63827744 0.60180444 0.56624327 0.53177629
 0.49854027 0.46663369 0.43612303 0.40704816 0.37942703 0.35325965
 0.32853148 0.30521634 0.28327892 0.26267681 0.24336234 0.225284
 0.2083877  0.19261782 0.17791804 0.16423203 0.15150405 0.13967934
 0.12870454 0.1185279  0.10909954 0.10037158 0.09229821 0.08483581
 0.0779429  0.07158021 0.06571063 0.06029917 0.05531289 0.05072088
 0.04649414 0.04260554 0.03902972 0.035743   0.03272334 0.02995017
 0.02740441]",60
2008,127430,127430,1,[1.  1.8],1
2009,19220,19220,1,[1.  1.8],1
2010,99356,99356,9,"[1.         1.8        2.43       2.916      3.2805     3.54294
 3.720087   3.8263752  3.87420489]",8
2011,150611,150611,1,[1.  1.8],1
2012,720,720,30,"[0.25       0.45       0.6075     0.729      0.820125   0.885735
 0.93002175 0.9565938  0.96855122 0.96855122 0.95886571 0.94143179
 0.91789599 0.88965304 0.85787972 0.82356453 0.78753358 0.75047318
 0.71294952 0.67542586 0.63827744 0.60180444 0.56624327 0.53177629
 0.49854027 0.46663369 0.43612303 0.40704816 0.37942703 0.35325965
 0.32853148]",30
2013,187092,187092,9,"[1.         1.8        2.43       2.916      3.2805     3.54294
 3.720087   3.8263752  3.87420489]",8
2014,60204,60204,60,"[0.25       0.45       0.6075     0.729      0.820125   0.885735
 0.93002175 0.9565938  0.96855122 0.96855122 0.95886571 0.94143179
 0.91789599 0.88965304 0.85787972 0.82356453 0.78753358 0.75047318
 0.71294952 0.67542586 0.63827744 0.60180444 0.56624327 0.53177629
 0.49854027 0.46663369 0.43612303 0.40704816 0.37942703 0.35325965
 0.32853148 0.30521634 0.28327892 0.26267681 0.24336234 0.225284
 0.2083877  0.19261782 0.17791804 0.16423203 0.15150405 0.13967934
 0.12870454 0.1185279  0.10909954 0.10037158 0.09229821 0.08483581
 0.0779429  0.07158021 0.06571063 0.06029917 0.05531289 0.05072088
 0.04649414 0.04260554 0.03902972 0.035743   0.03272334 0.02995017
 0.02740441]",60
2015,345705,345705,60,"[0.25       0.45       0.6075     0.729      0.820125   0.885735
 0.93002175 0.9565938  0.96855122 0.96855122 0.95886571 0.94143179
 0.91789599 0.88965304 0.85787972 0.82356453 0.78753358 0.75047318
 0.71294952 0.67542586 0.63827744 0.60180444 0.56624327 0.53177629
 0.49854027 0.46663369 0.43612303 0.40704816 0.37942703 0.35325965
 0.32853148 0.30521634 0.28327892 0.26267681 0.24336234 0.225284
 0.2083877  0.19261782 0.17791804 0.16423203 0.15150405 0.13967934
 0.12870454 0.1185279  0.10909954 0.10037158 0.09229821 0.08483581
 0.0779429  0.07158021 0.06571063 0.06029917 0.05531289 0.05072088
 0.04649414 0.04260554 0.03902972 0.035743   0.03272334 0.02995017
 0.02740441]",60
2016,138590,138590,6,[1.       1.8      2.43     2.916    3.2805   3.54294  3.720087],6
2017,279973,279973,9,"[1.         1.8        2.43       2.916      3.2805     3.54294
 3.720087   3.8263752  3.87420489]",8
2018,288237,288237,60,"[0.25       0.45       0.6075     0.729      0.820125   0.885735
 0.93002175 0.9565938  0.96855122 0.96855122 0.95886571 0.94143179
 0.91789599 0.88965304 0.85787972 0.82356453 0.78753358 0.75047318
 0.71294952 0.67542586 0.63827744 0.60180444 0.56624327 0.53177629
 0.49854027 0.46663369 0.43612303 0.40704816 0.37942703 0.35325965
 0.32853148 0.30521634 0.28327892 0.26267681 0.24336234 0.225284
 0.2083877  0.19261782 0.17791804 0.16423203 0.15150405 0.13967934
 0.12870454 0.1185279  0.10909954 0.10037158 0.09229821 0.08483581
 0.0779429  0.07158021 0.06571063 0.06029917 0.05531289 0.05072088
 0.04649414 0.04260554 0.03902972 0.035743   0.03272334 0.02995017
 0.02740441]",60
2019,351228,351228,3,[0.29411765 0.52941176 0.71470588 0.85764706],3
2020,213895,213895,6,[1.       1.8      2.43     2.916    3.2805   3.54294  3.720087],6
2021,198365,198365,1,[1.  1.8],1
2022,316274,316274,9,"[1.         1.8        2.43       2.916      3.2805     3.54294
 3.720087   3.8263752  3.87420489]",8
2023,267001,267001,9,"[1.         1.8        2.43       2.916      3.2805     3.54294
 3.720087   3.8263752  3.87420489]",8
2024,27506,27506,6,[1.       1.8      2.43     2.916    3.2805   3.54294  3.720087],6
2025,273932,273932,60,"[0.25       0.45       0.6075     0.729      0.820125   0.885735
 0.93002175 0.9565938  0.96855122 0.96855122 0.95886571 0.94143179
 0.91789599 0.88965304 0.85787972 0.82356453 0.78753358 0.75047318
 0.71294952 0.67542586 0.63827744 0.60180444 0.56624327 0.53177629
 0.49854027 0.46663369 0.43612303 0.40704816 0.37942703 0.35325965
 0.32853148 0.30521634 0.28327892 0.26267681 0.24336234 0.225284
 0.2083877  0.19261782 0.17791804 0.16423203 0.15150405 0.13967934
 0.12870454 0.1185279  0.10909954 0.10037158 0.09229821 0.08483581
 0.0779429  0.07158021 0.06571063 0.06029917 0.05531289 0.05072088
 0.04649414 0.04260554 0.03902972 0.035743   0.03272334 0.02995017
 0.02740441]",60
2026,132641,132641,60,"[0.25       0.45       0.6075     0.729      0.820125   0.885735
 0.93002175 0.9565938  0.96855122 0.96855122 0.95886571 0.94143179
 0.91789599 0.88965304 0.85787972 0.82356453 0.78753358 0.75047318
 0.71294952 0.67542586 0.63827744 0.60180444 0.56624327 0.53177629
 0.49854027 0.46663369 0.43612303 0.40704816 0.37942703 0.35325965
 0.32853148 0.30521634 0.28327892 0.26267681 0.24336234 0.225284
 0.2083877  0.19261782 0.17791804 0.16423203 0.15150405 0.13967934
 0.12870454 0.1185279  0.10909954 0.10037158 0.09229821 0.08483581
 0.0779429  0.07158021 0.06571063 0.06029917 0.05531289 0.05072088
 0.04649414 0.04260554 0.03902972 0.035743   0.03272334 0.02995017
 0.02740441]",60
2027,11926,11926,6,[1.       1.8      2.43     2.916    3.2805   3.54294  3.720087],6
2028,2218,2218,1,[1.  1.8],1
2029,21071,21071,3,[0.29411765 0.52941176 0.71470588 0.85764706],3
2030,178186,178186,6,[1.       1.8      2.43     2.916    3.2805   3.54294  3.720087],6
2031,239691,239691,6,[1.       1.8      2.43     2.916    3.2805   3.54294  3.720087],6
2032,145652,145652,3,[0.29411765 0.52941176 0.71470588 0.85764706],3
2033,110377,110377,30,"[0.25       0.45       0.6075     0.729      0.820125   0.885735
 0.93002175 0.9565938  0.96855122 0.96855122 0.95886571 0.94143179
 0.91789599 0.88965304 0.85787972 0.82356453 0.78753358 0.75047318
 0.71294952 0.67542586 0.63827744 0.60180444 0.56624327 0.53177629
 0.49854027 0.46663369 0.43612303 0.40704816 0.37942703 0.35325965
 0.32853148]",30
2034,132229,132229,1,[1.  1.8],1
2035,292044,292044,1,[1.  1.8],1
2036,151236,151236,60,"[0.25       0.45       0.6075     0.729      0.820125   0.885735
 0.93002175 0.9565938  0.96855122 0.96855122 0.95886571 0.94143179
 0.91789599 0.88965304 0.85787972 0.82356453 0.78753358 0.75047318
 0.71294952 0.67542586 0.63827744 0.60180444 0.56624327 0.53177629
 0.49854027 0.46663369 0.43612303 0.40704816 0.37942703 0.35325965
 0.32853148 0.30521634 0.28327892 0.26267681 0.24336234 0.225284
 0.2083877  0.19261782 0.17791804 0.16423203 0.15150405 0.13967934
 0.12870454 0.1185279  0.10909954 0.10037158 0.09229821 0.08483581
 0.0779429  0.07158021 0.06571063 0.06029917 0.05531289 0.05072088
 0.04649414 0.04260554 0.03902972 0.035743   0.03272334 0.02995017
 0.02740441]",60
2037,240162,240162,30,"[0.25       0.45       0.6075     0.729      0.820125   0.885735
 0.93002175 0.9565938  0.96855122 0.96855122 0.95886571 0.94143179
 0.91789599 0.88965304 0.85787972 0.82356453 0.78753358 0.75047318
 0.71294952 0.67542586 0.63827744 0.60180444 0.56624327 0.53177629
 0.49854027 0.46663369 0.43612303 0.40704816 0.37942703 0.35325965
 0.32853148]",30
2038,174626,174626,1,[1.  1.8],1
2039,187285,187285,6,[1.       1.8      2.43     2.916    3.2805   3.54294  3.720087],6
2040,237687,237687,3,[0.29411765 0.52941176 0.71470588 0.85764706],3
2041,348902,348902,1,[1.  1.8],1
2042,100070,100070,3,[0.29411765 0.52941176 0.71470588 0.85764706],3
2043,193327,193327,6,[1.       1.8      2.43     2.916    3.2805   3.54294  3.720087],6
2044,136960,136960,9,"[1.         1.8        2.43       2.916      3.2805     3.54294
 3.720087   3.8263752  3.87420489]",8
2045,275369,275369,9,"[1.         1.8        2.43       2.916      3.2805     3.54294
 3.720087   3.8263752  3.87420489]",8
2046,682,682,3,[0.29411765 0.52941176 0.71470588 0.85764706],3
2047,169001,169001,30,"[0.25       0.45       0.6075     0.729      0.820125   0.885735
 0.93002175 0.9565938  0.96855122 0.96855122 0.95886571 0.94143179
 0.91789599 0.88965304 0.85787972 0.82356453 0.78753358 0.75047318
 0.71294952 0.67542586 0.63827744 0.60180444 0.56624327 0.53177629
 0.49854027 0.46663369 0.43612303 0.40704816 0.37942703 0.35325965
 0.32853148]",30
2048,84884,84884,3,[0.29411765 0.52941176 0.71470588 0.85764706],3
2049,233076,233076,6,[1.       1.8      2.43     2.916    3.2805   3.54294  3.720087],6
2050,217834,217834,60,"[0.25       0.45       0.6075     0.729      0.820125   0.885735
 0.93002175 0.9565938  0.96855122 0.96855122 0.95886571 0.94143179
 0.91789599 0.88965304 0.85787972 0.82356453 0.78753358 0.75047318
 0.71294952 0.67542586 0.63827744 0.60180444 0.56624327 0.53177629
 0.49854027 0.46663369 0.43612303 0.40704816 0.37942703 0.35325965
 0.32853148 0.30521634 0.28327892 0.26267681 0.24336234 0.225284
 0.2083877  0.19261782 0.17791804 0.16423203 0.15150405 0.13967934
 0.12870454 0.1185279  0.10909954 0.10037158 0.09229821 0.08483581
 0.0779429  0.07158021 0.06571063 0.06029917 0.05531289 0.05072088
 0.04649414 0.04260554 0.03902972 0.035743   0.03272334 0.02995017
 0.02740441]",60
2051,212520,212520,1,[1.  1.8],1
2052,219264,219264,30,"[0.25       0.45       0.6075     0.729      0.820125   0.885735
 0.93002175 0.9565938  0.96855122 0.96855122 0.95886571 0.94143179
 0.91789599 0.88965304 0.85787972 0.82356453 0.78753358 0.75047318
 0.71294952 0.67542586 0.63827744 0.60180444 0.56624327 0.53177629
 0.49854027 0.46663369 0.43612303 0.40704816 0.37942703 0.35325965
 0.32853148]",30
2053,5530,5530,1,[1.  1.8],1
2054,252934,252934,6,[1.       1.8      2.43     2.916    3.2805   3.54294  3.720087],6
2055,254437,254437,6,[1.       1.8      2.43     2.916    3.2805   3.54294  3.720087],6
2056,243071,243071,6,[1.       1.8      2.43     2.916    3.2805   3.54294  3.720087],6
2057,218569,218569,3,[0.29411765 0.52941176 0.71470588 0.85764706],3
2058,74434,74434,3,[0.29411765 0.52941176 0.71470588 0.85764706],3
2059,270967,270967,60,"[0.25       0.45       0.6075     0.729      0.820125   0.885735
 0.93002175 0.9565938  0.96855122 0.96855122 0.95886571 0.94143179
 0.91789599 0.88965304 0.85787972 0.82356453 0.78753358 0.75047318
 0.71294952 0.67542586 0.63827744 0.60180444 0.56624327 0.53177629
 0.49854027 0.46663369 0.43612303 0.40704816 0.37942703 0.35325965
 0.32853148 0.30521634 0.28327892 0.26267681 0.24336234 0.225284
 0.2083877  0.19261782 0.17791804 0.16423203 0.15150405 0.13967934
 0.12870454 0.1185279  0.10909954 0.10037158 0.09229821 0.08483581
 0.0779429  0.07158021 0.06571063 0.06029917 0.05531289 0.05072088
 0.04649414 0.04260554 0.03902972 0.035743   0.03272334 0.02995017
 0.02740441]",60
2060,66259,66259,30,"[0.25       0.45       0.6075     0.729      0.820125   0.885735
 0.93002175 0.9565938  0.96855122 0.96855122 0.95886571 0.94143179
 0.91789599 0.88965304 0.85787972 0.82356453 0.78753358 0.75047318
 0.71294952 0.67542586 0.63827744 0.60180444 0.56624327 0.53177629
 0.49854027 0.46663369 0.43612303 0.40704816 0.37942703 0.35325965
 0.32853148]",30
2061,131845,131845,3,[0.29411765 0.52941176 0.71470588 0.85764706],3
2062,110940,110940,9,"[1.         1.8        2.43       2.916      3.2805     3.54294
 3.720087   3.8263752  3.87420489]",8
2063,177541,177541,3,[0.29411765 0.52941176 0.71470588 0.85764706],3
2064,226300,226300,30,"[0.25       0.45       0.6075     0.729      0.820125   0.885735
 0.93002175 0.9565938  0.96855122 0.96855122 0.95886571 0.94143179
 0.91789599 0.88965304 0.85787972 0.82356453 0.78753358 0.75047318
 0.71294952 0.67542586 0.63827744 0.60180444 0.56624327 0.53177629
 0.49854027 0.46663369 0.43612303 0.40704816 0.37942703 0.35325965
 0.32853148]",30
2065,266359,266359,9,"[1.         1.8        2.43       2.916      3.2805     3.54294
 3.720087   3.8263752  3.87420489]",8
2066,185652,185652,6,[1.       1.8      2.43     2.916    3.2805   3.54294  3.720087],6
2067,13101,13101,6,[1.       1.8      2.43     2.916    3.2805   3.54294  3.720087],6
2068,242623,242623,3,[0.29411765 0.52941176 0.71470588 0.85764706],3
2069,262896,262896,6,[1.       1.8      2.43     2.916    3.2805   3.54294  3.720087],6
2070,91043,91043,6,[1.       1.8      2.43     2.916    3.2805   3.54294  3.720087],6
2071,256380,256380,30,"[0.25       0.45       0.6075     0.729      0.820125   0.885735
 0.93002175 0.9565938  0.96855122 0.96855122 0.95886571 0.94143179
 0.91789599 0.88965304 0.85787972 0.82356453 0.78753358 0.75047318
 0.71294952 0.67542586 0.63827744 0.60180444 0.56624327 0.53177629
 0.49854027 0.46663369 0.43612303 0.40704816 0.37942703 0.35325965
 0.32853148]",30
2072,113688,113688,1,[1.  1.8],1
2073,35602,35602,3,[0.29411765 0.52941176 0.71470588 0.85764706],3
2074,128513,128513,60,"[0.25       0.45       0.6075     0.729      0.820125   0.885735
 0.93002175 0.9565938  0.96855122 0.96855122 0.95886571 0.94143179
 0.91789599 0.88965304 0.85787972 0.82356453 0.78753358 0.75047318
 0.71294952 0.67542586 0.63827744 0.60180444 0.56624327 0.53177629
 0.49854027 0.46663369 0.43612303 0.40704816 0.37942703 0.35325965
 0.32853148 0.30521634 0.28327892 0.26267681 0.24336234 0.225284
 0.2083877  0.19261782 0.17791804 0.16423203 0.15150405 0.13967934
 0.12870454 0.1185279  0.10909954 0.10037158 0.09229821 0.08483581
 0.0779429  0.07158021 0.06571063 0.06029917 0.05531289 0.05072088
 0.04649414 0.04260554 0.03902972 0.035743   0.03272334 0.02995017
 0.02740441]",60
2075,171768,171768,1,[1.  1.8],1
2076,136329,136329,30,"[0.25       0.45       0.6075     0.729      0.820125   0.885735
 0.93002175 0.9565938  0.96855122 0.96855122 0.95886571 0.94143179
 0.91789599 0.88965304 0.85787972 0.82356453 0.78753358 0.75047318
 0.71294952 0.67542586 0.63827744 0.60180444 0.56624327 0.53177629
 0.49854027 0.46663369 0.43612303 0.40704816 0.37942703 0.35325965
 0.32853148]",30
2077,160046,160046,9,"[1.         1.8        2.43       2.916      3.2805     3.54294
 3.720087   3.8263752  3.87420489]",8
2078,309079,309079,3,[0.29411765 0.52941176 0.71470588 0.85764706],3
2079,122548,122548,9,"[1.         1.8        2.43       2.916      3.2805     3.54294
 3.720087   3.8263752  3.87420489]",8
2080,67877,67877,9,"[1.         1.8        2.43       2.916      3.2805     3.54294
 3.720087   3.8263752  3.87420489]",8
2081,95397,95397,60,"[0.25       0.45       0.6075     0.729      0.820125   0.885735
 0.93002175 0.9565938  0.96855122 0.96855122 0.95886571 0.94143179
 0.91789599 0.88965304 0.85787972 0.82356453 0.78753358 0.75047318
 0.71294952 0.67542586 0.63827744 0.60180444 0.56624327 0.53177629
 0.49854027 0.46663369 0.43612303 0.40704816 0.37942703 0.35325965
 0.32853148 0.30521634 0.28327892 0.26267681 0.24336234 0.225284
 0.2083877  0.19261782 0.17791804 0.16423203 0.15150405 0.13967934
 0.12870454 0.1185279  0.10909954 0.10037158 0.09229821 0.08483581
 0.0779429  0.07158021 0.06571063 0.06029917 0.05531289 0.05072088
 0.04649414 0.04260554 0.03902972 0.035743   0.03272334 0.02995017
 0.02740441]",60
2082,105540,105540,60,"[0.25       0.45       0.6075     0.729      0.820125   0.885735
 0.93002175 0.9565938  0.96855122 0.96855122 0.95886571 0.94143179
 0.91789599 0.88965304 0.85787972 0.82356453 0.78753358 0.75047318
 0.71294952 0.67542586 0.63827744 0.60180444 0.56624327 0.53177629
 0.49854027 0.46663369 0.43612303 0.40704816 0.37942703 0.35325965
 0.32853148 0.30521634 0.28327892 0.26267681 0.24336234 0.225284
 0.2083877  0.19261782 0.17791804 0.16423203 0.15150405 0.13967934
 0.12870454 0.1185279  0.10909954 0.10037158 0.09229821 0.08483581
 0.0779429  0.07158021 0.06571063 0.06029917 0.05531289 0.05072088
 0.04649414 0.04260554 0.03902972 0.035743   0.03272334 0.02995017
 0.02740441]",60
2083,231491,231491,3,[0.29411765 0.52941176 0.71470588 0.85764706],3
2084,131459,131459,9,"[1.         1.8        2.43       2.916      3.2805     3.54294
 3.720087   3.8263752  3.87420489]",8
2085,187670,187670,1,[1.  1.8],1
2086,183676,183676,30,"[0.25       0.45       0.6075     0.729      0.820125   0.885735
 0.93002175 0.9565938  0.96855122 0.96855122 0.95886571 0.94143179
 0.91789599 0.88965304 0.85787972 0.82356453 0.78753358 0.75047318
 0.71294952 0.67542586 0.63827744 0.60180444 0.56624327 0.53177629
 0.49854027 0.46663369 0.43612303 0.40704816 0.37942703 0.35325965
 0.32853148]",30
2087,296358,296358,6,[1.       1.8      2.43     2.916    3.2805   3.54294  3.720087],6
2088,104532,104532,6,[1.       1.8      2.43     2.916    3.2805   3.54294  3.720087],6
2089,199076,199076,30,"[0.25       0.45       0.6075     0.729      0.820125   0.885735
 0.93002175 0.9565938  0.96855122 0.96855122 0.95886571 0.94143179
 0.91789599 0.88965304 0.85787972 0.82356453 0.78753358 0.75047318
 0.71294952 0.67542586 0.63827744 0.60180444 0.56624327 0.53177629
 0.49854027 0.46663369 0.43612303 0.40704816 0.37942703 0.35325965
 0.32853148]",30
2090,195499,195499,9,"[1.         1.8        2.43       2.916      3.2805     3.54294
 3.720087   3.8263752  3.87420489]",8
2091,162421,162421,9,"[1.         1.8        2.43       2.916      3.2805     3.54294
 3.720087   3.8263752  3.87420489]",8
2092,302127,302127,3,[0.29411765 0.52941176 0.71470588 0.85764706],3
2093,267297,267297,3,[0.29411765 0.52941176 0.71470588 0.85764706],3
2094,338808,338808,6,[1.       1.8      2.43     2.916    3.2805   3.54294  3.720087],6
2095,12972,12972,30,"[0.25       0.45       0.6075     0.729      0.820125   0.885735
 0.93002175 0.9565938  0.96855122 0.96855122 0.95886571 0.94143179
 0.91789599 0.88965304 0.85787972 0.82356453 0.78753358 0.75047318
 0.71294952 0.67542586 0.63827744 0.60180444 0.56624327 0.53177629
 0.49854027 0.46663369 0.43612303 0.40704816 0.37942703 0.35325965
 0.32853148]",30
2096,204328,204328,60,"[0.25       0.45       0.6075     0.729      0.820125   0.885735
 0.93002175 0.9565938  0.96855122 0.96855122 0.95886571 0.94143179
 0.91789599 0.88965304 0.85787972 0.82356453 0.78753358 0.75047318
 0.71294952 0.67542586 0.63827744 0.60180444 0.56624327 0.53177629
 0.49854027 0.46663369 0.43612303 0.40704816 0.37942703 0.35325965
 0.32853148 0.30521634 0.28327892 0.26267681 0.24336234 0.225284
 0.2083877  0.19261782 0.17791804 0.16423203 0.15150405 0.13967934
 0.12870454 0.1185279  0.10909954 0.10037158 0.09229821 0.08483581
 0.0779429  0.07158021 0.06571063 0.06029917 0.05531289 0.05072088
 0.04649414 0.04260554 0.03902972 0.035743   0.03272334 0.02995017
 0.02740441]",60
2097,87246,87246,6,[1.       1.8      2.43     2.916    3.2805   3.54294  3.720087],6
2098,153176,153176,6,[1.       1.8      2.43     2.916    3.2805   3.54294  3.720087],6
2099,30980,30980,30,"[0.25       0.45       0.6075     0.729      0.820125   0.885735
 0.93002175 0.9565938  0.96855122 0.96855122 0.95886571 0.94143179
 0.91789599 0.88965304 0.85787972 0.82356453 0.78753358 0.75047318
 0.71294952 0.67542586 0.63827744 0.60180444 0.56624327 0.53177629
 0.49854027 0.46663369 0.43612303 0.40704816 0.37942703 0.35325965
 0.32853148]",30
2100,202704,202704,30,"[0.25       0.45       0.6075     0.729      0.820125   0.885735
 0.93002175 0.9565938  0.96855122 0.96855122 0.95886571 0.94143179
 0.91789599 0.88965304 0.85787972 0.82356453 0.78753358 0.75047318
 0.71294952 0.67542586 0.63827744 0.60180444 0.56624327 0.53177629
 0.49854027 0.46663369 0.43612303 0.40704816 0.37942703 0.35325965
 0.32853148]",30
2101,234624,234624,3,[0.29411765 0.52941176 0.71470588 0.85764706],3
2102,275262,275262,1,[1.  1.8],1
2103,37157,37157,9,"[1.         1.8        2.43       2.916      3.2805     3.54294
 3.720087   3.8263752  3.87420489]",8
2104,233711,233711,6,[1.       1.8      2.43     2.916    3.2805   3.54294  3.720087],6
2105,4836,4836,1,[1.  1.8],1
2106,296494,296494,30,"[0.25       0.45       0.6075     0.729      0.820125   0.885735
 0.93002175 0.9565938  0.96855122 0.96855122 0.95886571 0.94143179
 0.91789599 0.88965304 0.85787972 0.82356453 0.78753358 0.75047318
 0.71294952 0.67542586 0.63827744 0.60180444 0.56624327 0.53177629
 0.49854027 0.46663369 0.43612303 0.40704816 0.37942703 0.35325965
 0.32853148]",30
2107,193610,193610,9,"[1.         1.8        2.43       2.916      3.2805     3.54294
 3.720087   3.8263752  3.87420489]",8
2108,33507,33507,3,[0.29411765 0.52941176 0.71470588 0.85764706],3
2109,226374,226374,9,"[1.         1.8        2.43       2.916      3.2805     3.54294
 3.720087   3.8263752  3.87420489]",8
2110,111183,111183,3,[0.29411765 0.52941176 0.71470588 0.85764706],3
2111,133863,133863,3,[0.29411765 0.52941176 0.71470588 0.85764706],3
2112,9139,9139,1,[1.  1.8],1
2113,123222,123222,3,[0.29411765 0.52941176 0.71470588 0.85764706],3
2114,100248,100248,3,[0.29411765 0.52941176 0.71470588 0.85764706],3
2115,195727,195727,1,[1.  1.8],1
2116,103880,103880,30,"[0.25       0.45       0.6075     0.729      0.820125   0.885735
 0.93002175 0.9565938  0.96855122 0.96855122 0.95886571 0.94143179
 0.91789599 0.88965304 0.85787972 0.82356453 0.78753358 0.75047318
 0.71294952 0.67542586 0.63827744 0.60180444 0.56624327 0.53177629
 0.49854027 0.46663369 0.43612303 0.40704816 0.37942703 0.35325965
 0.32853148]",30
2117,114717,114717,30,"[0.25       0.45       0.6075     0.729      0.820125   0.885735
 0.93002175 0.9565938  0.96855122 0.96855122 0.95886571 0.94143179
 0.91789599 0.88965304 0.85787972 0.82356453 0.78753358 0.75047318
 0.71294952 0.67542586 0.63827744 0.60180444 0.56624327 0.53177629
 0.49854027 0.46663369 0.43612303 0.40704816 0.37942703 0.35325965
 0.32853148]",30
2118,7568,7568,30,"[0.25       0.45       0.6075     0.729      0.820125   0.885735
 0.93002175 0.9565938  0.96855122 0.96855122 0.95886571 0.94143179
 0.91789599 0.88965304 0.85787972 0.82356453 0.78753358 0.75047318
 0.71294952 0.67542586 0.63827744 0.60180444 0.56624327 0.53177629
 0.49854027 0.46663369 0.43612303 0.40704816 0.37942703 0.35325965
 0.32853148]",30
2119,276648,276648,1,[1.  1.8],1
2120,114462,114462,3,[0.29411765 0.52941176 0.71470588 0.85764706],3
2121,15108,15108,9,"[1.         1.8        2.43       2.916      3.2805     3.54294
 3.720087   3.8263752  3.87420489]",8
2122,120632,120632,6,[1.       1.8      2.43     2.916    3.2805   3.54294  3.720087],6
2123,65968,65968,60,"[0.25       0.45       0.6075     0.729      0.820125   0.885735
 0.93002175 0.9565938  0.96855122 0.96855122 0.95886571 0.94143179
 0.91789599 0.88965304 0.85787972 0.82356453 0.78753358 0.75047318
 0.71294952 0.67542586 0.63827744 0.60180444 0.56624327 0.53177629
 0.49854027 0.46663369 0.43612303 0.40704816 0.37942703 0.35325965
 0.32853148 0.30521634 0.28327892 0.26267681 0.24336234 0.225284
 0.2083877  0.19261782 0.17791804 0.16423203 0.15150405 0.13967934
 0.12870454 0.1185279  0.10909954 0.10037158 0.09229821 0.08483581
 0.0779429  0.07158021 0.06571063 0.06029917 0.05531289 0.05072088
 0.04649414 0.04260554 0.03902972 0.035743   0.03272334 0.02995017
 0.02740441]",60
2124,97502,97502,3,[0.29411765 0.52941176 0.71470588 0.85764706],3
2125,293733,293733,1,[1.  1.8],1
2126,20307,20307,6,[1.       1.8      2.43     2.916    3.2805   3.54294  3.720087],6
2127,228971,228971,6,[1.       1.8      2.43     2.916    3.2805   3.54294  3.720087],6
2128,151544,151544,30,"[0.25       0.45       0.6075     0.729      0.820125   0.885735
 0.93002175 0.9565938  0.96855122 0.96855122 0.95886571 0.94143179
 0.91789599 0.88965304 0.85787972 0.82356453 0.78753358 0.75047318
 0.71294952 0.67542586 0.63827744 0.60180444 0.56624327 0.53177629
 0.49854027 0.46663369 0.43612303 0.40704816 0.37942703 0.35325965
 0.32853148]",30
2129,260687,260687,3,[0.29411765 0.52941176 0.71470588 0.85764706],3
2130,177132,177132,30,"[0.25       0.45       0.6075     0.729      0.820125   0.885735
 0.93002175 0.9565938  0.96855122 0.96855122 0.95886571 0.94143179
 0.91789599 0.88965304 0.85787972 0.82356453 0.78753358 0.75047318
 0.71294952 0.67542586 0.63827744 0.60180444 0.56624327 0.53177629
 0.49854027 0.46663369 0.43612303 0.40704816 0.37942703 0.35325965
 0.32853148]",30
2131,273520,273520,1,[1.  1.8],1
2132,32356,32356,60,"[0.25       0.45       0.6075     0.729      0.820125   0.885735
 0.93002175 0.9565938  0.96855122 0.96855122 0.95886571 0.94143179
 0.91789599 0.88965304 0.85787972 0.82356453 0.78753358 0.75047318
 0.71294952 0.67542586 0.63827744 0.60180444 0.56624327 0.53177629
 0.49854027 0.46663369 0.43612303 0.40704816 0.37942703 0.35325965
 0.32853148 0.30521634 0.28327892 0.26267681 0.24336234 0.225284
 0.2083877  0.19261782 0.17791804 0.16423203 0.15150405 0.13967934
 0.12870454 0.1185279  0.10909954 0.10037158 0.09229821 0.08483581
 0.0779429  0.07158021 0.06571063 0.06029917 0.05531289 0.05072088
 0.04649414 0.04260554 0.03902972 0.035743   0.03272334 0.02995017
 0.02740441]",60
2133,186919,186919,60,"[0.25       0.45       0.6075     0.729      0.820125   0.885735
 0.93002175 0.9565938  0.96855122 0.96855122 0.95886571 0.94143179
 0.91789599 0.88965304 0.85787972 0.82356453 0.78753358 0.75047318
 0.71294952 0.67542586 0.63827744 0.60180444 0.56624327 0.53177629
 0.49854027 0.46663369 0.43612303 0.40704816 0.37942703 0.35325965
 0.32853148 0.30521634 0.28327892 0.26267681 0.24336234 0.225284
 0.2083877  0.19261782 0.17791804 0.16423203 0.15150405 0.13967934
 0.12870454 0.1185279  0.10909954 0.10037158 0.09229821 0.08483581
 0.0779429  0.07158021 0.06571063 0.06029917 0.05531289 0.05072088
 0.04649414 0.04260554 0.03902972 0.035743   0.03272334 0.02995017
 0.02740441]",60
2134,86568,86568,9,"[1.         1.8        2.43       2.916      3.2805     3.54294
 3.720087   3.8263752  3.87420489]",8
2135,119272,119272,30,"[0.25       0.45       0.6075     0.729      0.820125   0.885735
 0.93002175 0.9565938  0.96855122 0.96855122 0.95886571 0.94143179
 0.91789599 0.88965304 0.85787972 0.82356453 0.78753358 0.75047318
 0.71294952 0.67542586 0.63827744 0.60180444 0.56624327 0.53177629
 0.49854027 0.46663369 0.43612303 0.40704816 0.37942703 0.35325965
 0.32853148]",30
2136,132151,132151,1,[1.  1.8],1
2137,20768,20768,1,[1.  1.8],1
2138,9137,9137,6,[1.       1.8      2.43     2.916    3.2805   3.54294  3.720087],6
2139,229791,229791,6,[1.       1.8      2.43     2.916    3.2805   3.54294  3.720087],6
2140,1449,1449,30,"[0.25       0.45       0.6075     0.729      0.820125   0.885735
 0.93002175 0.9565938  0.96855122 0.96855122 0.95886571 0.94143179
 0.91789599 0.88965304 0.85787972 0.82356453 0.78753358 0.75047318
 0.71294952 0.67542586 0.63827744 0.60180444 0.56624327 0.53177629
 0.49854027 0.46663369 0.43612303 0.40704816 0.37942703 0.35325965
 0.32853148]",30
2141,295808,295808,1,[1.  1.8],1
2142,154568,154568,60,"[0.25       0.45       0.6075     0.729      0.820125   0.885735
 0.93002175 0.9565938  0.96855122 0.96855122 0.95886571 0.94143179
 0.91789599 0.88965304 0.85787972 0.82356453 0.78753358 0.75047318
 0.71294952 0.67542586 0.63827744 0.60180444 0.56624327 0.53177629
 0.49854027 0.46663369 0.43612303 0.40704816 0.37942703 0.35325965
 0.32853148 0.30521634 0.28327892 0.26267681 0.24336234 0.225284
 0.2083877  0.19261782 0.17791804 0.16423203 0.15150405 0.13967934
 0.12870454 0.1185279  0.10909954 0.10037158 0.09229821 0.08483581
 0.0779429  0.07158021 0.06571063 0.06029917 0.05531289 0.05072088
 0.04649414 0.04260554 0.03902972 0.035743   0.03272334 0.02995017
 0.02740441]",60
2143,75860,75860,60,"[0.25       0.45       0.6075     0.729      0.820125   0.885735
 0.93002175 0.9565938  0.96855122 0.96855122 0.95886571 0.94143179
 0.91789599 0.88965304 0.85787972 0.82356453 0.78753358 0.75047318
 0.71294952 0.67542586 0.63827744 0.60180444 0.56624327 0.53177629
 0.49854027 0.46663369 0.43612303 0.40704816 0.37942703 0.35325965
 0.32853148 0.30521634 0.28327892 0.26267681 0.24336234 0.225284
 0.2083877  0.19261782 0.17791804 0.16423203 0.15150405 0.13967934
 0.12870454 0.1185279  0.10909954 0.10037158 0.09229821 0.08483581
 0.0779429  0.07158021 0.06571063 0.06029917 0.05531289 0.05072088
 0.04649414 0.04260554 0.03902972 0.035743   0.03272334 0.02995017
 0.02740441]",60
2144,103251,103251,6,[1.       1.8      2.43     2.916    3.2805   3.54294  3.720087],6
2145,300951,300951,6,[1.       1.8      2.43     2.916    3.2805   3.54294  3.720087],6
2146,158872,158872,30,"[0.25       0.45       0.6075     0.729      0.820125   0.885735
 0.93002175 0.9565938  0.96855122 0.96855122 0.95886571 0.94143179
 0.91789599 0.88965304 0.85787972 0.82356453 0.78753358 0.75047318
 0.71294952 0.67542586 0.63827744 0.60180444 0.56624327 0.53177629
 0.49854027 0.46663369 0.43612303 0.40704816 0.37942703 0.35325965
 0.32853148]",30
2147,229005,229005,30,"[0.25       0.45       0.6075     0.729      0.820125   0.885735
 0.93002175 0.9565938  0.96855122 0.96855122 0.95886571 0.94143179
 0.91789599 0.88965304 0.85787972 0.82356453 0.78753358 0.75047318
 0.71294952 0.67542586 0.63827744 0.60180444 0.56624327 0.53177629
 0.49854027 0.46663369 0.43612303 0.40704816 0.37942703 0.35325965
 0.32853148]",30
2148,89892,89892,30,"[0.25       0.45       0.6075     0.729      0.820125   0.885735
 0.93002175 0.9565938  0.96855122 0.96855122 0.95886571 0.94143179
 0.91789599 0.88965304 0.85787972 0.82356453 0.78753358 0.75047318
 0.71294952 0.67542586 0.63827744 0.60180444 0.56624327 0.53177629
 0.49854027 0.46663369 0.43612303 0.40704816 0.37942703 0.35325965
 0.32853148]",30
2149,11410,11410,9,"[1.         1.8        2.43       2.916      3.2805     3.54294
 3.720087   3.8263752  3.87420489]",8
2150,124592,124592,60,"[0.25       0.45       0.6075     0.729      0.820125   0.885735
 0.93002175 0.9565938  0.96855122 0.96855122 0.95886571 0.94143179
 0.91789599 0.88965304 0.85787972 0.82356453 0.78753358 0.75047318
 0.71294952 0.67542586 0.63827744 0.60180444 0.56624327 0.53177629
 0.49854027 0.46663369 0.43612303 0.40704816 0.37942703 0.35325965
 0.32853148 0.30521634 0.28327892 0.26267681 0.24336234 0.225284
 0.2083877  0.19261782 0.17791804 0.16423203 0.15150405 0.13967934
 0.12870454 0.1185279  0.10909954 0.10037158 0.09229821 0.08483581
 0.0779429  0.07158021 0.06571063 0.06029917 0.05531289 0.05072088
 0.04649414 0.04260554 0.03902972 0.035743   0.03272334 0.02995017
 0.02740441]",60
2151,210591,210591,1,[1.  1.8],1
2152,62407,62407,60,"[0.25       0.45       0.6075     0.729      0.820125   0.885735
 0.93002175 0.9565938  0.96855122 0.96855122 0.95886571 0.94143179
 0.91789599 0.88965304 0.85787972 0.82356453 0.78753358 0.75047318
 0.71294952 0.67542586 0.63827744 0.60180444 0.56624327 0.53177629
 0.49854027 0.46663369 0.43612303 0.40704816 0.37942703 0.35325965
 0.32853148 0.30521634 0.28327892 0.26267681 0.24336234 0.225284
 0.2083877  0.19261782 0.17791804 0.16423203 0.15150405 0.13967934
 0.12870454 0.1185279  0.10909954 0.10037158 0.09229821 0.08483581
 0.0779429  0.07158021 0.06571063 0.06029917 0.05531289 0.05072088
 0.04649414 0.04260554 0.03902972 0.035743   0.03272334 0.02995017
 0.02740441]",60
2153,261284,261284,3,[0.29411765 0.52941176 0.71470588 0.85764706],3
2154,134567,134567,60,"[0.25       0.45       0.6075     0.729      0.820125   0.885735
 0.93002175 0.9565938  0.96855122 0.96855122 0.95886571 0.94143179
 0.91789599 0.88965304 0.85787972 0.82356453 0.78753358 0.75047318
 0.71294952 0.67542586 0.63827744 0.60180444 0.56624327 0.53177629
 0.49854027 0.46663369 0.43612303 0.40704816 0.37942703 0.35325965
 0.32853148 0.30521634 0.28327892 0.26267681 0.24336234 0.225284
 0.2083877  0.19261782 0.17791804 0.16423203 0.15150405 0.13967934
 0.12870454 0.1185279  0.10909954 0.10037158 0.09229821 0.08483581
 0.0779429  0.07158021 0.06571063 0.06029917 0.05531289 0.05072088
 0.04649414 0.04260554 0.03902972 0.035743   0.03272334 0.02995017
 0.02740441]",60
2155,208540,208540,6,[1.       1.8      2.43     2.916    3.2805   3.54294  3.720087],6
2156,181887,181887,1,[1.  1.8],1
2157,112903,112903,30,"[0.25       0.45       0.6075     0.729      0.820125   0.885735
 0.93002175 0.9565938  0.96855122 0.96855122 0.95886571 0.94143179
 0.91789599 0.88965304 0.85787972 0.82356453 0.78753358 0.75047318
 0.71294952 0.67542586 0.63827744 0.60180444 0.56624327 0.53177629
 0.49854027 0.46663369 0.43612303 0.40704816 0.37942703 0.35325965
 0.32853148]",30
2158,4491,4491,6,[1.       1.8      2.43     2.916    3.2805   3.54294  3.720087],6
2159,207990,207990,9,"[1.         1.8        2.43       2.916      3.2805     3.54294
 3.720087   3.8263752  3.87420489]",8
2160,103294,103294,1,[1.  1.8],1
2161,297106,297106,6,[1.       1.8      2.43     2.916    3.2805   3.54294  3.720087],6
2162,269432,269432,1,[1.  1.8],1
2163,172215,172215,9,"[1.         1.8        2.43       2.916      3.2805     3.54294
 3.720087   3.8263752  3.87420489]",8
2164,333848,333848,9,"[1.         1.8        2.43       2.916      3.2805     3.54294
 3.720087   3.8263752  3.87420489]",8
2165,13143,13143,30,"[0.25       0.45       0.6075     0.729      0.820125   0.885735
 0.93002175 0.9565938  0.96855122 0.96855122 0.95886571 0.94143179
 0.91789599 0.88965304 0.85787972 0.82356453 0.78753358 0.75047318
 0.71294952 0.67542586 0.63827744 0.60180444 0.56624327 0.53177629
 0.49854027 0.46663369 0.43612303 0.40704816 0.37942703 0.35325965
 0.32853148]",30
2166,349259,349259,1,[1.  1.8],1
2167,336589,336589,9,"[1.         1.8        2.43       2.916      3.2805     3.54294
 3.720087   3.8263752  3.87420489]",8
2168,160703,160703,30,"[0.25       0.45       0.6075     0.729      0.820125   0.885735
 0.93002175 0.9565938  0.96855122 0.96855122 0.95886571 0.94143179
 0.91789599 0.88965304 0.85787972 0.82356453 0.78753358 0.75047318
 0.71294952 0.67542586 0.63827744 0.60180444 0.56624327 0.53177629
 0.49854027 0.46663369 0.43612303 0.40704816 0.37942703 0.35325965
 0.32853148]",30
2169,187911,187911,3,[0.29411765 0.52941176 0.71470588 0.85764706],3
2170,333874,333874,9,"[1.         1.8        2.43       2.916      3.2805     3.54294
 3.720087   3.8263752  3.87420489]",8
2171,77241,77241,9,"[1.         1.8        2.43       2.916      3.2805     3.54294
 3.720087   3.8263752  3.87420489]",8
2172,345409,345409,60,"[0.25       0.45       0.6075     0.729      0.820125   0.885735
 0.93002175 0.9565938  0.96855122 0.96855122 0.95886571 0.94143179
 0.91789599 0.88965304 0.85787972 0.82356453 0.78753358 0.75047318
 0.71294952 0.67542586 0.63827744 0.60180444 0.56624327 0.53177629
 0.49854027 0.46663369 0.43612303 0.40704816 0.37942703 0.35325965
 0.32853148 0.30521634 0.28327892 0.26267681 0.24336234 0.225284
 0.2083877  0.19261782 0.17791804 0.16423203 0.15150405 0.13967934
 0.12870454 0.1185279  0.10909954 0.10037158 0.09229821 0.08483581
 0.0779429  0.07158021 0.06571063 0.06029917 0.05531289 0.05072088
 0.04649414 0.04260554 0.03902972 0.035743   0.03272334 0.02995017
 0.02740441]",60
2173,329928,329928,60,"[0.25       0.45       0.6075     0.729      0.820125   0.885735
 0.93002175 0.9565938  0.96855122 0.96855122 0.95886571 0.94143179
 0.91789599 0.88965304 0.85787972 0.82356453 0.78753358 0.75047318
 0.71294952 0.67542586 0.63827744 0.60180444 0.56624327 0.53177629
 0.49854027 0.46663369 0.43612303 0.40704816 0.37942703 0.35325965
 0.32853148 0.30521634 0.28327892 0.26267681 0.24336234 0.225284
 0.2083877  0.19261782 0.17791804 0.16423203 0.15150405 0.13967934
 0.12870454 0.1185279  0.10909954 0.10037158 0.09229821 0.08483581
 0.0779429  0.07158021 0.06571063 0.06029917 0.05531289 0.05072088
 0.04649414 0.04260554 0.03902972 0.035743   0.03272334 0.02995017
 0.02740441]",60
2174,147409,147409,3,[0.29411765 0.52941176 0.71470588 0.85764706],3
2175,277590,277590,3,[0.29411765 0.52941176 0.71470588 0.85764706],3
2176,269584,269584,1,[1.  1.8],1
2177,324431,324431,6,[1.       1.8      2.43     2.916    3.2805   3.54294  3.720087],6
2178,68895,68895,60,"[0.25       0.45       0.6075     0.729      0.820125   0.885735
 0.93002175 0.9565938  0.96855122 0.96855122 0.95886571 0.94143179
 0.91789599 0.88965304 0.85787972 0.82356453 0.78753358 0.75047318
 0.71294952 0.67542586 0.63827744 0.60180444 0.56624327 0.53177629
 0.49854027 0.46663369 0.43612303 0.40704816 0.37942703 0.35325965
 0.32853148 0.30521634 0.28327892 0.26267681 0.24336234 0.225284
 0.2083877  0.19261782 0.17791804 0.16423203 0.15150405 0.13967934
 0.12870454 0.1185279  0.10909954 0.10037158 0.09229821 0.08483581
 0.0779429  0.07158021 0.06571063 0.06029917 0.05531289 0.05072088
 0.04649414 0.04260554 0.03902972 0.035743   0.03272334 0.02995017
 0.02740441]",60
2179,3224,3224,1,[1.  1.8],1
2180,7076,7076,30,"[0.25       0.45       0.6075     0.729      0.820125   0.885735
 0.93002175 0.9565938  0.96855122 0.96855122 0.95886571 0.94143179
 0.91789599 0.88965304 0.85787972 0.82356453 0.78753358 0.75047318
 0.71294952 0.67542586 0.63827744 0.60180444 0.56624327 0.53177629
 0.49854027 0.46663369 0.43612303 0.40704816 0.37942703 0.35325965
 0.32853148]",30
2181,50474,50474,30,"[0.25       0.45       0.6075     0.729      0.820125   0.885735
 0.93002175 0.9565938  0.96855122 0.96855122 0.95886571 0.94143179
 0.91789599 0.88965304 0.85787972 0.82356453 0.78753358 0.75047318
 0.71294952 0.67542586 0.63827744 0.60180444 0.56624327 0.53177629
 0.49854027 0.46663369 0.43612303 0.40704816 0.37942703 0.35325965
 0.32853148]",30
2182,102655,102655,3,[0.29411765 0.52941176 0.71470588 0.85764706],3
2183,317431,317431,6,[1.       1.8      2.43     2.916    3.2805   3.54294  3.720087],6
2184,18561,18561,1,[1.  1.8],1
2185,160469,160469,1,[1.  1.8],1
2186,141874,141874,60,"[0.25       0.45       0.6075     0.729      0.820125   0.885735
 0.93002175 0.9565938  0.96855122 0.96855122 0.95886571 0.94143179
 0.91789599 0.88965304 0.85787972 0.82356453 0.78753358 0.75047318
 0.71294952 0.67542586 0.63827744 0.60180444 0.56624327 0.53177629
 0.49854027 0.46663369 0.43612303 0.40704816 0.37942703 0.35325965
 0.32853148 0.30521634 0.28327892 0.26267681 0.24336234 0.225284
 0.2083877  0.19261782 0.17791804 0.16423203 0.15150405 0.13967934
 0.12870454 0.1185279  0.10909954 0.10037158 0.09229821 0.08483581
 0.0779429  0.07158021 0.06571063 0.06029917 0.05531289 0.05072088
 0.04649414 0.04260554 0.03902972 0.035743   0.03272334 0.02995017
 0.02740441]",60
2187,76546,76546,30,"[0.25       0.45       0.6075     0.729      0.820125   0.885735
 0.93002175 0.9565938  0.96855122 0.96855122 0.95886571 0.94143179
 0.91789599 0.88965304 0.85787972 0.82356453 0.78753358 0.75047318
 0.71294952 0.67542586 0.63827744 0.60180444 0.56624327 0.53177629
 0.49854027 0.46663369 0.43612303 0.40704816 0.37942703 0.35325965
 0.32853148]",30
2188,169554,169554,30,"[0.25       0.45       0.6075     0.729      0.820125   0.885735
 0.93002175 0.9565938  0.96855122 0.96855122 0.95886571 0.94143179
 0.91789599 0.88965304 0.85787972 0.82356453 0.78753358 0.75047318
 0.71294952 0.67542586 0.63827744 0.60180444 0.56624327 0.53177629
 0.49854027 0.46663369 0.43612303 0.40704816 0.37942703 0.35325965
 0.32853148]",30
2189,54727,54727,6,[1.       1.8      2.43     2.916    3.2805   3.54294  3.720087],6
2190,224843,224843,9,"[1.         1.8        2.43       2.916      3.2805     3.54294
 3.720087   3.8263752  3.87420489]",8
2191,298519,298519,9,"[1.         1.8        2.43       2.916      3.2805     3.54294
 3.720087   3.8263752  3.87420489]",8
2192,84955,84955,9,"[1.         1.8        2.43       2.916      3.2805     3.54294
 3.720087   3.8263752  3.87420489]",8
2193,159068,159068,3,[0.29411765 0.52941176 0.71470588 0.85764706],3
2194,151442,151442,1,[1.  1.8],1
2195,35380,35380,6,[1.       1.8      2.43     2.916    3.2805   3.54294  3.720087],6
2196,7576,7576,3,[0.29411765 0.52941176 0.71470588 0.85764706],3
2197,272750,272750,30,"[0.25       0.45       0.6075     0.729      0.820125   0.885735
 0.93002175 0.9565938  0.96855122 0.96855122 0.95886571 0.94143179
 0.91789599 0.88965304 0.85787972 0.82356453 0.78753358 0.75047318
 0.71294952 0.67542586 0.63827744 0.60180444 0.56624327 0.53177629
 0.49854027 0.46663369 0.43612303 0.40704816 0.37942703 0.35325965
 0.32853148]",30
2198,62937,62937,6,[1.       1.8      2.43     2.916    3.2805   3.54294  3.720087],6
2199,170894,170894,3,[0.29411765 0.52941176 0.71470588 0.85764706],3
2200,22445,22445,60,"[0.25       0.45       0.6075     0.729      0.820125   0.885735
 0.93002175 0.9565938  0.96855122 0.96855122 0.95886571 0.94143179
 0.91789599 0.88965304 0.85787972 0.82356453 0.78753358 0.75047318
 0.71294952 0.67542586 0.63827744 0.60180444 0.56624327 0.53177629
 0.49854027 0.46663369 0.43612303 0.40704816 0.37942703 0.35325965
 0.32853148 0.30521634 0.28327892 0.26267681 0.24336234 0.225284
 0.2083877  0.19261782 0.17791804 0.16423203 0.15150405 0.13967934
 0.12870454 0.1185279  0.10909954 0.10037158 0.09229821 0.08483581
 0.0779429  0.07158021 0.06571063 0.06029917 0.05531289 0.05072088
 0.04649414 0.04260554 0.03902972 0.035743   0.03272334 0.02995017
 0.02740441]",60
2201,123811,123811,9,"[1.         1.8        2.43       2.916      3.2805     3.54294
 3.720087   3.8263752  3.87420489]",8
2202,107663,107663,1,[1.  1.8],1
2203,130789,130789,9,"[1.         1.8        2.43       2.916      3.2805     3.54294
 3.720087   3.8263752  3.87420489]",8
2204,52504,52504,1,[1.  1.8],1
2205,321496,321496,3,[0.29411765 0.52941176 0.71470588 0.85764706],3
2206,208916,208916,30,"[0.25       0.45       0.6075     0.729      0.820125   0.885735
 0.93002175 0.9565938  0.96855122 0.96855122 0.95886571 0.94143179
 0.91789599 0.88965304 0.85787972 0.82356453 0.78753358 0.75047318
 0.71294952 0.67542586 0.63827744 0.60180444 0.56624327 0.53177629
 0.49854027 0.46663369 0.43612303 0.40704816 0.37942703 0.35325965
 0.32853148]",30
2207,1480,1480,1,[1.  1.8],1
2208,121095,121095,1,[1.  1.8],1
2209,222614,222614,30,"[0.25       0.45       0.6075     0.729      0.820125   0.885735
 0.93002175 0.9565938  0.96855122 0.96855122 0.95886571 0.94143179
 0.91789599 0.88965304 0.85787972 0.82356453 0.78753358 0.75047318
 0.71294952 0.67542586 0.63827744 0.60180444 0.56624327 0.53177629
 0.49854027 0.46663369 0.43612303 0.40704816 0.37942703 0.35325965
 0.32853148]",30
2210,92653,92653,30,"[0.25       0.45       0.6075     0.729      0.820125   0.885735
 0.93002175 0.9565938  0.96855122 0.96855122 0.95886571 0.94143179
 0.91789599 0.88965304 0.85787972 0.82356453 0.78753358 0.75047318
 0.71294952 0.67542586 0.63827744 0.60180444 0.56624327 0.53177629
 0.49854027 0.46663369 0.43612303 0.40704816 0.37942703 0.35325965
 0.32853148]",30
2211,116,116,30,"[0.25       0.45       0.6075     0.729      0.820125   0.885735
 0.93002175 0.9565938  0.96855122 0.96855122 0.95886571 0.94143179
 0.91789599 0.88965304 0.85787972 0.82356453 0.78753358 0.75047318
 0.71294952 0.67542586 0.63827744 0.60180444 0.56624327 0.53177629
 0.49854027 0.46663369 0.43612303 0.40704816 0.37942703 0.35325965
 0.32853148]",30
2212,139801,139801,9,"[1.         1.8        2.43       2.916      3.2805     3.54294
 3.720087   3.8263752  3.87420489]",8
2213,15596,15596,3,[0.29411765 0.52941176 0.71470588 0.85764706],3
2214,349910,349910,3,[0.29411765 0.52941176 0.71470588 0.85764706],3
2215,243977,243977,60,"[0.25       0.45       0.6075     0.729      0.820125   0.885735
 0.93002175 0.9565938  0.96855122 0.96855122 0.95886571 0.94143179
 0.91789599 0.88965304 0.85787972 0.82356453 0.78753358 0.75047318
 0.71294952 0.67542586 0.63827744 0.60180444 0.56624327 0.53177629
 0.49854027 0.46663369 0.43612303 0.40704816 0.37942703 0.35325965
 0.32853148 0.30521634 0.28327892 0.26267681 0.24336234 0.225284
 0.2083877  0.19261782 0.17791804 0.16423203 0.15150405 0.13967934
 0.12870454 0.1185279  0.10909954 0.10037158 0.09229821 0.08483581
 0.0779429  0.07158021 0.06571063 0.06029917 0.05531289 0.05072088
 0.04649414 0.04260554 0.03902972 0.035743   0.03272334 0.02995017
 0.02740441]",60
2216,108703,108703,1,[1.  1.8],1
2217,98932,98932,30,"[0.25       0.45       0.6075     0.729      0.820125   0.885735
 0.93002175 0.9565938  0.96855122 0.96855122 0.95886571 0.94143179
 0.91789599 0.88965304 0.85787972 0.82356453 0.78753358 0.75047318
 0.71294952 0.67542586 0.63827744 0.60180444 0.56624327 0.53177629
 0.49854027 0.46663369 0.43612303 0.40704816 0.37942703 0.35325965
 0.32853148]",30
2218,272816,272816,1,[1.  1.8],1
2219,205184,205184,3,[0.29411765 0.52941176 0.71470588 0.85764706],3
2220,38738,38738,3,[0.29411765 0.52941176 0.71470588 0.85764706],3
2221,126195,126195,60,"[0.25       0.45       0.6075     0.729      0.820125   0.885735
 0.93002175 0.9565938  0.96855122 0.96855122 0.95886571 0.94143179
 0.91789599 0.88965304 0.85787972 0.82356453 0.78753358 0.75047318
 0.71294952 0.67542586 0.63827744 0.60180444 0.56624327 0.53177629
 0.49854027 0.46663369 0.43612303 0.40704816 0.37942703 0.35325965
 0.32853148 0.30521634 0.28327892 0.26267681 0.24336234 0.225284
 0.2083877  0.19261782 0.17791804 0.16423203 0.15150405 0.13967934
 0.12870454 0.1185279  0.10909954 0.10037158 0.09229821 0.08483581
 0.0779429  0.07158021 0.06571063 0.06029917 0.05531289 0.05072088
 0.04649414 0.04260554 0.03902972 0.035743   0.03272334 0.02995017
 0.02740441]",60
2222,89447,89447,9,"[1.         1.8        2.43       2.916      3.2805     3.54294
 3.720087   3.8263752  3.87420489]",8
2223,262102,262102,9,"[1.         1.8        2.43       2.916      3.2805     3.54294
 3.720087   3.8263752  3.87420489]",8
2224,129243,129243,9,"[1.         1.8        2.43       2.916      3.2805     3.54294
 3.720087   3.8263752  3.87420489]",8
2225,173107,173107,1,[1.  1.8],1
2226,115659,115659,30,"[0.25       0.45       0.6075     0.729      0.820125   0.885735
 0.93002175 0.9565938  0.96855122 0.96855122 0.95886571 0.94143179
 0.91789599 0.88965304 0.85787972 0.82356453 0.78753358 0.75047318
 0.71294952 0.67542586 0.63827744 0.60180444 0.56624327 0.53177629
 0.49854027 0.46663369 0.43612303 0.40704816 0.37942703 0.35325965
 0.32853148]",30
2227,62503,62503,3,[0.29411765 0.52941176 0.71470588 0.85764706],3
2228,163550,163550,3,[0.29411765 0.52941176 0.71470588 0.85764706],3
2229,66227,66227,9,"[1.         1.8        2.43       2.916      3.2805     3.54294
 3.720087   3.8263752  3.87420489]",8
2230,190306,190306,9,"[1.         1.8        2.43       2.916      3.2805     3.54294
 3.720087   3.8263752  3.87420489]",8
2231,5895,5895,9,"[1.         1.8        2.43       2.916      3.2805     3.54294
 3.720087   3.8263752  3.87420489]",8
2232,123611,123611,30,"[0.25       0.45       0.6075     0.729      0.820125   0.885735
 0.93002175 0.9565938  0.96855122 0.96855122 0.95886571 0.94143179
 0.91789599 0.88965304 0.85787972 0.82356453 0.78753358 0.75047318
 0.71294952 0.67542586 0.63827744 0.60180444 0.56624327 0.53177629
 0.49854027 0.46663369 0.43612303 0.40704816 0.37942703 0.35325965
 0.32853148]",30
2233,280569,280569,6,[1.       1.8      2.43     2.916    3.2805   3.54294  3.720087],6
2234,23681,23681,1,[1.  1.8],1
2235,314274,314274,6,[1.       1.8      2.43     2.916    3.2805   3.54294  3.720087],6
2236,110377,110377,6,[1.       1.8      2.43     2.916    3.2805   3.54294  3.720087],6
2237,191632,191632,30,"[0.25       0.45       0.6075     0.729      0.820125   0.885735
 0.93002175 0.9565938  0.96855122 0.96855122 0.95886571 0.94143179
 0.91789599 0.88965304 0.85787972 0.82356453 0.78753358 0.75047318
 0.71294952 0.67542586 0.63827744 0.60180444 0.56624327 0.53177629
 0.49854027 0.46663369 0.43612303 0.40704816 0.37942703 0.35325965
 0.32853148]",30
2238,45863,45863,30,"[0.25       0.45       0.6075     0.729      0.820125   0.885735
 0.93002175 0.9565938  0.96855122 0.96855122 0.95886571 0.94143179
 0.91789599 0.88965304 0.85787972 0.82356453 0.78753358 0.75047318
 0.71294952 0.67542586 0.63827744 0.60180444 0.56624327 0.53177629
 0.49854027 0.46663369 0.43612303 0.40704816 0.37942703 0.35325965
 0.32853148]",30
2239,299357,299357,9,"[1.         1.8        2.43       2.916      3.2805     3.54294
 3.720087   3.8263752  3.87420489]",8
2240,312526,312526,60,"[0.25       0.45       0.6075     0.729      0.820125   0.885735
 0.93002175 0.9565938  0.96855122 0.96855122 0.95886571 0.94143179
 0.91789599 0.88965304 0.85787972 0.82356453 0.78753358 0.75047318
 0.71294952 0.67542586 0.63827744 0.60180444 0.56624327 0.53177629
 0.49854027 0.46663369 0.43612303 0.40704816 0.37942703 0.35325965
 0.32853148 0.30521634 0.28327892 0.26267681 0.24336234 0.225284
 0.2083877  0.19261782 0.17791804 0.16423203 0.15150405 0.13967934
 0.12870454 0.1185279  0.10909954 0.10037158 0.09229821 0.08483581
 0.0779429  0.07158021 0.06571063 0.06029917 0.05531289 0.05072088
 0.04649414 0.04260554 0.03902972 0.035743   0.03272334 0.02995017
 0.02740441]",60
2241,834,834,9,"[1.         1.8        2.43       2.916      3.2805     3.54294
 3.720087   3.8263752  3.87420489]",8
2242,163613,163613,9,"[1.         1.8        2.43       2.916      3.2805     3.54294
 3.720087   3.8263752  3.87420489]",8
2243,116190,116190,9,"[1.         1.8        2.43       2.916      3.2805     3.54294
 3.720087   3.8263752  3.87420489]",8
2244,272558,272558,6,[1.       1.8      2.43     2.916    3.2805   3.54294  3.720087],6
2245,21673,21673,6,[1.       1.8      2.43     2.916    3.2805   3.54294  3.720087],6
2246,148391,148391,60,"[0.25       0.45       0.6075     0.729      0.820125   0.885735
 0.93002175 0.9565938  0.96855122 0.96855122 0.95886571 0.94143179
 0.91789599 0.88965304 0.85787972 0.82356453 0.78753358 0.75047318
 0.71294952 0.67542586 0.63827744 0.60180444 0.56624327 0.53177629
 0.49854027 0.46663369 0.43612303 0.40704816 0.37942703 0.35325965
 0.32853148 0.30521634 0.28327892 0.26267681 0.24336234 0.225284
 0.2083877  0.19261782 0.17791804 0.16423203 0.15150405 0.13967934
 0.12870454 0.1185279  0.10909954 0.10037158 0.09229821 0.08483581
 0.0779429  0.07158021 0.06571063 0.06029917 0.05531289 0.05072088
 0.04649414 0.04260554 0.03902972 0.035743   0.03272334 0.02995017
 0.02740441]",60
2247,31185,31185,3,[0.29411765 0.52941176 0.71470588 0.85764706],3
2248,292923,292923,9,"[1.         1.8        2.43       2.916      3.2805     3.54294
 3.720087   3.8263752  3.87420489]",8
2249,317190,317190,9,"[1.         1.8        2.43       2.916      3.2805     3.54294
 3.720087   3.8263752  3.87420489]",8
2250,115777,115777,3,[0.29411765 0.52941176 0.71470588 0.85764706],3
2251,94790,94790,9,"[1.         1.8        2.43       2.916      3.2805     3.54294
 3.720087   3.8263752  3.87420489]",8
2252,202826,202826,1,[1.  1.8],1
2253,22670,22670,9,"[1.         1.8        2.43       2.916      3.2805     3.54294
 3.720087   3.8263752  3.87420489]",8
2254,87436,87436,9,"[1.         1.8        2.43       2.916      3.2805     3.54294
 3.720087   3.8263752  3.87420489]",8
2255,75803,75803,1,[1.  1.8],1
2256,240376,240376,60,"[0.25       0.45       0.6075     0.729      0.820125   0.885735
 0.93002175 0.9565938  0.96855122 0.96855122 0.95886571 0.94143179
 0.91789599 0.88965304 0.85787972 0.82356453 0.78753358 0.75047318
 0.71294952 0.67542586 0.63827744 0.60180444 0.56624327 0.53177629
 0.49854027 0.46663369 0.43612303 0.40704816 0.37942703 0.35325965
 0.32853148 0.30521634 0.28327892 0.26267681 0.24336234 0.225284
 0.2083877  0.19261782 0.17791804 0.16423203 0.15150405 0.13967934
 0.12870454 0.1185279  0.10909954 0.10037158 0.09229821 0.08483581
 0.0779429  0.07158021 0.06571063 0.06029917 0.05531289 0.05072088
 0.04649414 0.04260554 0.03902972 0.035743   0.03272334 0.02995017
 0.02740441]",60
2257,103262,103262,60,"[0.25       0.45       0.6075     0.729      0.820125   0.885735
 0.93002175 0.9565938  0.96855122 0.96855122 0.95886571 0.94143179
 0.91789599 0.88965304 0.85787972 0.82356453 0.78753358 0.75047318
 0.71294952 0.67542586 0.63827744 0.60180444 0.56624327 0.53177629
 0.49854027 0.46663369 0.43612303 0.40704816 0.37942703 0.35325965
 0.32853148 0.30521634 0.28327892 0.26267681 0.24336234 0.225284
 0.2083877  0.19261782 0.17791804 0.16423203 0.15150405 0.13967934
 0.12870454 0.1185279  0.10909954 0.10037158 0.09229821 0.08483581
 0.0779429  0.07158021 0.06571063 0.06029917 0.05531289 0.05072088
 0.04649414 0.04260554 0.03902972 0.035743   0.03272334 0.02995017
 0.02740441]",60
2258,198161,198161,60,"[0.25       0.45       0.6075     0.729      0.820125   0.885735
 0.93002175 0.9565938  0.96855122 0.96855122 0.95886571 0.94143179
 0.91789599 0.88965304 0.85787972 0.82356453 0.78753358 0.75047318
 0.71294952 0.67542586 0.63827744 0.60180444 0.56624327 0.53177629
 0.49854027 0.46663369 0.43612303 0.40704816 0.37942703 0.35325965
 0.32853148 0.30521634 0.28327892 0.26267681 0.24336234 0.225284
 0.2083877  0.19261782 0.17791804 0.16423203 0.15150405 0.13967934
 0.12870454 0.1185279  0.10909954 0.10037158 0.09229821 0.08483581
 0.0779429  0.07158021 0.06571063 0.06029917 0.05531289 0.05072088
 0.04649414 0.04260554 0.03902972 0.035743   0.03272334 0.02995017
 0.02740441]",60
2259,97745,97745,1,[1.  1.8],1
2260,176488,176488,60,"[0.25       0.45       0.6075     0.729      0.820125   0.885735
 0.93002175 0.9565938  0.96855122 0.96855122 0.95886571 0.94143179
 0.91789599 0.88965304 0.85787972 0.82356453 0.78753358 0.75047318
 0.71294952 0.67542586 0.63827744 0.60180444 0.56624327 0.53177629
 0.49854027 0.46663369 0.43612303 0.40704816 0.37942703 0.35325965
 0.32853148 0.30521634 0.28327892 0.26267681 0.24336234 0.225284
 0.2083877  0.19261782 0.17791804 0.16423203 0.15150405 0.13967934
 0.12870454 0.1185279  0.10909954 0.10037158 0.09229821 0.08483581
 0.0779429  0.07158021 0.06571063 0.06029917 0.05531289 0.05072088
 0.04649414 0.04260554 0.03902972 0.035743   0.03272334 0.02995017
 0.02740441]",60
2261,4439,4439,1,[1.  1.8],1
2262,19064,19064,6,[1.       1.8      2.43     2.916    3.2805   3.54294  3.720087],6
2263,301522,301522,9,"[1.         1.8        2.43       2.916      3.2805     3.54294
 3.720087   3.8263752  3.87420489]",8
2264,300071,300071,1,[1.  1.8],1
2265,225429,225429,9,"[1.         1.8        2.43       2.916      3.2805     3.54294
 3.720087   3.8263752  3.87420489]",8
2266,258728,258728,30,"[0.25       0.45       0.6075     0.729      0.820125   0.885735
 0.93002175 0.9565938  0.96855122 0.96855122 0.95886571 0.94143179
 0.91789599 0.88965304 0.85787972 0.82356453 0.78753358 0.75047318
 0.71294952 0.67542586 0.63827744 0.60180444 0.56624327 0.53177629
 0.49854027 0.46663369 0.43612303 0.40704816 0.37942703 0.35325965
 0.32853148]",30
2267,274629,274629,9,"[1.         1.8        2.43       2.916      3.2805     3.54294
 3.720087   3.8263752  3.87420489]",8
2268,47553,47553,1,[1.  1.8],1
2269,176798,176798,3,[0.29411765 0.52941176 0.71470588 0.85764706],3
2270,44933,44933,3,[0.29411765 0.52941176 0.71470588 0.85764706],3
2271,331713,331713,3,[0.29411765 0.52941176 0.71470588 0.85764706],3
2272,147028,147028,30,"[0.25       0.45       0.6075     0.729      0.820125   0.885735
 0.93002175 0.9565938  0.96855122 0.96855122 0.95886571 0.94143179
 0.91789599 0.88965304 0.85787972 0.82356453 0.78753358 0.75047318
 0.71294952 0.67542586 0.63827744 0.60180444 0.56624327 0.53177629
 0.49854027 0.46663369 0.43612303 0.40704816 0.37942703 0.35325965
 0.32853148]",30
2273,318232,318232,60,"[0.25       0.45       0.6075     0.729      0.820125   0.885735
 0.93002175 0.9565938  0.96855122 0.96855122 0.95886571 0.94143179
 0.91789599 0.88965304 0.85787972 0.82356453 0.78753358 0.75047318
 0.71294952 0.67542586 0.63827744 0.60180444 0.56624327 0.53177629
 0.49854027 0.46663369 0.43612303 0.40704816 0.37942703 0.35325965
 0.32853148 0.30521634 0.28327892 0.26267681 0.24336234 0.225284
 0.2083877  0.19261782 0.17791804 0.16423203 0.15150405 0.13967934
 0.12870454 0.1185279  0.10909954 0.10037158 0.09229821 0.08483581
 0.0779429  0.07158021 0.06571063 0.06029917 0.05531289 0.05072088
 0.04649414 0.04260554 0.03902972 0.035743   0.03272334 0.02995017
 0.02740441]",60
2274,31636,31636,60,"[0.25       0.45       0.6075     0.729      0.820125   0.885735
 0.93002175 0.9565938  0.96855122 0.96855122 0.95886571 0.94143179
 0.91789599 0.88965304 0.85787972 0.82356453 0.78753358 0.75047318
 0.71294952 0.67542586 0.63827744 0.60180444 0.56624327 0.53177629
 0.49854027 0.46663369 0.43612303 0.40704816 0.37942703 0.35325965
 0.32853148 0.30521634 0.28327892 0.26267681 0.24336234 0.225284
 0.2083877  0.19261782 0.17791804 0.16423203 0.15150405 0.13967934
 0.12870454 0.1185279  0.10909954 0.10037158 0.09229821 0.08483581
 0.0779429  0.07158021 0.06571063 0.06029917 0.05531289 0.05072088
 0.04649414 0.04260554 0.03902972 0.035743   0.03272334 0.02995017
 0.02740441]",60
2275,284247,284247,6,[1.       1.8      2.43     2.916    3.2805   3.54294  3.720087],6
2276,301655,301655,1,[1.  1.8],1
2277,181143,181143,6,[1.       1.8      2.43     2.916    3.2805   3.54294  3.720087],6
2278,29845,29845,30,"[0.25       0.45       0.6075     0.729      0.820125   0.885735
 0.93002175 0.9565938  0.96855122 0.96855122 0.95886571 0.94143179
 0.91789599 0.88965304 0.85787972 0.82356453 0.78753358 0.75047318
 0.71294952 0.67542586 0.63827744 0.60180444 0.56624327 0.53177629
 0.49854027 0.46663369 0.43612303 0.40704816 0.37942703 0.35325965
 0.32853148]",30
2279,332861,332861,1,[1.  1.8],1
2280,7436,7436,6,[1.       1.8      2.43     2.916    3.2805   3.54294  3.720087],6
2281,166234,166234,9,"[1.         1.8        2.43       2.916      3.2805     3.54294
 3.720087   3.8263752  3.87420489]",8
2282,306907,306907,6,[1.       1.8      2.43     2.916    3.2805   3.54294  3.720087],6
2283,62378,62378,60,"[0.25       0.45       0.6075     0.729      0.820125   0.885735
 0.93002175 0.9565938  0.96855122 0.96855122 0.95886571 0.94143179
 0.91789599 0.88965304 0.85787972 0.82356453 0.78753358 0.75047318
 0.71294952 0.67542586 0.63827744 0.60180444 0.56624327 0.53177629
 0.49854027 0.46663369 0.43612303 0.40704816 0.37942703 0.35325965
 0.32853148 0.30521634 0.28327892 0.26267681 0.24336234 0.225284
 0.2083877  0.19261782 0.17791804 0.16423203 0.15150405 0.13967934
 0.12870454 0.1185279  0.10909954 0.10037158 0.09229821 0.08483581
 0.0779429  0.07158021 0.06571063 0.06029917 0.05531289 0.05072088
 0.04649414 0.04260554 0.03902972 0.035743   0.03272334 0.02995017
 0.02740441]",60
2284,27884,27884,1,[1.  1.8],1
2285,6555,6555,3,[0.29411765 0.52941176 0.71470588 0.85764706],3
2286,292956,292956,3,[0.29411765 0.52941176 0.71470588 0.85764706],3
2287,200579,200579,3,[0.29411765 0.52941176 0.71470588 0.85764706],3
2288,184849,184849,1,[1.  1.8],1
2289,30659,30659,30,"[0.25       0.45       0.6075     0.729      0.820125   0.885735
 0.93002175 0.9565938  0.96855122 0.96855122 0.95886571 0.94143179
 0.91789599 0.88965304 0.85787972 0.82356453 0.78753358 0.75047318
 0.71294952 0.67542586 0.63827744 0.60180444 0.56624327 0.53177629
 0.49854027 0.46663369 0.43612303 0.40704816 0.37942703 0.35325965
 0.32853148]",30
2290,341164,341164,60,"[0.25       0.45       0.6075     0.729      0.820125   0.885735
 0.93002175 0.9565938  0.96855122 0.96855122 0.95886571 0.94143179
 0.91789599 0.88965304 0.85787972 0.82356453 0.78753358 0.75047318
 0.71294952 0.67542586 0.63827744 0.60180444 0.56624327 0.53177629
 0.49854027 0.46663369 0.43612303 0.40704816 0.37942703 0.35325965
 0.32853148 0.30521634 0.28327892 0.26267681 0.24336234 0.225284
 0.2083877  0.19261782 0.17791804 0.16423203 0.15150405 0.13967934
 0.12870454 0.1185279  0.10909954 0.10037158 0.09229821 0.08483581
 0.0779429  0.07158021 0.06571063 0.06029917 0.05531289 0.05072088
 0.04649414 0.04260554 0.03902972 0.035743   0.03272334 0.02995017
 0.02740441]",60
2291,229954,229954,3,[0.29411765 0.52941176 0.71470588 0.85764706],3
2292,44809,44809,1,[1.  1.8],1
2293,26359,26359,1,[1.  1.8],1
2294,107377,107377,1,[1.  1.8],1
2295,264294,264294,3,[0.29411765 0.52941176 0.71470588 0.85764706],3
2296,44420,44420,60,"[0.25       0.45       0.6075     0.729      0.820125   0.885735
 0.93002175 0.9565938  0.96855122 0.96855122 0.95886571 0.94143179
 0.91789599 0.88965304 0.85787972 0.82356453 0.78753358 0.75047318
 0.71294952 0.67542586 0.63827744 0.60180444 0.56624327 0.53177629
 0.49854027 0.46663369 0.43612303 0.40704816 0.37942703 0.35325965
 0.32853148 0.30521634 0.28327892 0.26267681 0.24336234 0.225284
 0.2083877  0.19261782 0.17791804 0.16423203 0.15150405 0.13967934
 0.12870454 0.1185279  0.10909954 0.10037158 0.09229821 0.08483581
 0.0779429  0.07158021 0.06571063 0.06029917 0.05531289 0.05072088
 0.04649414 0.04260554 0.03902972 0.035743   0.03272334 0.02995017
 0.02740441]",60
2297,18594,18594,6,[1.       1.8      2.43     2.916    3.2805   3.54294  3.720087],6
2298,19738,19738,6,[1.       1.8      2.43     2.916    3.2805   3.54294  3.720087],6
2299,262945,262945,30,"[0.25       0.45       0.6075     0.729      0.820125   0.885735
 0.93002175 0.9565938  0.96855122 0.96855122 0.95886571 0.94143179
 0.91789599 0.88965304 0.85787972 0.82356453 0.78753358 0.75047318
 0.71294952 0.67542586 0.63827744 0.60180444 0.56624327 0.53177629
 0.49854027 0.46663369 0.43612303 0.40704816 0.37942703 0.35325965
 0.32853148]",30
2300,248231,248231,60,"[0.25       0.45       0.6075     0.729      0.820125   0.885735
 0.93002175 0.9565938  0.96855122 0.96855122 0.95886571 0.94143179
 0.91789599 0.88965304 0.85787972 0.82356453 0.78753358 0.75047318
 0.71294952 0.67542586 0.63827744 0.60180444 0.56624327 0.53177629
 0.49854027 0.46663369 0.43612303 0.40704816 0.37942703 0.35325965
 0.32853148 0.30521634 0.28327892 0.26267681 0.24336234 0.225284
 0.2083877  0.19261782 0.17791804 0.16423203 0.15150405 0.13967934
 0.12870454 0.1185279  0.10909954 0.10037158 0.09229821 0.08483581
 0.0779429  0.07158021 0.06571063 0.06029917 0.05531289 0.05072088
 0.04649414 0.04260554 0.03902972 0.035743   0.03272334 0.02995017
 0.02740441]",60
2301,313202,313202,6,[1.       1.8      2.43     2.916    3.2805   3.54294  3.720087],6
2302,35102,35102,6,[1.       1.8      2.43     2.916    3.2805   3.54294  3.720087],6
2303,120451,120451,6,[1.       1.8      2.43     2.916    3.2805   3.54294  3.720087],6
2304,78897,78897,6,[1.       1.8      2.43     2.916    3.2805   3.54294  3.720087],6
2305,102619,102619,9,"[1.         1.8        2.43       2.916      3.2805     3.54294
 3.720087   3.8263752  3.87420489]",8
2306,218788,218788,9,"[1.         1.8        2.43       2.916      3.2805     3.54294
 3.720087   3.8263752  3.87420489]",8
2307,23244,23244,1,[1.  1.8],1
2308,272815,272815,3,[0.29411765 0.52941176 0.71470588 0.85764706],3
2309,25768,25768,30,"[0.25       0.45       0.6075     0.729      0.820125   0.885735
 0.93002175 0.9565938  0.96855122 0.96855122 0.95886571 0.94143179
 0.91789599 0.88965304 0.85787972 0.82356453 0.78753358 0.75047318
 0.71294952 0.67542586 0.63827744 0.60180444 0.56624327 0.53177629
 0.49854027 0.46663369 0.43612303 0.40704816 0.37942703 0.35325965
 0.32853148]",30
2310,49907,49907,1,[1.  1.8],1
2311,281160,281160,60,"[0.25       0.45       0.6075     0.729      0.820125   0.885735
 0.93002175 0.9565938  0.96855122 0.96855122 0.95886571 0.94143179
 0.91789599 0.88965304 0.85787972 0.82356453 0.78753358 0.75047318
 0.71294952 0.67542586 0.63827744 0.60180444 0.56624327 0.53177629
 0.49854027 0.46663369 0.43612303 0.40704816 0.37942703 0.35325965
 0.32853148 0.30521634 0.28327892 0.26267681 0.24336234 0.225284
 0.2083877  0.19261782 0.17791804 0.16423203 0.15150405 0.13967934
 0.12870454 0.1185279  0.10909954 0.10037158 0.09229821 0.08483581
 0.0779429  0.07158021 0.06571063 0.06029917 0.05531289 0.05072088
 0.04649414 0.04260554 0.03902972 0.035743   0.03272334 0.02995017
 0.02740441]",60
2312,58979,58979,6,[1.       1.8      2.43     2.916    3.2805   3.54294  3.720087],6
2313,273094,273094,3,[0.29411765 0.52941176 0.71470588 0.85764706],3
2314,167838,167838,1,[1.  1.8],1
2315,194239,194239,30,"[0.25       0.45       0.6075     0.729      0.820125   0.885735
 0.93002175 0.9565938  0.96855122 0.96855122 0.95886571 0.94143179
 0.91789599 0.88965304 0.85787972 0.82356453 0.78753358 0.75047318
 0.71294952 0.67542586 0.63827744 0.60180444 0.56624327 0.53177629
 0.49854027 0.46663369 0.43612303 0.40704816 0.37942703 0.35325965
 0.32853148]",30
2316,103200,103200,60,"[0.25       0.45       0.6075     0.729      0.820125   0.885735
 0.93002175 0.9565938  0.96855122 0.96855122 0.95886571 0.94143179
 0.91789599 0.88965304 0.85787972 0.82356453 0.78753358 0.75047318
 0.71294952 0.67542586 0.63827744 0.60180444 0.56624327 0.53177629
 0.49854027 0.46663369 0.43612303 0.40704816 0.37942703 0.35325965
 0.32853148 0.30521634 0.28327892 0.26267681 0.24336234 0.225284
 0.2083877  0.19261782 0.17791804 0.16423203 0.15150405 0.13967934
 0.12870454 0.1185279  0.10909954 0.10037158 0.09229821 0.08483581
 0.0779429  0.07158021 0.06571063 0.06029917 0.05531289 0.05072088
 0.04649414 0.04260554 0.03902972 0.035743   0.03272334 0.02995017
 0.02740441]",60
2317,87477,87477,60,"[0.25       0.45       0.6075     0.729      0.820125   0.885735
 0.93002175 0.9565938  0.96855122 0.96855122 0.95886571 0.94143179
 0.91789599 0.88965304 0.85787972 0.82356453 0.78753358 0.75047318
 0.71294952 0.67542586 0.63827744 0.60180444 0.56624327 0.53177629
 0.49854027 0.46663369 0.43612303 0.40704816 0.37942703 0.35325965
 0.32853148 0.30521634 0.28327892 0.26267681 0.24336234 0.225284
 0.2083877  0.19261782 0.17791804 0.16423203 0.15150405 0.13967934
 0.12870454 0.1185279  0.10909954 0.10037158 0.09229821 0.08483581
 0.0779429  0.07158021 0.06571063 0.06029917 0.05531289 0.05072088
 0.04649414 0.04260554 0.03902972 0.035743   0.03272334 0.02995017
 0.02740441]",60
2318,313202,313202,1,[1.  1.8],1
2319,115558,115558,3,[0.29411765 0.52941176 0.71470588 0.85764706],3
2320,185142,185142,9,"[1.         1.8        2.43       2.916      3.2805     3.54294
 3.720087   3.8263752  3.87420489]",8
2321,215307,215307,6,[1.       1.8      2.43     2.916    3.2805   3.54294  3.720087],6
2322,309570,309570,9,"[1.         1.8        2.43       2.916      3.2805     3.54294
 3.720087   3.8263752  3.87420489]",8
2323,164279,164279,30,"[0.25       0.45       0.6075     0.729      0.820125   0.885735
 0.93002175 0.9565938  0.96855122 0.96855122 0.95886571 0.94143179
 0.91789599 0.88965304 0.85787972 0.82356453 0.78753358 0.75047318
 0.71294952 0.67542586 0.63827744 0.60180444 0.56624327 0.53177629
 0.49854027 0.46663369 0.43612303 0.40704816 0.37942703 0.35325965
 0.32853148]",30
2324,204268,204268,60,"[0.25       0.45       0.6075     0.729      0.820125   0.885735
 0.93002175 0.9565938  0.96855122 0.96855122 0.95886571 0.94143179
 0.91789599 0.88965304 0.85787972 0.82356453 0.78753358 0.75047318
 0.71294952 0.67542586 0.63827744 0.60180444 0.56624327 0.53177629
 0.49854027 0.46663369 0.43612303 0.40704816 0.37942703 0.35325965
 0.32853148 0.30521634 0.28327892 0.26267681 0.24336234 0.225284
 0.2083877  0.19261782 0.17791804 0.16423203 0.15150405 0.13967934
 0.12870454 0.1185279  0.10909954 0.10037158 0.09229821 0.08483581
 0.0779429  0.07158021 0.06571063 0.06029917 0.05531289 0.05072088
 0.04649414 0.04260554 0.03902972 0.035743   0.03272334 0.02995017
 0.02740441]",60
2325,110377,110377,60,"[0.25       0.45       0.6075     0.729      0.820125   0.885735
 0.93002175 0.9565938  0.96855122 0.96855122 0.95886571 0.94143179
 0.91789599 0.88965304 0.85787972 0.82356453 0.78753358 0.75047318
 0.71294952 0.67542586 0.63827744 0.60180444 0.56624327 0.53177629
 0.49854027 0.46663369 0.43612303 0.40704816 0.37942703 0.35325965
 0.32853148 0.30521634 0.28327892 0.26267681 0.24336234 0.225284
 0.2083877  0.19261782 0.17791804 0.16423203 0.15150405 0.13967934
 0.12870454 0.1185279  0.10909954 0.10037158 0.09229821 0.08483581
 0.0779429  0.07158021 0.06571063 0.06029917 0.05531289 0.05072088
 0.04649414 0.04260554 0.03902972 0.035743   0.03272334 0.02995017
 0.02740441]",60
2326,266034,266034,6,[1.       1.8      2.43     2.916    3.2805   3.54294  3.720087],6
2327,298913,298913,6,[1.       1.8      2.43     2.916    3.2805   3.54294  3.720087],6
2328,322443,322443,30,"[0.25       0.45       0.6075     0.729      0.820125   0.885735
 0.93002175 0.9565938  0.96855122 0.96855122 0.95886571 0.94143179
 0.91789599 0.88965304 0.85787972 0.82356453 0.78753358 0.75047318
 0.71294952 0.67542586 0.63827744 0.60180444 0.56624327 0.53177629
 0.49854027 0.46663369 0.43612303 0.40704816 0.37942703 0.35325965
 0.32853148]",30
2329,46522,46522,1,[1.  1.8],1
2330,256820,256820,1,[1.  1.8],1
2331,183954,183954,3,[0.29411765 0.52941176 0.71470588 0.85764706],3
2332,255513,255513,9,"[1.         1.8        2.43       2.916      3.2805     3.54294
 3.720087   3.8263752  3.87420489]",8
2333,21320,21320,60,"[0.25       0.45       0.6075     0.729      0.820125   0.885735
 0.93002175 0.9565938  0.96855122 0.96855122 0.95886571 0.94143179
 0.91789599 0.88965304 0.85787972 0.82356453 0.78753358 0.75047318
 0.71294952 0.67542586 0.63827744 0.60180444 0.56624327 0.53177629
 0.49854027 0.46663369 0.43612303 0.40704816 0.37942703 0.35325965
 0.32853148 0.30521634 0.28327892 0.26267681 0.24336234 0.225284
 0.2083877  0.19261782 0.17791804 0.16423203 0.15150405 0.13967934
 0.12870454 0.1185279  0.10909954 0.10037158 0.09229821 0.08483581
 0.0779429  0.07158021 0.06571063 0.06029917 0.05531289 0.05072088
 0.04649414 0.04260554 0.03902972 0.035743   0.03272334 0.02995017
 0.02740441]",60
2334,211896,211896,1,[1.  1.8],1
2335,200738,200738,60,"[0.25       0.45       0.6075     0.729      0.820125   0.885735
 0.93002175 0.9565938  0.96855122 0.96855122 0.95886571 0.94143179
 0.91789599 0.88965304 0.85787972 0.82356453 0.78753358 0.75047318
 0.71294952 0.67542586 0.63827744 0.60180444 0.56624327 0.53177629
 0.49854027 0.46663369 0.43612303 0.40704816 0.37942703 0.35325965
 0.32853148 0.30521634 0.28327892 0.26267681 0.24336234 0.225284
 0.2083877  0.19261782 0.17791804 0.16423203 0.15150405 0.13967934
 0.12870454 0.1185279  0.10909954 0.10037158 0.09229821 0.08483581
 0.0779429  0.07158021 0.06571063 0.06029917 0.05531289 0.05072088
 0.04649414 0.04260554 0.03902972 0.035743   0.03272334 0.02995017
 0.02740441]",60
2336,323535,323535,9,"[1.         1.8        2.43       2.916      3.2805     3.54294
 3.720087   3.8263752  3.87420489]",8
2337,88025,88025,3,[0.29411765 0.52941176 0.71470588 0.85764706],3
2338,257547,257547,60,"[0.25       0.45       0.6075     0.729      0.820125   0.885735
 0.93002175 0.9565938  0.96855122 0.96855122 0.95886571 0.94143179
 0.91789599 0.88965304 0.85787972 0.82356453 0.78753358 0.75047318
 0.71294952 0.67542586 0.63827744 0.60180444 0.56624327 0.53177629
 0.49854027 0.46663369 0.43612303 0.40704816 0.37942703 0.35325965
 0.32853148 0.30521634 0.28327892 0.26267681 0.24336234 0.225284
 0.2083877  0.19261782 0.17791804 0.16423203 0.15150405 0.13967934
 0.12870454 0.1185279  0.10909954 0.10037158 0.09229821 0.08483581
 0.0779429  0.07158021 0.06571063 0.06029917 0.05531289 0.05072088
 0.04649414 0.04260554 0.03902972 0.035743   0.03272334 0.02995017
 0.02740441]",60
2339,35521,35521,30,"[0.25       0.45       0.6075     0.729      0.820125   0.885735
 0.93002175 0.9565938  0.96855122 0.96855122 0.95886571 0.94143179
 0.91789599 0.88965304 0.85787972 0.82356453 0.78753358 0.75047318
 0.71294952 0.67542586 0.63827744 0.60180444 0.56624327 0.53177629
 0.49854027 0.46663369 0.43612303 0.40704816 0.37942703 0.35325965
 0.32853148]",30
2340,84852,84852,30,"[0.25       0.45       0.6075     0.729      0.820125   0.885735
 0.93002175 0.9565938  0.96855122 0.96855122 0.95886571 0.94143179
 0.91789599 0.88965304 0.85787972 0.82356453 0.78753358 0.75047318
 0.71294952 0.67542586 0.63827744 0.60180444 0.56624327 0.53177629
 0.49854027 0.46663369 0.43612303 0.40704816 0.37942703 0.35325965
 0.32853148]",30
2341,265061,265061,3,[0.29411765 0.52941176 0.71470588 0.85764706],3
2342,182396,182396,60,"[0.25       0.45       0.6075     0.729      0.820125   0.885735
 0.93002175 0.9565938  0.96855122 0.96855122 0.95886571 0.94143179
 0.91789599 0.88965304 0.85787972 0.82356453 0.78753358 0.75047318
 0.71294952 0.67542586 0.63827744 0.60180444 0.56624327 0.53177629
 0.49854027 0.46663369 0.43612303 0.40704816 0.37942703 0.35325965
 0.32853148 0.30521634 0.28327892 0.26267681 0.24336234 0.225284
 0.2083877  0.19261782 0.17791804 0.16423203 0.15150405 0.13967934
 0.12870454 0.1185279  0.10909954 0.10037158 0.09229821 0.08483581
 0.0779429  0.07158021 0.06571063 0.06029917 0.05531289 0.05072088
 0.04649414 0.04260554 0.03902972 0.035743   0.03272334 0.02995017
 0.02740441]",60
2343,268442,268442,30,"[0.25       0.45       0.6075     0.729      0.820125   0.885735
 0.93002175 0.9565938  0.96855122 0.96855122 0.95886571 0.94143179
 0.91789599 0.88965304 0.85787972 0.82356453 0.78753358 0.75047318
 0.71294952 0.67542586 0.63827744 0.60180444 0.56624327 0.53177629
 0.49854027 0.46663369 0.43612303 0.40704816 0.37942703 0.35325965
 0.32853148]",30
2344,183137,183137,30,"[0.25       0.45       0.6075     0.729      0.820125   0.885735
 0.93002175 0.9565938  0.96855122 0.96855122 0.95886571 0.94143179
 0.91789599 0.88965304 0.85787972 0.82356453 0.78753358 0.75047318
 0.71294952 0.67542586 0.63827744 0.60180444 0.56624327 0.53177629
 0.49854027 0.46663369 0.43612303 0.40704816 0.37942703 0.35325965
 0.32853148]",30
2345,155470,155470,6,[1.       1.8      2.43     2.916    3.2805   3.54294  3.720087],6
2346,157431,157431,6,[1.       1.8      2.43     2.916    3.2805   3.54294  3.720087],6
2347,50461,50461,60,"[0.25       0.45       0.6075     0.729      0.820125   0.885735
 0.93002175 0.9565938  0.96855122 0.96855122 0.95886571 0.94143179
 0.91789599 0.88965304 0.85787972 0.82356453 0.78753358 0.75047318
 0.71294952 0.67542586 0.63827744 0.60180444 0.56624327 0.53177629
 0.49854027 0.46663369 0.43612303 0.40704816 0.37942703 0.35325965
 0.32853148 0.30521634 0.28327892 0.26267681 0.24336234 0.225284
 0.2083877  0.19261782 0.17791804 0.16423203 0.15150405 0.13967934
 0.12870454 0.1185279  0.10909954 0.10037158 0.09229821 0.08483581
 0.0779429  0.07158021 0.06571063 0.06029917 0.05531289 0.05072088
 0.04649414 0.04260554 0.03902972 0.035743   0.03272334 0.02995017
 0.02740441]",60
2348,226514,226514,1,[1.  1.8],1
2349,300865,300865,6,[1.       1.8      2.43     2.916    3.2805   3.54294  3.720087],6
2350,280341,280341,1,[1.  1.8],1
2351,26859,26859,60,"[0.25       0.45       0.6075     0.729      0.820125   0.885735
 0.93002175 0.9565938  0.96855122 0.96855122 0.95886571 0.94143179
 0.91789599 0.88965304 0.85787972 0.82356453 0.78753358 0.75047318
 0.71294952 0.67542586 0.63827744 0.60180444 0.56624327 0.53177629
 0.49854027 0.46663369 0.43612303 0.40704816 0.37942703 0.35325965
 0.32853148 0.30521634 0.28327892 0.26267681 0.24336234 0.225284
 0.2083877  0.19261782 0.17791804 0.16423203 0.15150405 0.13967934
 0.12870454 0.1185279  0.10909954 0.10037158 0.09229821 0.08483581
 0.0779429  0.07158021 0.06571063 0.06029917 0.05531289 0.05072088
 0.04649414 0.04260554 0.03902972 0.035743   0.03272334 0.02995017
 0.02740441]",60
2352,96197,96197,3,[0.29411765 0.52941176 0.71470588 0.85764706],3
2353,160195,160195,1,[1.  1.8],1
2354,245820,245820,9,"[1.         1.8        2.43       2.916      3.2805     3.54294
 3.720087   3.8263752  3.87420489]",8
2355,142691,142691,6,[1.       1.8      2.43     2.916    3.2805   3.54294  3.720087],6
2356,73199,73199,3,[0.29411765 0.52941176 0.71470588 0.85764706],3
2357,147892,147892,3,[0.29411765 0.52941176 0.71470588 0.85764706],3
2358,92796,92796,9,"[1.         1.8        2.43       2.916      3.2805     3.54294
 3.720087   3.8263752  3.87420489]",8
2359,85139,85139,1,[1.  1.8],1
2360,117240,117240,1,[1.  1.8],1
2361,54252,54252,9,"[1.         1.8        2.43       2.916      3.2805     3.54294
 3.720087   3.8263752  3.87420489]",8
2362,260374,260374,9,"[1.         1.8        2.43       2.916      3.2805     3.54294
 3.720087   3.8263752  3.87420489]",8
2363,189742,189742,6,[1.       1.8      2.43     2.916    3.2805   3.54294  3.720087],6
2364,164136,164136,6,[1.       1.8      2.43     2.916    3.2805   3.54294  3.720087],6
2365,188952,188952,1,[1.  1.8],1
2366,319809,319809,3,[0.29411765 0.52941176 0.71470588 0.85764706],3
2367,96697,96697,3,[0.29411765 0.52941176 0.71470588 0.85764706],3
2368,183521,183521,30,"[0.25       0.45       0.6075     0.729      0.820125   0.885735
 0.93002175 0.9565938  0.96855122 0.96855122 0.95886571 0.94143179
 0.91789599 0.88965304 0.85787972 0.82356453 0.78753358 0.75047318
 0.71294952 0.67542586 0.63827744 0.60180444 0.56624327 0.53177629
 0.49854027 0.46663369 0.43612303 0.40704816 0.37942703 0.35325965
 0.32853148]",30
2369,177338,177338,60,"[0.25       0.45       0.6075     0.729      0.820125   0.885735
 0.93002175 0.9565938  0.96855122 0.96855122 0.95886571 0.94143179
 0.91789599 0.88965304 0.85787972 0.82356453 0.78753358 0.75047318
 0.71294952 0.67542586 0.63827744 0.60180444 0.56624327 0.53177629
 0.49854027 0.46663369 0.43612303 0.40704816 0.37942703 0.35325965
 0.32853148 0.30521634 0.28327892 0.26267681 0.24336234 0.225284
 0.2083877  0.19261782 0.17791804 0.16423203 0.15150405 0.13967934
 0.12870454 0.1185279  0.10909954 0.10037158 0.09229821 0.08483581
 0.0779429  0.07158021 0.06571063 0.06029917 0.05531289 0.05072088
 0.04649414 0.04260554 0.03902972 0.035743   0.03272334 0.02995017
 0.02740441]",60
2370,184620,184620,1,[1.  1.8],1
2371,194149,194149,30,"[0.25       0.45       0.6075     0.729      0.820125   0.885735
 0.93002175 0.9565938  0.96855122 0.96855122 0.95886571 0.94143179
 0.91789599 0.88965304 0.85787972 0.82356453 0.78753358 0.75047318
 0.71294952 0.67542586 0.63827744 0.60180444 0.56624327 0.53177629
 0.49854027 0.46663369 0.43612303 0.40704816 0.37942703 0.35325965
 0.32853148]",30
2372,8679,8679,6,[1.       1.8      2.43     2.916    3.2805   3.54294  3.720087],6
2373,170494,170494,6,[1.       1.8      2.43     2.916    3.2805   3.54294  3.720087],6
2374,142130,142130,30,"[0.25       0.45       0.6075     0.729      0.820125   0.885735
 0.93002175 0.9565938  0.96855122 0.96855122 0.95886571 0.94143179
 0.91789599 0.88965304 0.85787972 0.82356453 0.78753358 0.75047318
 0.71294952 0.67542586 0.63827744 0.60180444 0.56624327 0.53177629
 0.49854027 0.46663369 0.43612303 0.40704816 0.37942703 0.35325965
 0.32853148]",30
2375,93417,93417,9,"[1.         1.8        2.43       2.916      3.2805     3.54294
 3.720087   3.8263752  3.87420489]",8
2376,183862,183862,1,[1.  1.8],1
2377,128305,128305,3,[0.29411765 0.52941176 0.71470588 0.85764706],3
2378,228221,228221,3,[0.29411765 0.52941176 0.71470588 0.85764706],3
2379,344434,344434,6,[1.       1.8      2.43     2.916    3.2805   3.54294  3.720087],6
2380,182743,182743,60,"[0.25       0.45       0.6075     0.729      0.820125   0.885735
 0.93002175 0.9565938  0.96855122 0.96855122 0.95886571 0.94143179
 0.91789599 0.88965304 0.85787972 0.82356453 0.78753358 0.75047318
 0.71294952 0.67542586 0.63827744 0.60180444 0.56624327 0.53177629
 0.49854027 0.46663369 0.43612303 0.40704816 0.37942703 0.35325965
 0.32853148 0.30521634 0.28327892 0.26267681 0.24336234 0.225284
 0.2083877  0.19261782 0.17791804 0.16423203 0.15150405 0.13967934
 0.12870454 0.1185279  0.10909954 0.10037158 0.09229821 0.08483581
 0.0779429  0.07158021 0.06571063 0.06029917 0.05531289 0.05072088
 0.04649414 0.04260554 0.03902972 0.035743   0.03272334 0.02995017
 0.02740441]",60
2381,169455,169455,30,"[0.25       0.45       0.6075     0.729      0.820125   0.885735
 0.93002175 0.9565938  0.96855122 0.96855122 0.95886571 0.94143179
 0.91789599 0.88965304 0.85787972 0.82356453 0.78753358 0.75047318
 0.71294952 0.67542586 0.63827744 0.60180444 0.56624327 0.53177629
 0.49854027 0.46663369 0.43612303 0.40704816 0.37942703 0.35325965
 0.32853148]",30
2382,229665,229665,1,[1.  1.8],1
2383,127340,127340,1,[1.  1.8],1
2384,221802,221802,30,"[0.25       0.45       0.6075     0.729      0.820125   0.885735
 0.93002175 0.9565938  0.96855122 0.96855122 0.95886571 0.94143179
 0.91789599 0.88965304 0.85787972 0.82356453 0.78753358 0.75047318
 0.71294952 0.67542586 0.63827744 0.60180444 0.56624327 0.53177629
 0.49854027 0.46663369 0.43612303 0.40704816 0.37942703 0.35325965
 0.32853148]",30
2385,312387,312387,6,[1.       1.8      2.43     2.916    3.2805   3.54294  3.720087],6
2386,288678,288678,6,[1.       1.8      2.43     2.916    3.2805   3.54294  3.720087],6
2387,266173,266173,9,"[1.         1.8        2.43       2.916      3.2805     3.54294
 3.720087   3.8263752  3.87420489]",8
2388,20437,20437,3,[0.29411765 0.52941176 0.71470588 0.85764706],3
2389,300643,300643,60,"[0.25       0.45       0.6075     0.729      0.820125   0.885735
 0.93002175 0.9565938  0.96855122 0.96855122 0.95886571 0.94143179
 0.91789599 0.88965304 0.85787972 0.82356453 0.78753358 0.75047318
 0.71294952 0.67542586 0.63827744 0.60180444 0.56624327 0.53177629
 0.49854027 0.46663369 0.43612303 0.40704816 0.37942703 0.35325965
 0.32853148 0.30521634 0.28327892 0.26267681 0.24336234 0.225284
 0.2083877  0.19261782 0.17791804 0.16423203 0.15150405 0.13967934
 0.12870454 0.1185279  0.10909954 0.10037158 0.09229821 0.08483581
 0.0779429  0.07158021 0.06571063 0.06029917 0.05531289 0.05072088
 0.04649414 0.04260554 0.03902972 0.035743   0.03272334 0.02995017
 0.02740441]",60
2390,317477,317477,1,[1.  1.8],1
2391,284410,284410,3,[0.29411765 0.52941176 0.71470588 0.85764706],3
2392,342699,342699,60,"[0.25       0.45       0.6075     0.729      0.820125   0.885735
 0.93002175 0.9565938  0.96855122 0.96855122 0.95886571 0.94143179
 0.91789599 0.88965304 0.85787972 0.82356453 0.78753358 0.75047318
 0.71294952 0.67542586 0.63827744 0.60180444 0.56624327 0.53177629
 0.49854027 0.46663369 0.43612303 0.40704816 0.37942703 0.35325965
 0.32853148 0.30521634 0.28327892 0.26267681 0.24336234 0.225284
 0.2083877  0.19261782 0.17791804 0.16423203 0.15150405 0.13967934
 0.12870454 0.1185279  0.10909954 0.10037158 0.09229821 0.08483581
 0.0779429  0.07158021 0.06571063 0.06029917 0.05531289 0.05072088
 0.04649414 0.04260554 0.03902972 0.035743   0.03272334 0.02995017
 0.02740441]",60
2393,296443,296443,30,"[0.25       0.45       0.6075     0.729      0.820125   0.885735
 0.93002175 0.9565938  0.96855122 0.96855122 0.95886571 0.94143179
 0.91789599 0.88965304 0.85787972 0.82356453 0.78753358 0.75047318
 0.71294952 0.67542586 0.63827744 0.60180444 0.56624327 0.53177629
 0.49854027 0.46663369 0.43612303 0.40704816 0.37942703 0.35325965
 0.32853148]",30
2394,146949,146949,6,[1.       1.8      2.43     2.916    3.2805   3.54294  3.720087],6
2395,290498,290498,9,"[1.         1.8        2.43       2.916      3.2805     3.54294
 3.720087   3.8263752  3.87420489]",8
2396,9463,9463,9,"[1.         1.8        2.43       2.916      3.2805     3.54294
 3.720087   3.8263752  3.87420489]",8
2397,28328,28328,3,[0.29411765 0.52941176 0.71470588 0.85764706],3
2398,344184,344184,6,[1.       1.8      2.43     2.916    3.2805   3.54294  3.720087],6
2399,86929,86929,6,[1.       1.8      2.43     2.916    3.2805   3.54294  3.720087],6
2400,108982,108982,6,[1.       1.8      2.43     2.916    3.2805   3.54294  3.720087],6
2401,190048,190048,6,[1.       1.8      2.43     2.916    3.2805   3.54294  3.720087],6
2402,106894,106894,1,[1.  1.8],1
2403,206575,206575,3,[0.29411765 0.52941176 0.71470588 0.85764706],3
2404,199516,199516,30,"[0.25       0.45       0.6075     0.729      0.820125   0.885735
 0.93002175 0.9565938  0.96855122 0.96855122 0.95886571 0.94143179
 0.91789599 0.88965304 0.85787972 0.82356453 0.78753358 0.75047318
 0.71294952 0.67542586 0.63827744 0.60180444 0.56624327 0.53177629
 0.49854027 0.46663369 0.43612303 0.40704816 0.37942703 0.35325965
 0.32853148]",30
2405,215757,215757,1,[1.  1.8],1
2406,202732,202732,60,"[0.25       0.45       0.6075     0.729      0.820125   0.885735
 0.93002175 0.9565938  0.96855122 0.96855122 0.95886571 0.94143179
 0.91789599 0.88965304 0.85787972 0.82356453 0.78753358 0.75047318
 0.71294952 0.67542586 0.63827744 0.60180444 0.56624327 0.53177629
 0.49854027 0.46663369 0.43612303 0.40704816 0.37942703 0.35325965
 0.32853148 0.30521634 0.28327892 0.26267681 0.24336234 0.225284
 0.2083877  0.19261782 0.17791804 0.16423203 0.15150405 0.13967934
 0.12870454 0.1185279  0.10909954 0.10037158 0.09229821 0.08483581
 0.0779429  0.07158021 0.06571063 0.06029917 0.05531289 0.05072088
 0.04649414 0.04260554 0.03902972 0.035743   0.03272334 0.02995017
 0.02740441]",60
2407,131003,131003,6,[1.       1.8      2.43     2.916    3.2805   3.54294  3.720087],6
2408,227572,227572,1,[1.  1.8],1
2409,297449,297449,9,"[1.         1.8        2.43       2.916      3.2805     3.54294
 3.720087   3.8263752  3.87420489]",8
2410,321016,321016,9,"[1.         1.8        2.43       2.916      3.2805     3.54294
 3.720087   3.8263752  3.87420489]",8
2411,88772,88772,60,"[0.25       0.45       0.6075     0.729      0.820125   0.885735
 0.93002175 0.9565938  0.96855122 0.96855122 0.95886571 0.94143179
 0.91789599 0.88965304 0.85787972 0.82356453 0.78753358 0.75047318
 0.71294952 0.67542586 0.63827744 0.60180444 0.56624327 0.53177629
 0.49854027 0.46663369 0.43612303 0.40704816 0.37942703 0.35325965
 0.32853148 0.30521634 0.28327892 0.26267681 0.24336234 0.225284
 0.2083877  0.19261782 0.17791804 0.16423203 0.15150405 0.13967934
 0.12870454 0.1185279  0.10909954 0.10037158 0.09229821 0.08483581
 0.0779429  0.07158021 0.06571063 0.06029917 0.05531289 0.05072088
 0.04649414 0.04260554 0.03902972 0.035743   0.03272334 0.02995017
 0.02740441]",60
2412,27590,27590,30,"[0.25       0.45       0.6075     0.729      0.820125   0.885735
 0.93002175 0.9565938  0.96855122 0.96855122 0.95886571 0.94143179
 0.91789599 0.88965304 0.85787972 0.82356453 0.78753358 0.75047318
 0.71294952 0.67542586 0.63827744 0.60180444 0.56624327 0.53177629
 0.49854027 0.46663369 0.43612303 0.40704816 0.37942703 0.35325965
 0.32853148]",30
2413,333494,333494,60,"[0.25       0.45       0.6075     0.729      0.820125   0.885735
 0.93002175 0.9565938  0.96855122 0.96855122 0.95886571 0.94143179
 0.91789599 0.88965304 0.85787972 0.82356453 0.78753358 0.75047318
 0.71294952 0.67542586 0.63827744 0.60180444 0.56624327 0.53177629
 0.49854027 0.46663369 0.43612303 0.40704816 0.37942703 0.35325965
 0.32853148 0.30521634 0.28327892 0.26267681 0.24336234 0.225284
 0.2083877  0.19261782 0.17791804 0.16423203 0.15150405 0.13967934
 0.12870454 0.1185279  0.10909954 0.10037158 0.09229821 0.08483581
 0.0779429  0.07158021 0.06571063 0.06029917 0.05531289 0.05072088
 0.04649414 0.04260554 0.03902972 0.035743   0.03272334 0.02995017
 0.02740441]",60
2414,55497,55497,3,[0.29411765 0.52941176 0.71470588 0.85764706],3
2415,276845,276845,9,"[1.         1.8        2.43       2.916      3.2805     3.54294
 3.720087   3.8263752  3.87420489]",8
2416,131082,131082,30,"[0.25       0.45       0.6075     0.729      0.820125   0.885735
 0.93002175 0.9565938  0.96855122 0.96855122 0.95886571 0.94143179
 0.91789599 0.88965304 0.85787972 0.82356453 0.78753358 0.75047318
 0.71294952 0.67542586 0.63827744 0.60180444 0.56624327 0.53177629
 0.49854027 0.46663369 0.43612303 0.40704816 0.37942703 0.35325965
 0.32853148]",30
2417,160489,160489,1,[1.  1.8],1
2418,4866,4866,30,"[0.25       0.45       0.6075     0.729      0.820125   0.885735
 0.93002175 0.9565938  0.96855122 0.96855122 0.95886571 0.94143179
 0.91789599 0.88965304 0.85787972 0.82356453 0.78753358 0.75047318
 0.71294952 0.67542586 0.63827744 0.60180444 0.56624327 0.53177629
 0.49854027 0.46663369 0.43612303 0.40704816 0.37942703 0.35325965
 0.32853148]",30
2419,129482,129482,60,"[0.25       0.45       0.6075     0.729      0.820125   0.885735
 0.93002175 0.9565938  0.96855122 0.96855122 0.95886571 0.94143179
 0.91789599 0.88965304 0.85787972 0.82356453 0.78753358 0.75047318
 0.71294952 0.67542586 0.63827744 0.60180444 0.56624327 0.53177629
 0.49854027 0.46663369 0.43612303 0.40704816 0.37942703 0.35325965
 0.32853148 0.30521634 0.28327892 0.26267681 0.24336234 0.225284
 0.2083877  0.19261782 0.17791804 0.16423203 0.15150405 0.13967934
 0.12870454 0.1185279  0.10909954 0.10037158 0.09229821 0.08483581
 0.0779429  0.07158021 0.06571063 0.06029917 0.05531289 0.05072088
 0.04649414 0.04260554 0.03902972 0.035743   0.03272334 0.02995017
 0.02740441]",60
2420,88848,88848,9,"[1.         1.8        2.43       2.916      3.2805     3.54294
 3.720087   3.8263752  3.87420489]",8
2421,153420,153420,30,"[0.25       0.45       0.6075     0.729      0.820125   0.885735
 0.93002175 0.9565938  0.96855122 0.96855122 0.95886571 0.94143179
 0.91789599 0.88965304 0.85787972 0.82356453 0.78753358 0.75047318
 0.71294952 0.67542586 0.63827744 0.60180444 0.56624327 0.53177629
 0.49854027 0.46663369 0.43612303 0.40704816 0.37942703 0.35325965
 0.32853148]",30
2422,70430,70430,3,[0.29411765 0.52941176 0.71470588 0.85764706],3
2423,83124,83124,9,"[1.         1.8        2.43       2.916      3.2805     3.54294
 3.720087   3.8263752  3.87420489]",8
2424,201442,201442,60,"[0.25       0.45       0.6075     0.729      0.820125   0.885735
 0.93002175 0.9565938  0.96855122 0.96855122 0.95886571 0.94143179
 0.91789599 0.88965304 0.85787972 0.82356453 0.78753358 0.75047318
 0.71294952 0.67542586 0.63827744 0.60180444 0.56624327 0.53177629
 0.49854027 0.46663369 0.43612303 0.40704816 0.37942703 0.35325965
 0.32853148 0.30521634 0.28327892 0.26267681 0.24336234 0.225284
 0.2083877  0.19261782 0.17791804 0.16423203 0.15150405 0.13967934
 0.12870454 0.1185279  0.10909954 0.10037158 0.09229821 0.08483581
 0.0779429  0.07158021 0.06571063 0.06029917 0.05531289 0.05072088
 0.04649414 0.04260554 0.03902972 0.035743   0.03272334 0.02995017
 0.02740441]",60
2425,92362,92362,60,"[0.25       0.45       0.6075     0.729      0.820125   0.885735
 0.93002175 0.9565938  0.96855122 0.96855122 0.95886571 0.94143179
 0.91789599 0.88965304 0.85787972 0.82356453 0.78753358 0.75047318
 0.71294952 0.67542586 0.63827744 0.60180444 0.56624327 0.53177629
 0.49854027 0.46663369 0.43612303 0.40704816 0.37942703 0.35325965
 0.32853148 0.30521634 0.28327892 0.26267681 0.24336234 0.225284
 0.2083877  0.19261782 0.17791804 0.16423203 0.15150405 0.13967934
 0.12870454 0.1185279  0.10909954 0.10037158 0.09229821 0.08483581
 0.0779429  0.07158021 0.06571063 0.06029917 0.05531289 0.05072088
 0.04649414 0.04260554 0.03902972 0.035743   0.03272334 0.02995017
 0.02740441]",60
2426,211355,211355,3,[0.29411765 0.52941176 0.71470588 0.85764706],3
2427,172093,172093,9,"[1.         1.8        2.43       2.916      3.2805     3.54294
 3.720087   3.8263752  3.87420489]",8
2428,333586,333586,9,"[1.         1.8        2.43       2.916      3.2805     3.54294
 3.720087   3.8263752  3.87420489]",8
2429,280270,280270,3,[0.29411765 0.52941176 0.71470588 0.85764706],3
2430,336438,336438,60,"[0.25       0.45       0.6075     0.729      0.820125   0.885735
 0.93002175 0.9565938  0.96855122 0.96855122 0.95886571 0.94143179
 0.91789599 0.88965304 0.85787972 0.82356453 0.78753358 0.75047318
 0.71294952 0.67542586 0.63827744 0.60180444 0.56624327 0.53177629
 0.49854027 0.46663369 0.43612303 0.40704816 0.37942703 0.35325965
 0.32853148 0.30521634 0.28327892 0.26267681 0.24336234 0.225284
 0.2083877  0.19261782 0.17791804 0.16423203 0.15150405 0.13967934
 0.12870454 0.1185279  0.10909954 0.10037158 0.09229821 0.08483581
 0.0779429  0.07158021 0.06571063 0.06029917 0.05531289 0.05072088
 0.04649414 0.04260554 0.03902972 0.035743   0.03272334 0.02995017
 0.02740441]",60
2431,268049,268049,3,[0.29411765 0.52941176 0.71470588 0.85764706],3
2432,146291,146291,3,[0.29411765 0.52941176 0.71470588 0.85764706],3
2433,184574,184574,30,"[0.25       0.45       0.6075     0.729      0.820125   0.885735
 0.93002175 0.9565938  0.96855122 0.96855122 0.95886571 0.94143179
 0.91789599 0.88965304 0.85787972 0.82356453 0.78753358 0.75047318
 0.71294952 0.67542586 0.63827744 0.60180444 0.56624327 0.53177629
 0.49854027 0.46663369 0.43612303 0.40704816 0.37942703 0.35325965
 0.32853148]",30
2434,332121,332121,6,[1.       1.8      2.43     2.916    3.2805   3.54294  3.720087],6
2435,60385,60385,9,"[1.         1.8        2.43       2.916      3.2805     3.54294
 3.720087   3.8263752  3.87420489]",8
2436,258068,258068,1,[1.  1.8],1
2437,223663,223663,9,"[1.         1.8        2.43       2.916      3.2805     3.54294
 3.720087   3.8263752  3.87420489]",8
2438,324692,324692,30,"[0.25       0.45       0.6075     0.729      0.820125   0.885735
 0.93002175 0.9565938  0.96855122 0.96855122 0.95886571 0.94143179
 0.91789599 0.88965304 0.85787972 0.82356453 0.78753358 0.75047318
 0.71294952 0.67542586 0.63827744 0.60180444 0.56624327 0.53177629
 0.49854027 0.46663369 0.43612303 0.40704816 0.37942703 0.35325965
 0.32853148]",30
2439,261013,261013,6,[1.       1.8      2.43     2.916    3.2805   3.54294  3.720087],6
2440,278526,278526,60,"[0.25       0.45       0.6075     0.729      0.820125   0.885735
 0.93002175 0.9565938  0.96855122 0.96855122 0.95886571 0.94143179
 0.91789599 0.88965304 0.85787972 0.82356453 0.78753358 0.75047318
 0.71294952 0.67542586 0.63827744 0.60180444 0.56624327 0.53177629
 0.49854027 0.46663369 0.43612303 0.40704816 0.37942703 0.35325965
 0.32853148 0.30521634 0.28327892 0.26267681 0.24336234 0.225284
 0.2083877  0.19261782 0.17791804 0.16423203 0.15150405 0.13967934
 0.12870454 0.1185279  0.10909954 0.10037158 0.09229821 0.08483581
 0.0779429  0.07158021 0.06571063 0.06029917 0.05531289 0.05072088
 0.04649414 0.04260554 0.03902972 0.035743   0.03272334 0.02995017
 0.02740441]",60
2441,24823,24823,30,"[0.25       0.45       0.6075     0.729      0.820125   0.885735
 0.93002175 0.9565938  0.96855122 0.96855122 0.95886571 0.94143179
 0.91789599 0.88965304 0.85787972 0.82356453 0.78753358 0.75047318
 0.71294952 0.67542586 0.63827744 0.60180444 0.56624327 0.53177629
 0.49854027 0.46663369 0.43612303 0.40704816 0.37942703 0.35325965
 0.32853148]",30
2442,290445,290445,60,"[0.25       0.45       0.6075     0.729      0.820125   0.885735
 0.93002175 0.9565938  0.96855122 0.96855122 0.95886571 0.94143179
 0.91789599 0.88965304 0.85787972 0.82356453 0.78753358 0.75047318
 0.71294952 0.67542586 0.63827744 0.60180444 0.56624327 0.53177629
 0.49854027 0.46663369 0.43612303 0.40704816 0.37942703 0.35325965
 0.32853148 0.30521634 0.28327892 0.26267681 0.24336234 0.225284
 0.2083877  0.19261782 0.17791804 0.16423203 0.15150405 0.13967934
 0.12870454 0.1185279  0.10909954 0.10037158 0.09229821 0.08483581
 0.0779429  0.07158021 0.06571063 0.06029917 0.05531289 0.05072088
 0.04649414 0.04260554 0.03902972 0.035743   0.03272334 0.02995017
 0.02740441]",60
2443,81553,81553,1,[1.  1.8],1
2444,186447,186447,60,"[0.25       0.45       0.6075     0.729      0.820125   0.885735
 0.93002175 0.9565938  0.96855122 0.96855122 0.95886571 0.94143179
 0.91789599 0.88965304 0.85787972 0.82356453 0.78753358 0.75047318
 0.71294952 0.67542586 0.63827744 0.60180444 0.56624327 0.53177629
 0.49854027 0.46663369 0.43612303 0.40704816 0.37942703 0.35325965
 0.32853148 0.30521634 0.28327892 0.26267681 0.24336234 0.225284
 0.2083877  0.19261782 0.17791804 0.16423203 0.15150405 0.13967934
 0.12870454 0.1185279  0.10909954 0.10037158 0.09229821 0.08483581
 0.0779429  0.07158021 0.06571063 0.06029917 0.05531289 0.05072088
 0.04649414 0.04260554 0.03902972 0.035743   0.03272334 0.02995017
 0.02740441]",60
2445,291529,291529,30,"[0.25       0.45       0.6075     0.729      0.820125   0.885735
 0.93002175 0.9565938  0.96855122 0.96855122 0.95886571 0.94143179
 0.91789599 0.88965304 0.85787972 0.82356453 0.78753358 0.75047318
 0.71294952 0.67542586 0.63827744 0.60180444 0.56624327 0.53177629
 0.49854027 0.46663369 0.43612303 0.40704816 0.37942703 0.35325965
 0.32853148]",30
2446,235250,235250,60,"[0.25       0.45       0.6075     0.729      0.820125   0.885735
 0.93002175 0.9565938  0.96855122 0.96855122 0.95886571 0.94143179
 0.91789599 0.88965304 0.85787972 0.82356453 0.78753358 0.75047318
 0.71294952 0.67542586 0.63827744 0.60180444 0.56624327 0.53177629
 0.49854027 0.46663369 0.43612303 0.40704816 0.37942703 0.35325965
 0.32853148 0.30521634 0.28327892 0.26267681 0.24336234 0.225284
 0.2083877  0.19261782 0.17791804 0.16423203 0.15150405 0.13967934
 0.12870454 0.1185279  0.10909954 0.10037158 0.09229821 0.08483581
 0.0779429  0.07158021 0.06571063 0.06029917 0.05531289 0.05072088
 0.04649414 0.04260554 0.03902972 0.035743   0.03272334 0.02995017
 0.02740441]",60
2447,205090,205090,9,"[1.         1.8        2.43       2.916      3.2805     3.54294
 3.720087   3.8263752  3.87420489]",8
2448,206356,206356,6,[1.       1.8      2.43     2.916    3.2805   3.54294  3.720087],6
2449,8321,8321,9,"[1.         1.8        2.43       2.916      3.2805     3.54294
 3.720087   3.8263752  3.87420489]",8
2450,333168,333168,1,[1.  1.8],1
2451,182312,182312,6,[1.       1.8      2.43     2.916    3.2805   3.54294  3.720087],6
2452,210417,210417,9,"[1.         1.8        2.43       2.916      3.2805     3.54294
 3.720087   3.8263752  3.87420489]",8
2453,114436,114436,3,[0.29411765 0.52941176 0.71470588 0.85764706],3
2454,83081,83081,9,"[1.         1.8        2.43       2.916      3.2805     3.54294
 3.720087   3.8263752  3.87420489]",8
2455,160320,160320,60,"[0.25       0.45       0.6075     0.729      0.820125   0.885735
 0.93002175 0.9565938  0.96855122 0.96855122 0.95886571 0.94143179
 0.91789599 0.88965304 0.85787972 0.82356453 0.78753358 0.75047318
 0.71294952 0.67542586 0.63827744 0.60180444 0.56624327 0.53177629
 0.49854027 0.46663369 0.43612303 0.40704816 0.37942703 0.35325965
 0.32853148 0.30521634 0.28327892 0.26267681 0.24336234 0.225284
 0.2083877  0.19261782 0.17791804 0.16423203 0.15150405 0.13967934
 0.12870454 0.1185279  0.10909954 0.10037158 0.09229821 0.08483581
 0.0779429  0.07158021 0.06571063 0.06029917 0.05531289 0.05072088
 0.04649414 0.04260554 0.03902972 0.035743   0.03272334 0.02995017
 0.02740441]",60
2456,334922,334922,30,"[0.25       0.45       0.6075     0.729      0.820125   0.885735
 0.93002175 0.9565938  0.96855122 0.96855122 0.95886571 0.94143179
 0.91789599 0.88965304 0.85787972 0.82356453 0.78753358 0.75047318
 0.71294952 0.67542586 0.63827744 0.60180444 0.56624327 0.53177629
 0.49854027 0.46663369 0.43612303 0.40704816 0.37942703 0.35325965
 0.32853148]",30
2457,317433,317433,1,[1.  1.8],1
2458,332062,332062,60,"[0.25       0.45       0.6075     0.729      0.820125   0.885735
 0.93002175 0.9565938  0.96855122 0.96855122 0.95886571 0.94143179
 0.91789599 0.88965304 0.85787972 0.82356453 0.78753358 0.75047318
 0.71294952 0.67542586 0.63827744 0.60180444 0.56624327 0.53177629
 0.49854027 0.46663369 0.43612303 0.40704816 0.37942703 0.35325965
 0.32853148 0.30521634 0.28327892 0.26267681 0.24336234 0.225284
 0.2083877  0.19261782 0.17791804 0.16423203 0.15150405 0.13967934
 0.12870454 0.1185279  0.10909954 0.10037158 0.09229821 0.08483581
 0.0779429  0.07158021 0.06571063 0.06029917 0.05531289 0.05072088
 0.04649414 0.04260554 0.03902972 0.035743   0.03272334 0.02995017
 0.02740441]",60
2459,117340,117340,30,"[0.25       0.45       0.6075     0.729      0.820125   0.885735
 0.93002175 0.9565938  0.96855122 0.96855122 0.95886571 0.94143179
 0.91789599 0.88965304 0.85787972 0.82356453 0.78753358 0.75047318
 0.71294952 0.67542586 0.63827744 0.60180444 0.56624327 0.53177629
 0.49854027 0.46663369 0.43612303 0.40704816 0.37942703 0.35325965
 0.32853148]",30
2460,197326,197326,6,[1.       1.8      2.43     2.916    3.2805   3.54294  3.720087],6
2461,279317,279317,1,[1.  1.8],1
2462,152269,152269,3,[0.29411765 0.52941176 0.71470588 0.85764706],3
2463,87721,87721,30,"[0.25       0.45       0.6075     0.729      0.820125   0.885735
 0.93002175 0.9565938  0.96855122 0.96855122 0.95886571 0.94143179
 0.91789599 0.88965304 0.85787972 0.82356453 0.78753358 0.75047318
 0.71294952 0.67542586 0.63827744 0.60180444 0.56624327 0.53177629
 0.49854027 0.46663369 0.43612303 0.40704816 0.37942703 0.35325965
 0.32853148]",30
2464,149468,149468,9,"[1.         1.8        2.43       2.916      3.2805     3.54294
 3.720087   3.8263752  3.87420489]",8
2465,242415,242415,30,"[0.25       0.45       0.6075     0.729      0.820125   0.885735
 0.93002175 0.9565938  0.96855122 0.96855122 0.95886571 0.94143179
 0.91789599 0.88965304 0.85787972 0.82356453 0.78753358 0.75047318
 0.71294952 0.67542586 0.63827744 0.60180444 0.56624327 0.53177629
 0.49854027 0.46663369 0.43612303 0.40704816 0.37942703 0.35325965
 0.32853148]",30
2466,305809,305809,6,[1.       1.8      2.43     2.916    3.2805   3.54294  3.720087],6
2467,331764,331764,30,"[0.25       0.45       0.6075     0.729      0.820125   0.885735
 0.93002175 0.9565938  0.96855122 0.96855122 0.95886571 0.94143179
 0.91789599 0.88965304 0.85787972 0.82356453 0.78753358 0.75047318
 0.71294952 0.67542586 0.63827744 0.60180444 0.56624327 0.53177629
 0.49854027 0.46663369 0.43612303 0.40704816 0.37942703 0.35325965
 0.32853148]",30
2468,51230,51230,60,"[0.25       0.45       0.6075     0.729      0.820125   0.885735
 0.93002175 0.9565938  0.96855122 0.96855122 0.95886571 0.94143179
 0.91789599 0.88965304 0.85787972 0.82356453 0.78753358 0.75047318
 0.71294952 0.67542586 0.63827744 0.60180444 0.56624327 0.53177629
 0.49854027 0.46663369 0.43612303 0.40704816 0.37942703 0.35325965
 0.32853148 0.30521634 0.28327892 0.26267681 0.24336234 0.225284
 0.2083877  0.19261782 0.17791804 0.16423203 0.15150405 0.13967934
 0.12870454 0.1185279  0.10909954 0.10037158 0.09229821 0.08483581
 0.0779429  0.07158021 0.06571063 0.06029917 0.05531289 0.05072088
 0.04649414 0.04260554 0.03902972 0.035743   0.03272334 0.02995017
 0.02740441]",60
2469,199469,199469,30,"[0.25       0.45       0.6075     0.729      0.820125   0.885735
 0.93002175 0.9565938  0.96855122 0.96855122 0.95886571 0.94143179
 0.91789599 0.88965304 0.85787972 0.82356453 0.78753358 0.75047318
 0.71294952 0.67542586 0.63827744 0.60180444 0.56624327 0.53177629
 0.49854027 0.46663369 0.43612303 0.40704816 0.37942703 0.35325965
 0.32853148]",30
2470,57434,57434,1,[1.  1.8],1
2471,306141,306141,3,[0.29411765 0.52941176 0.71470588 0.85764706],3
2472,101805,101805,9,"[1.         1.8        2.43       2.916      3.2805     3.54294
 3.720087   3.8263752  3.87420489]",8
2473,94589,94589,60,"[0.25       0.45       0.6075     0.729      0.820125   0.885735
 0.93002175 0.9565938  0.96855122 0.96855122 0.95886571 0.94143179
 0.91789599 0.88965304 0.85787972 0.82356453 0.78753358 0.75047318
 0.71294952 0.67542586 0.63827744 0.60180444 0.56624327 0.53177629
 0.49854027 0.46663369 0.43612303 0.40704816 0.37942703 0.35325965
 0.32853148 0.30521634 0.28327892 0.26267681 0.24336234 0.225284
 0.2083877  0.19261782 0.17791804 0.16423203 0.15150405 0.13967934
 0.12870454 0.1185279  0.10909954 0.10037158 0.09229821 0.08483581
 0.0779429  0.07158021 0.06571063 0.06029917 0.05531289 0.05072088
 0.04649414 0.04260554 0.03902972 0.035743   0.03272334 0.02995017
 0.02740441]",60
2474,313826,313826,6,[1.       1.8      2.43     2.916    3.2805   3.54294  3.720087],6
2475,179005,179005,60,"[0.25       0.45       0.6075     0.729      0.820125   0.885735
 0.93002175 0.9565938  0.96855122 0.96855122 0.95886571 0.94143179
 0.91789599 0.88965304 0.85787972 0.82356453 0.78753358 0.75047318
 0.71294952 0.67542586 0.63827744 0.60180444 0.56624327 0.53177629
 0.49854027 0.46663369 0.43612303 0.40704816 0.37942703 0.35325965
 0.32853148 0.30521634 0.28327892 0.26267681 0.24336234 0.225284
 0.2083877  0.19261782 0.17791804 0.16423203 0.15150405 0.13967934
 0.12870454 0.1185279  0.10909954 0.10037158 0.09229821 0.08483581
 0.0779429  0.07158021 0.06571063 0.06029917 0.05531289 0.05072088
 0.04649414 0.04260554 0.03902972 0.035743   0.03272334 0.02995017
 0.02740441]",60
2476,260560,260560,30,"[0.25       0.45       0.6075     0.729      0.820125   0.885735
 0.93002175 0.9565938  0.96855122 0.96855122 0.95886571 0.94143179
 0.91789599 0.88965304 0.85787972 0.82356453 0.78753358 0.75047318
 0.71294952 0.67542586 0.63827744 0.60180444 0.56624327 0.53177629
 0.49854027 0.46663369 0.43612303 0.40704816 0.37942703 0.35325965
 0.32853148]",30
2477,165325,165325,9,"[1.         1.8        2.43       2.916      3.2805     3.54294
 3.720087   3.8263752  3.87420489]",8
2478,342686,342686,3,[0.29411765 0.52941176 0.71470588 0.85764706],3
2479,82421,82421,1,[1.  1.8],1
2480,4936,4936,30,"[0.25       0.45       0.6075     0.729      0.820125   0.885735
 0.93002175 0.9565938  0.96855122 0.96855122 0.95886571 0.94143179
 0.91789599 0.88965304 0.85787972 0.82356453 0.78753358 0.75047318
 0.71294952 0.67542586 0.63827744 0.60180444 0.56624327 0.53177629
 0.49854027 0.46663369 0.43612303 0.40704816 0.37942703 0.35325965
 0.32853148]",30
2481,307105,307105,60,"[0.25       0.45       0.6075     0.729      0.820125   0.885735
 0.93002175 0.9565938  0.96855122 0.96855122 0.95886571 0.94143179
 0.91789599 0.88965304 0.85787972 0.82356453 0.78753358 0.75047318
 0.71294952 0.67542586 0.63827744 0.60180444 0.56624327 0.53177629
 0.49854027 0.46663369 0.43612303 0.40704816 0.37942703 0.35325965
 0.32853148 0.30521634 0.28327892 0.26267681 0.24336234 0.225284
 0.2083877  0.19261782 0.17791804 0.16423203 0.15150405 0.13967934
 0.12870454 0.1185279  0.10909954 0.10037158 0.09229821 0.08483581
 0.0779429  0.07158021 0.06571063 0.06029917 0.05531289 0.05072088
 0.04649414 0.04260554 0.03902972 0.035743   0.03272334 0.02995017
 0.02740441]",60
2482,7921,7921,3,[0.29411765 0.52941176 0.71470588 0.85764706],3
2483,155616,155616,1,[1.  1.8],1
2484,314992,314992,60,"[0.25       0.45       0.6075     0.729      0.820125   0.885735
 0.93002175 0.9565938  0.96855122 0.96855122 0.95886571 0.94143179
 0.91789599 0.88965304 0.85787972 0.82356453 0.78753358 0.75047318
 0.71294952 0.67542586 0.63827744 0.60180444 0.56624327 0.53177629
 0.49854027 0.46663369 0.43612303 0.40704816 0.37942703 0.35325965
 0.32853148 0.30521634 0.28327892 0.26267681 0.24336234 0.225284
 0.2083877  0.19261782 0.17791804 0.16423203 0.15150405 0.13967934
 0.12870454 0.1185279  0.10909954 0.10037158 0.09229821 0.08483581
 0.0779429  0.07158021 0.06571063 0.06029917 0.05531289 0.05072088
 0.04649414 0.04260554 0.03902972 0.035743   0.03272334 0.02995017
 0.02740441]",60
2485,300952,300952,60,"[0.25       0.45       0.6075     0.729      0.820125   0.885735
 0.93002175 0.9565938  0.96855122 0.96855122 0.95886571 0.94143179
 0.91789599 0.88965304 0.85787972 0.82356453 0.78753358 0.75047318
 0.71294952 0.67542586 0.63827744 0.60180444 0.56624327 0.53177629
 0.49854027 0.46663369 0.43612303 0.40704816 0.37942703 0.35325965
 0.32853148 0.30521634 0.28327892 0.26267681 0.24336234 0.225284
 0.2083877  0.19261782 0.17791804 0.16423203 0.15150405 0.13967934
 0.12870454 0.1185279  0.10909954 0.10037158 0.09229821 0.08483581
 0.0779429  0.07158021 0.06571063 0.06029917 0.05531289 0.05072088
 0.04649414 0.04260554 0.03902972 0.035743   0.03272334 0.02995017
 0.02740441]",60
2486,132985,132985,60,"[0.25       0.45       0.6075     0.729      0.820125   0.885735
 0.93002175 0.9565938  0.96855122 0.96855122 0.95886571 0.94143179
 0.91789599 0.88965304 0.85787972 0.82356453 0.78753358 0.75047318
 0.71294952 0.67542586 0.63827744 0.60180444 0.56624327 0.53177629
 0.49854027 0.46663369 0.43612303 0.40704816 0.37942703 0.35325965
 0.32853148 0.30521634 0.28327892 0.26267681 0.24336234 0.225284
 0.2083877  0.19261782 0.17791804 0.16423203 0.15150405 0.13967934
 0.12870454 0.1185279  0.10909954 0.10037158 0.09229821 0.08483581
 0.0779429  0.07158021 0.06571063 0.06029917 0.05531289 0.05072088
 0.04649414 0.04260554 0.03902972 0.035743   0.03272334 0.02995017
 0.02740441]",60
2487,106396,106396,6,[1.       1.8      2.43     2.916    3.2805   3.54294  3.720087],6
2488,230879,230879,60,"[0.25       0.45       0.6075     0.729      0.820125   0.885735
 0.93002175 0.9565938  0.96855122 0.96855122 0.95886571 0.94143179
 0.91789599 0.88965304 0.85787972 0.82356453 0.78753358 0.75047318
 0.71294952 0.67542586 0.63827744 0.60180444 0.56624327 0.53177629
 0.49854027 0.46663369 0.43612303 0.40704816 0.37942703 0.35325965
 0.32853148 0.30521634 0.28327892 0.26267681 0.24336234 0.225284
 0.2083877  0.19261782 0.17791804 0.16423203 0.15150405 0.13967934
 0.12870454 0.1185279  0.10909954 0.10037158 0.09229821 0.08483581
 0.0779429  0.07158021 0.06571063 0.06029917 0.05531289 0.05072088
 0.04649414 0.04260554 0.03902972 0.035743   0.03272334 0.02995017
 0.02740441]",60
2489,317414,317414,60,"[0.25       0.45       0.6075     0.729      0.820125   0.885735
 0.93002175 0.9565938  0.96855122 0.96855122 0.95886571 0.94143179
 0.91789599 0.88965304 0.85787972 0.82356453 0.78753358 0.75047318
 0.71294952 0.67542586 0.63827744 0.60180444 0.56624327 0.53177629
 0.49854027 0.46663369 0.43612303 0.40704816 0.37942703 0.35325965
 0.32853148 0.30521634 0.28327892 0.26267681 0.24336234 0.225284
 0.2083877  0.19261782 0.17791804 0.16423203 0.15150405 0.13967934
 0.12870454 0.1185279  0.10909954 0.10037158 0.09229821 0.08483581
 0.0779429  0.07158021 0.06571063 0.06029917 0.05531289 0.05072088
 0.04649414 0.04260554 0.03902972 0.035743   0.03272334 0.02995017
 0.02740441]",60
2490,80587,80587,6,[1.       1.8      2.43     2.916    3.2805   3.54294  3.720087],6
2491,313826,313826,3,[0.29411765 0.52941176 0.71470588 0.85764706],3
2492,19220,19220,1,[1.  1.8],1
2493,257890,257890,30,"[0.25       0.45       0.6075     0.729      0.820125   0.885735
 0.93002175 0.9565938  0.96855122 0.96855122 0.95886571 0.94143179
 0.91789599 0.88965304 0.85787972 0.82356453 0.78753358 0.75047318
 0.71294952 0.67542586 0.63827744 0.60180444 0.56624327 0.53177629
 0.49854027 0.46663369 0.43612303 0.40704816 0.37942703 0.35325965
 0.32853148]",30
2494,48745,48745,30,"[0.25       0.45       0.6075     0.729      0.820125   0.885735
 0.93002175 0.9565938  0.96855122 0.96855122 0.95886571 0.94143179
 0.91789599 0.88965304 0.85787972 0.82356453 0.78753358 0.75047318
 0.71294952 0.67542586 0.63827744 0.60180444 0.56624327 0.53177629
 0.49854027 0.46663369 0.43612303 0.40704816 0.37942703 0.35325965
 0.32853148]",30
2495,181381,181381,9,"[1.         1.8        2.43       2.916      3.2805     3.54294
 3.720087   3.8263752  3.87420489]",8
2496,88238,88238,9,"[1.         1.8        2.43       2.916      3.2805     3.54294
 3.720087   3.8263752  3.87420489]",8
2497,21415,21415,9,"[1.         1.8        2.43       2.916      3.2805     3.54294
 3.720087   3.8263752  3.87420489]",8
2498,96673,96673,9,"[1.         1.8        2.43       2.916      3.2805     3.54294
 3.720087   3.8263752  3.87420489]",8
2499,69994,69994,60,"[0.25       0.45       0.6075     0.729      0.820125   0.885735
 0.93002175 0.9565938  0.96855122 0.96855122 0.95886571 0.94143179
 0.91789599 0.88965304 0.85787972 0.82356453 0.78753358 0.75047318
 0.71294952 0.67542586 0.63827744 0.60180444 0.56624327 0.53177629
 0.49854027 0.46663369 0.43612303 0.40704816 0.37942703 0.35325965
 0.32853148 0.30521634 0.28327892 0.26267681 0.24336234 0.225284
 0.2083877  0.19261782 0.17791804 0.16423203 0.15150405 0.13967934
 0.12870454 0.1185279  0.10909954 0.10037158 0.09229821 0.08483581
 0.0779429  0.07158021 0.06571063 0.06029917 0.05531289 0.05072088
 0.04649414 0.04260554 0.03902972 0.035743   0.03272334 0.02995017
 0.02740441]",60
2500,288278,288278,3,[0.29411765 0.52941176 0.71470588 0.85764706],3
2501,149469,149469,30,"[0.25       0.45       0.6075     0.729      0.820125   0.885735
 0.93002175 0.9565938  0.96855122 0.96855122 0.95886571 0.94143179
 0.91789599 0.88965304 0.85787972 0.82356453 0.78753358 0.75047318
 0.71294952 0.67542586 0.63827744 0.60180444 0.56624327 0.53177629
 0.49854027 0.46663369 0.43612303 0.40704816 0.37942703 0.35325965
 0.32853148]",30
2502,266873,266873,30,"[0.25       0.45       0.6075     0.729      0.820125   0.885735
 0.93002175 0.9565938  0.96855122 0.96855122 0.95886571 0.94143179
 0.91789599 0.88965304 0.85787972 0.82356453 0.78753358 0.75047318
 0.71294952 0.67542586 0.63827744 0.60180444 0.56624327 0.53177629
 0.49854027 0.46663369 0.43612303 0.40704816 0.37942703 0.35325965
 0.32853148]",30
2503,14420,14420,3,[0.29411765 0.52941176 0.71470588 0.85764706],3
2504,22720,22720,6,[1.       1.8      2.43     2.916    3.2805   3.54294  3.720087],6
2505,35834,35834,30,"[0.25       0.45       0.6075     0.729      0.820125   0.885735
 0.93002175 0.9565938  0.96855122 0.96855122 0.95886571 0.94143179
 0.91789599 0.88965304 0.85787972 0.82356453 0.78753358 0.75047318
 0.71294952 0.67542586 0.63827744 0.60180444 0.56624327 0.53177629
 0.49854027 0.46663369 0.43612303 0.40704816 0.37942703 0.35325965
 0.32853148]",30
2506,34890,34890,60,"[0.25       0.45       0.6075     0.729      0.820125   0.885735
 0.93002175 0.9565938  0.96855122 0.96855122 0.95886571 0.94143179
 0.91789599 0.88965304 0.85787972 0.82356453 0.78753358 0.75047318
 0.71294952 0.67542586 0.63827744 0.60180444 0.56624327 0.53177629
 0.49854027 0.46663369 0.43612303 0.40704816 0.37942703 0.35325965
 0.32853148 0.30521634 0.28327892 0.26267681 0.24336234 0.225284
 0.2083877  0.19261782 0.17791804 0.16423203 0.15150405 0.13967934
 0.12870454 0.1185279  0.10909954 0.10037158 0.09229821 0.08483581
 0.0779429  0.07158021 0.06571063 0.06029917 0.05531289 0.05072088
 0.04649414 0.04260554 0.03902972 0.035743   0.03272334 0.02995017
 0.02740441]",60
2507,174517,174517,30,"[0.25       0.45       0.6075     0.729      0.820125   0.885735
 0.93002175 0.9565938  0.96855122 0.96855122 0.95886571 0.94143179
 0.91789599 0.88965304 0.85787972 0.82356453 0.78753358 0.75047318
 0.71294952 0.67542586 0.63827744 0.60180444 0.56624327 0.53177629
 0.49854027 0.46663369 0.43612303 0.40704816 0.37942703 0.35325965
 0.32853148]",30
2508,126539,126539,3,[0.29411765 0.52941176 0.71470588 0.85764706],3
2509,244530,244530,60,"[0.25       0.45       0.6075     0.729      0.820125   0.885735
 0.93002175 0.9565938  0.96855122 0.96855122 0.95886571 0.94143179
 0.91789599 0.88965304 0.85787972 0.82356453 0.78753358 0.75047318
 0.71294952 0.67542586 0.63827744 0.60180444 0.56624327 0.53177629
 0.49854027 0.46663369 0.43612303 0.40704816 0.37942703 0.35325965
 0.32853148 0.30521634 0.28327892 0.26267681 0.24336234 0.225284
 0.2083877  0.19261782 0.17791804 0.16423203 0.15150405 0.13967934
 0.12870454 0.1185279  0.10909954 0.10037158 0.09229821 0.08483581
 0.0779429  0.07158021 0.06571063 0.06029917 0.05531289 0.05072088
 0.04649414 0.04260554 0.03902972 0.035743   0.03272334 0.02995017
 0.02740441]",60
2510,311233,311233,9,"[1.         1.8        2.43       2.916      3.2805     3.54294
 3.720087   3.8263752  3.87420489]",8
2511,102098,102098,6,[1.       1.8      2.43     2.916    3.2805   3.54294  3.720087],6
2512,67822,67822,60,"[0.25       0.45       0.6075     0.729      0.820125   0.885735
 0.93002175 0.9565938  0.96855122 0.96855122 0.95886571 0.94143179
 0.91789599 0.88965304 0.85787972 0.82356453 0.78753358 0.75047318
 0.71294952 0.67542586 0.63827744 0.60180444 0.56624327 0.53177629
 0.49854027 0.46663369 0.43612303 0.40704816 0.37942703 0.35325965
 0.32853148 0.30521634 0.28327892 0.26267681 0.24336234 0.225284
 0.2083877  0.19261782 0.17791804 0.16423203 0.15150405 0.13967934
 0.12870454 0.1185279  0.10909954 0.10037158 0.09229821 0.08483581
 0.0779429  0.07158021 0.06571063 0.06029917 0.05531289 0.05072088
 0.04649414 0.04260554 0.03902972 0.035743   0.03272334 0.02995017
 0.02740441]",60
2513,53521,53521,9,"[1.         1.8        2.43       2.916      3.2805     3.54294
 3.720087   3.8263752  3.87420489]",8
2514,191795,191795,60,"[0.25       0.45       0.6075     0.729      0.820125   0.885735
 0.93002175 0.9565938  0.96855122 0.96855122 0.95886571 0.94143179
 0.91789599 0.88965304 0.85787972 0.82356453 0.78753358 0.75047318
 0.71294952 0.67542586 0.63827744 0.60180444 0.56624327 0.53177629
 0.49854027 0.46663369 0.43612303 0.40704816 0.37942703 0.35325965
 0.32853148 0.30521634 0.28327892 0.26267681 0.24336234 0.225284
 0.2083877  0.19261782 0.17791804 0.16423203 0.15150405 0.13967934
 0.12870454 0.1185279  0.10909954 0.10037158 0.09229821 0.08483581
 0.0779429  0.07158021 0.06571063 0.06029917 0.05531289 0.05072088
 0.04649414 0.04260554 0.03902972 0.035743   0.03272334 0.02995017
 0.02740441]",60
2515,263560,263560,1,[1.  1.8],1
2516,232551,232551,1,[1.  1.8],1
2517,76667,76667,6,[1.       1.8      2.43     2.916    3.2805   3.54294  3.720087],6
2518,31569,31569,1,[1.  1.8],1
2519,89300,89300,6,[1.       1.8      2.43     2.916    3.2805   3.54294  3.720087],6
2520,53106,53106,9,"[1.         1.8        2.43       2.916      3.2805     3.54294
 3.720087   3.8263752  3.87420489]",8
2521,267647,267647,30,"[0.25       0.45       0.6075     0.729      0.820125   0.885735
 0.93002175 0.9565938  0.96855122 0.96855122 0.95886571 0.94143179
 0.91789599 0.88965304 0.85787972 0.82356453 0.78753358 0.75047318
 0.71294952 0.67542586 0.63827744 0.60180444 0.56624327 0.53177629
 0.49854027 0.46663369 0.43612303 0.40704816 0.37942703 0.35325965
 0.32853148]",30
2522,198230,198230,60,"[0.25       0.45       0.6075     0.729      0.820125   0.885735
 0.93002175 0.9565938  0.96855122 0.96855122 0.95886571 0.94143179
 0.91789599 0.88965304 0.85787972 0.82356453 0.78753358 0.75047318
 0.71294952 0.67542586 0.63827744 0.60180444 0.56624327 0.53177629
 0.49854027 0.46663369 0.43612303 0.40704816 0.37942703 0.35325965
 0.32853148 0.30521634 0.28327892 0.26267681 0.24336234 0.225284
 0.2083877  0.19261782 0.17791804 0.16423203 0.15150405 0.13967934
 0.12870454 0.1185279  0.10909954 0.10037158 0.09229821 0.08483581
 0.0779429  0.07158021 0.06571063 0.06029917 0.05531289 0.05072088
 0.04649414 0.04260554 0.03902972 0.035743   0.03272334 0.02995017
 0.02740441]",60
2523,60190,60190,9,"[1.         1.8        2.43       2.916      3.2805     3.54294
 3.720087   3.8263752  3.87420489]",8
2524,105136,105136,6,[1.       1.8      2.43     2.916    3.2805   3.54294  3.720087],6
2525,236056,236056,9,"[1.         1.8        2.43       2.916      3.2805     3.54294
 3.720087   3.8263752  3.87420489]",8
2526,328924,328924,6,[1.       1.8      2.43     2.916    3.2805   3.54294  3.720087],6
2527,109989,109989,3,[0.29411765 0.52941176 0.71470588 0.85764706],3
2528,325026,325026,3,[0.29411765 0.52941176 0.71470588 0.85764706],3
2529,309135,309135,30,"[0.25       0.45       0.6075     0.729      0.820125   0.885735
 0.93002175 0.9565938  0.96855122 0.96855122 0.95886571 0.94143179
 0.91789599 0.88965304 0.85787972 0.82356453 0.78753358 0.75047318
 0.71294952 0.67542586 0.63827744 0.60180444 0.56624327 0.53177629
 0.49854027 0.46663369 0.43612303 0.40704816 0.37942703 0.35325965
 0.32853148]",30
2530,151267,151267,30,"[0.25       0.45       0.6075     0.729      0.820125   0.885735
 0.93002175 0.9565938  0.96855122 0.96855122 0.95886571 0.94143179
 0.91789599 0.88965304 0.85787972 0.82356453 0.78753358 0.75047318
 0.71294952 0.67542586 0.63827744 0.60180444 0.56624327 0.53177629
 0.49854027 0.46663369 0.43612303 0.40704816 0.37942703 0.35325965
 0.32853148]",30
2531,80336,80336,60,"[0.25       0.45       0.6075     0.729      0.820125   0.885735
 0.93002175 0.9565938  0.96855122 0.96855122 0.95886571 0.94143179
 0.91789599 0.88965304 0.85787972 0.82356453 0.78753358 0.75047318
 0.71294952 0.67542586 0.63827744 0.60180444 0.56624327 0.53177629
 0.49854027 0.46663369 0.43612303 0.40704816 0.37942703 0.35325965
 0.32853148 0.30521634 0.28327892 0.26267681 0.24336234 0.225284
 0.2083877  0.19261782 0.17791804 0.16423203 0.15150405 0.13967934
 0.12870454 0.1185279  0.10909954 0.10037158 0.09229821 0.08483581
 0.0779429  0.07158021 0.06571063 0.06029917 0.05531289 0.05072088
 0.04649414 0.04260554 0.03902972 0.035743   0.03272334 0.02995017
 0.02740441]",60
2532,97645,97645,1,[1.  1.8],1
2533,273839,273839,1,[1.  1.8],1
2534,156055,156055,1,[1.  1.8],1
2535,96816,96816,30,"[0.25       0.45       0.6075     0.729      0.820125   0.885735
 0.93002175 0.9565938  0.96855122 0.96855122 0.95886571 0.94143179
 0.91789599 0.88965304 0.85787972 0.82356453 0.78753358 0.75047318
 0.71294952 0.67542586 0.63827744 0.60180444 0.56624327 0.53177629
 0.49854027 0.46663369 0.43612303 0.40704816 0.37942703 0.35325965
 0.32853148]",30
2536,136435,136435,30,"[0.25       0.45       0.6075     0.729      0.820125   0.885735
 0.93002175 0.9565938  0.96855122 0.96855122 0.95886571 0.94143179
 0.91789599 0.88965304 0.85787972 0.82356453 0.78753358 0.75047318
 0.71294952 0.67542586 0.63827744 0.60180444 0.56624327 0.53177629
 0.49854027 0.46663369 0.43612303 0.40704816 0.37942703 0.35325965
 0.32853148]",30
2537,35602,35602,60,"[0.25       0.45       0.6075     0.729      0.820125   0.885735
 0.93002175 0.9565938  0.96855122 0.96855122 0.95886571 0.94143179
 0.91789599 0.88965304 0.85787972 0.82356453 0.78753358 0.75047318
 0.71294952 0.67542586 0.63827744 0.60180444 0.56624327 0.53177629
 0.49854027 0.46663369 0.43612303 0.40704816 0.37942703 0.35325965
 0.32853148 0.30521634 0.28327892 0.26267681 0.24336234 0.225284
 0.2083877  0.19261782 0.17791804 0.16423203 0.15150405 0.13967934
 0.12870454 0.1185279  0.10909954 0.10037158 0.09229821 0.08483581
 0.0779429  0.07158021 0.06571063 0.06029917 0.05531289 0.05072088
 0.04649414 0.04260554 0.03902972 0.035743   0.03272334 0.02995017
 0.02740441]",60
2538,330924,330924,6,[1.       1.8      2.43     2.916    3.2805   3.54294  3.720087],6
2539,138926,138926,1,[1.  1.8],1
2540,48850,48850,30,"[0.25       0.45       0.6075     0.729      0.820125   0.885735
 0.93002175 0.9565938  0.96855122 0.96855122 0.95886571 0.94143179
 0.91789599 0.88965304 0.85787972 0.82356453 0.78753358 0.75047318
 0.71294952 0.67542586 0.63827744 0.60180444 0.56624327 0.53177629
 0.49854027 0.46663369 0.43612303 0.40704816 0.37942703 0.35325965
 0.32853148]",30
2541,193270,193270,1,[1.  1.8],1
2542,200358,200358,60,"[0.25       0.45       0.6075     0.729      0.820125   0.885735
 0.93002175 0.9565938  0.96855122 0.96855122 0.95886571 0.94143179
 0.91789599 0.88965304 0.85787972 0.82356453 0.78753358 0.75047318
 0.71294952 0.67542586 0.63827744 0.60180444 0.56624327 0.53177629
 0.49854027 0.46663369 0.43612303 0.40704816 0.37942703 0.35325965
 0.32853148 0.30521634 0.28327892 0.26267681 0.24336234 0.225284
 0.2083877  0.19261782 0.17791804 0.16423203 0.15150405 0.13967934
 0.12870454 0.1185279  0.10909954 0.10037158 0.09229821 0.08483581
 0.0779429  0.07158021 0.06571063 0.06029917 0.05531289 0.05072088
 0.04649414 0.04260554 0.03902972 0.035743   0.03272334 0.02995017
 0.02740441]",60
2543,226683,226683,60,"[0.25       0.45       0.6075     0.729      0.820125   0.885735
 0.93002175 0.9565938  0.96855122 0.96855122 0.95886571 0.94143179
 0.91789599 0.88965304 0.85787972 0.82356453 0.78753358 0.75047318
 0.71294952 0.67542586 0.63827744 0.60180444 0.56624327 0.53177629
 0.49854027 0.46663369 0.43612303 0.40704816 0.37942703 0.35325965
 0.32853148 0.30521634 0.28327892 0.26267681 0.24336234 0.225284
 0.2083877  0.19261782 0.17791804 0.16423203 0.15150405 0.13967934
 0.12870454 0.1185279  0.10909954 0.10037158 0.09229821 0.08483581
 0.0779429  0.07158021 0.06571063 0.06029917 0.05531289 0.05072088
 0.04649414 0.04260554 0.03902972 0.035743   0.03272334 0.02995017
 0.02740441]",60
2544,169329,169329,3,[0.29411765 0.52941176 0.71470588 0.85764706],3
2545,344642,344642,60,"[0.25       0.45       0.6075     0.729      0.820125   0.885735
 0.93002175 0.9565938  0.96855122 0.96855122 0.95886571 0.94143179
 0.91789599 0.88965304 0.85787972 0.82356453 0.78753358 0.75047318
 0.71294952 0.67542586 0.63827744 0.60180444 0.56624327 0.53177629
 0.49854027 0.46663369 0.43612303 0.40704816 0.37942703 0.35325965
 0.32853148 0.30521634 0.28327892 0.26267681 0.24336234 0.225284
 0.2083877  0.19261782 0.17791804 0.16423203 0.15150405 0.13967934
 0.12870454 0.1185279  0.10909954 0.10037158 0.09229821 0.08483581
 0.0779429  0.07158021 0.06571063 0.06029917 0.05531289 0.05072088
 0.04649414 0.04260554 0.03902972 0.035743   0.03272334 0.02995017
 0.02740441]",60
2546,1413,1413,3,[0.29411765 0.52941176 0.71470588 0.85764706],3
2547,12963,12963,1,[1.  1.8],1
2548,97560,97560,60,"[0.25       0.45       0.6075     0.729      0.820125   0.885735
 0.93002175 0.9565938  0.96855122 0.96855122 0.95886571 0.94143179
 0.91789599 0.88965304 0.85787972 0.82356453 0.78753358 0.75047318
 0.71294952 0.67542586 0.63827744 0.60180444 0.56624327 0.53177629
 0.49854027 0.46663369 0.43612303 0.40704816 0.37942703 0.35325965
 0.32853148 0.30521634 0.28327892 0.26267681 0.24336234 0.225284
 0.2083877  0.19261782 0.17791804 0.16423203 0.15150405 0.13967934
 0.12870454 0.1185279  0.10909954 0.10037158 0.09229821 0.08483581
 0.0779429  0.07158021 0.06571063 0.06029917 0.05531289 0.05072088
 0.04649414 0.04260554 0.03902972 0.035743   0.03272334 0.02995017
 0.02740441]",60
2549,95354,95354,60,"[0.25       0.45       0.6075     0.729      0.820125   0.885735
 0.93002175 0.9565938  0.96855122 0.96855122 0.95886571 0.94143179
 0.91789599 0.88965304 0.85787972 0.82356453 0.78753358 0.75047318
 0.71294952 0.67542586 0.63827744 0.60180444 0.56624327 0.53177629
 0.49854027 0.46663369 0.43612303 0.40704816 0.37942703 0.35325965
 0.32853148 0.30521634 0.28327892 0.26267681 0.24336234 0.225284
 0.2083877  0.19261782 0.17791804 0.16423203 0.15150405 0.13967934
 0.12870454 0.1185279  0.10909954 0.10037158 0.09229821 0.08483581
 0.0779429  0.07158021 0.06571063 0.06029917 0.05531289 0.05072088
 0.04649414 0.04260554 0.03902972 0.035743   0.03272334 0.02995017
 0.02740441]",60
2550,168444,168444,9,"[1.         1.8        2.43       2.916      3.2805     3.54294
 3.720087   3.8263752  3.87420489]",8
2551,37545,37545,30,"[0.25       0.45       0.6075     0.729      0.820125   0.885735
 0.93002175 0.9565938  0.96855122 0.96855122 0.95886571 0.94143179
 0.91789599 0.88965304 0.85787972 0.82356453 0.78753358 0.75047318
 0.71294952 0.67542586 0.63827744 0.60180444 0.56624327 0.53177629
 0.49854027 0.46663369 0.43612303 0.40704816 0.37942703 0.35325965
 0.32853148]",30
2552,321709,321709,9,"[1.         1.8        2.43       2.916      3.2805     3.54294
 3.720087   3.8263752  3.87420489]",8
2553,276321,276321,6,[1.       1.8      2.43     2.916    3.2805   3.54294  3.720087],6
2554,124078,124078,30,"[0.25       0.45       0.6075     0.729      0.820125   0.885735
 0.93002175 0.9565938  0.96855122 0.96855122 0.95886571 0.94143179
 0.91789599 0.88965304 0.85787972 0.82356453 0.78753358 0.75047318
 0.71294952 0.67542586 0.63827744 0.60180444 0.56624327 0.53177629
 0.49854027 0.46663369 0.43612303 0.40704816 0.37942703 0.35325965
 0.32853148]",30
2555,306754,306754,9,"[1.         1.8        2.43       2.916      3.2805     3.54294
 3.720087   3.8263752  3.87420489]",8
2556,83874,83874,3,[0.29411765 0.52941176 0.71470588 0.85764706],3
2557,199358,199358,9,"[1.         1.8        2.43       2.916      3.2805     3.54294
 3.720087   3.8263752  3.87420489]",8
2558,130336,130336,1,[1.  1.8],1
2559,169703,169703,6,[1.       1.8      2.43     2.916    3.2805   3.54294  3.720087],6
2560,236440,236440,30,"[0.25       0.45       0.6075     0.729      0.820125   0.885735
 0.93002175 0.9565938  0.96855122 0.96855122 0.95886571 0.94143179
 0.91789599 0.88965304 0.85787972 0.82356453 0.78753358 0.75047318
 0.71294952 0.67542586 0.63827744 0.60180444 0.56624327 0.53177629
 0.49854027 0.46663369 0.43612303 0.40704816 0.37942703 0.35325965
 0.32853148]",30
2561,255613,255613,6,[1.       1.8      2.43     2.916    3.2805   3.54294  3.720087],6
2562,270700,270700,6,[1.       1.8      2.43     2.916    3.2805   3.54294  3.720087],6
2563,83263,83263,9,"[1.         1.8        2.43       2.916      3.2805     3.54294
 3.720087   3.8263752  3.87420489]",8
2564,57049,57049,30,"[0.25       0.45       0.6075     0.729      0.820125   0.885735
 0.93002175 0.9565938  0.96855122 0.96855122 0.95886571 0.94143179
 0.91789599 0.88965304 0.85787972 0.82356453 0.78753358 0.75047318
 0.71294952 0.67542586 0.63827744 0.60180444 0.56624327 0.53177629
 0.49854027 0.46663369 0.43612303 0.40704816 0.37942703 0.35325965
 0.32853148]",30
2565,318797,318797,9,"[1.         1.8        2.43       2.916      3.2805     3.54294
 3.720087   3.8263752  3.87420489]",8
2566,197490,197490,3,[0.29411765 0.52941176 0.71470588 0.85764706],3
2567,330670,330670,9,"[1.         1.8        2.43       2.916      3.2805     3.54294
 3.720087   3.8263752  3.87420489]",8
2568,240757,240757,60,"[0.25       0.45       0.6075     0.729      0.820125   0.885735
 0.93002175 0.9565938  0.96855122 0.96855122 0.95886571 0.94143179
 0.91789599 0.88965304 0.85787972 0.82356453 0.78753358 0.75047318
 0.71294952 0.67542586 0.63827744 0.60180444 0.56624327 0.53177629
 0.49854027 0.46663369 0.43612303 0.40704816 0.37942703 0.35325965
 0.32853148 0.30521634 0.28327892 0.26267681 0.24336234 0.225284
 0.2083877  0.19261782 0.17791804 0.16423203 0.15150405 0.13967934
 0.12870454 0.1185279  0.10909954 0.10037158 0.09229821 0.08483581
 0.0779429  0.07158021 0.06571063 0.06029917 0.05531289 0.05072088
 0.04649414 0.04260554 0.03902972 0.035743   0.03272334 0.02995017
 0.02740441]",60
2569,226063,226063,1,[1.  1.8],1
2570,100304,100304,6,[1.       1.8      2.43     2.916    3.2805   3.54294  3.720087],6
2571,295733,295733,30,"[0.25       0.45       0.6075     0.729      0.820125   0.885735
 0.93002175 0.9565938  0.96855122 0.96855122 0.95886571 0.94143179
 0.91789599 0.88965304 0.85787972 0.82356453 0.78753358 0.75047318
 0.71294952 0.67542586 0.63827744 0.60180444 0.56624327 0.53177629
 0.49854027 0.46663369 0.43612303 0.40704816 0.37942703 0.35325965
 0.32853148]",30
2572,253379,253379,3,[0.29411765 0.52941176 0.71470588 0.85764706],3
2573,152209,152209,60,"[0.25       0.45       0.6075     0.729      0.820125   0.885735
 0.93002175 0.9565938  0.96855122 0.96855122 0.95886571 0.94143179
 0.91789599 0.88965304 0.85787972 0.82356453 0.78753358 0.75047318
 0.71294952 0.67542586 0.63827744 0.60180444 0.56624327 0.53177629
 0.49854027 0.46663369 0.43612303 0.40704816 0.37942703 0.35325965
 0.32853148 0.30521634 0.28327892 0.26267681 0.24336234 0.225284
 0.2083877  0.19261782 0.17791804 0.16423203 0.15150405 0.13967934
 0.12870454 0.1185279  0.10909954 0.10037158 0.09229821 0.08483581
 0.0779429  0.07158021 0.06571063 0.06029917 0.05531289 0.05072088
 0.04649414 0.04260554 0.03902972 0.035743   0.03272334 0.02995017
 0.02740441]",60
2574,270330,270330,30,"[0.25       0.45       0.6075     0.729      0.820125   0.885735
 0.93002175 0.9565938  0.96855122 0.96855122 0.95886571 0.94143179
 0.91789599 0.88965304 0.85787972 0.82356453 0.78753358 0.75047318
 0.71294952 0.67542586 0.63827744 0.60180444 0.56624327 0.53177629
 0.49854027 0.46663369 0.43612303 0.40704816 0.37942703 0.35325965
 0.32853148]",30
2575,212757,212757,9,"[1.         1.8        2.43       2.916      3.2805     3.54294
 3.720087   3.8263752  3.87420489]",8
2576,117113,117113,9,"[1.         1.8        2.43       2.916      3.2805     3.54294
 3.720087   3.8263752  3.87420489]",8
2577,131247,131247,3,[0.29411765 0.52941176 0.71470588 0.85764706],3
2578,205937,205937,60,"[0.25       0.45       0.6075     0.729      0.820125   0.885735
 0.93002175 0.9565938  0.96855122 0.96855122 0.95886571 0.94143179
 0.91789599 0.88965304 0.85787972 0.82356453 0.78753358 0.75047318
 0.71294952 0.67542586 0.63827744 0.60180444 0.56624327 0.53177629
 0.49854027 0.46663369 0.43612303 0.40704816 0.37942703 0.35325965
 0.32853148 0.30521634 0.28327892 0.26267681 0.24336234 0.225284
 0.2083877  0.19261782 0.17791804 0.16423203 0.15150405 0.13967934
 0.12870454 0.1185279  0.10909954 0.10037158 0.09229821 0.08483581
 0.0779429  0.07158021 0.06571063 0.06029917 0.05531289 0.05072088
 0.04649414 0.04260554 0.03902972 0.035743   0.03272334 0.02995017
 0.02740441]",60
2579,319862,319862,3,[0.29411765 0.52941176 0.71470588 0.85764706],3
2580,17835,17835,30,"[0.25       0.45       0.6075     0.729      0.820125   0.885735
 0.93002175 0.9565938  0.96855122 0.96855122 0.95886571 0.94143179
 0.91789599 0.88965304 0.85787972 0.82356453 0.78753358 0.75047318
 0.71294952 0.67542586 0.63827744 0.60180444 0.56624327 0.53177629
 0.49854027 0.46663369 0.43612303 0.40704816 0.37942703 0.35325965
 0.32853148]",30
2581,351117,351117,9,"[1.         1.8        2.43       2.916      3.2805     3.54294
 3.720087   3.8263752  3.87420489]",8
2582,148920,148920,6,[1.       1.8      2.43     2.916    3.2805   3.54294  3.720087],6
2583,302999,302999,9,"[1.         1.8        2.43       2.916      3.2805     3.54294
 3.720087   3.8263752  3.87420489]",8
2584,109668,109668,1,[1.  1.8],1
2585,117329,117329,60,"[0.25       0.45       0.6075     0.729      0.820125   0.885735
 0.93002175 0.9565938  0.96855122 0.96855122 0.95886571 0.94143179
 0.91789599 0.88965304 0.85787972 0.82356453 0.78753358 0.75047318
 0.71294952 0.67542586 0.63827744 0.60180444 0.56624327 0.53177629
 0.49854027 0.46663369 0.43612303 0.40704816 0.37942703 0.35325965
 0.32853148 0.30521634 0.28327892 0.26267681 0.24336234 0.225284
 0.2083877  0.19261782 0.17791804 0.16423203 0.15150405 0.13967934
 0.12870454 0.1185279  0.10909954 0.10037158 0.09229821 0.08483581
 0.0779429  0.07158021 0.06571063 0.06029917 0.05531289 0.05072088
 0.04649414 0.04260554 0.03902972 0.035743   0.03272334 0.02995017
 0.02740441]",60
2586,24183,24183,1,[1.  1.8],1
2587,250499,250499,3,[0.29411765 0.52941176 0.71470588 0.85764706],3
2588,228216,228216,6,[1.       1.8      2.43     2.916    3.2805   3.54294  3.720087],6
2589,260490,260490,1,[1.  1.8],1
2590,199838,199838,60,"[0.25       0.45       0.6075     0.729      0.820125   0.885735
 0.93002175 0.9565938  0.96855122 0.96855122 0.95886571 0.94143179
 0.91789599 0.88965304 0.85787972 0.82356453 0.78753358 0.75047318
 0.71294952 0.67542586 0.63827744 0.60180444 0.56624327 0.53177629
 0.49854027 0.46663369 0.43612303 0.40704816 0.37942703 0.35325965
 0.32853148 0.30521634 0.28327892 0.26267681 0.24336234 0.225284
 0.2083877  0.19261782 0.17791804 0.16423203 0.15150405 0.13967934
 0.12870454 0.1185279  0.10909954 0.10037158 0.09229821 0.08483581
 0.0779429  0.07158021 0.06571063 0.06029917 0.05531289 0.05072088
 0.04649414 0.04260554 0.03902972 0.035743   0.03272334 0.02995017
 0.02740441]",60
2591,264294,264294,1,[1.  1.8],1
2592,146604,146604,9,"[1.         1.8        2.43       2.916      3.2805     3.54294
 3.720087   3.8263752  3.87420489]",8
2593,241563,241563,6,[1.       1.8      2.43     2.916    3.2805   3.54294  3.720087],6
2594,68356,68356,1,[1.  1.8],1
2595,267059,267059,6,[1.       1.8      2.43     2.916    3.2805   3.54294  3.720087],6
2596,224421,224421,6,[1.       1.8      2.43     2.916    3.2805   3.54294  3.720087],6
2597,250780,250780,30,"[0.25       0.45       0.6075     0.729      0.820125   0.885735
 0.93002175 0.9565938  0.96855122 0.96855122 0.95886571 0.94143179
 0.91789599 0.88965304 0.85787972 0.82356453 0.78753358 0.75047318
 0.71294952 0.67542586 0.63827744 0.60180444 0.56624327 0.53177629
 0.49854027 0.46663369 0.43612303 0.40704816 0.37942703 0.35325965
 0.32853148]",30
2598,134729,134729,1,[1.  1.8],1
2599,71478,71478,6,[1.       1.8      2.43     2.916    3.2805   3.54294  3.720087],6
2600,20814,20814,6,[1.       1.8      2.43     2.916    3.2805   3.54294  3.720087],6
2601,309551,309551,30,"[0.25       0.45       0.6075     0.729      0.820125   0.885735
 0.93002175 0.9565938  0.96855122 0.96855122 0.95886571 0.94143179
 0.91789599 0.88965304 0.85787972 0.82356453 0.78753358 0.75047318
 0.71294952 0.67542586 0.63827744 0.60180444 0.56624327 0.53177629
 0.49854027 0.46663369 0.43612303 0.40704816 0.37942703 0.35325965
 0.32853148]",30
2602,167206,167206,60,"[0.25       0.45       0.6075     0.729      0.820125   0.885735
 0.93002175 0.9565938  0.96855122 0.96855122 0.95886571 0.94143179
 0.91789599 0.88965304 0.85787972 0.82356453 0.78753358 0.75047318
 0.71294952 0.67542586 0.63827744 0.60180444 0.56624327 0.53177629
 0.49854027 0.46663369 0.43612303 0.40704816 0.37942703 0.35325965
 0.32853148 0.30521634 0.28327892 0.26267681 0.24336234 0.225284
 0.2083877  0.19261782 0.17791804 0.16423203 0.15150405 0.13967934
 0.12870454 0.1185279  0.10909954 0.10037158 0.09229821 0.08483581
 0.0779429  0.07158021 0.06571063 0.06029917 0.05531289 0.05072088
 0.04649414 0.04260554 0.03902972 0.035743   0.03272334 0.02995017
 0.02740441]",60
2603,208332,208332,9,"[1.         1.8        2.43       2.916      3.2805     3.54294
 3.720087   3.8263752  3.87420489]",8
2604,131463,131463,60,"[0.25       0.45       0.6075     0.729      0.820125   0.885735
 0.93002175 0.9565938  0.96855122 0.96855122 0.95886571 0.94143179
 0.91789599 0.88965304 0.85787972 0.82356453 0.78753358 0.75047318
 0.71294952 0.67542586 0.63827744 0.60180444 0.56624327 0.53177629
 0.49854027 0.46663369 0.43612303 0.40704816 0.37942703 0.35325965
 0.32853148 0.30521634 0.28327892 0.26267681 0.24336234 0.225284
 0.2083877  0.19261782 0.17791804 0.16423203 0.15150405 0.13967934
 0.12870454 0.1185279  0.10909954 0.10037158 0.09229821 0.08483581
 0.0779429  0.07158021 0.06571063 0.06029917 0.05531289 0.05072088
 0.04649414 0.04260554 0.03902972 0.035743   0.03272334 0.02995017
 0.02740441]",60
2605,85255,85255,3,[0.29411765 0.52941176 0.71470588 0.85764706],3
2606,246108,246108,9,"[1.         1.8        2.43       2.916      3.2805     3.54294
 3.720087   3.8263752  3.87420489]",8
2607,288888,288888,30,"[0.25       0.45       0.6075     0.729      0.820125   0.885735
 0.93002175 0.9565938  0.96855122 0.96855122 0.95886571 0.94143179
 0.91789599 0.88965304 0.85787972 0.82356453 0.78753358 0.75047318
 0.71294952 0.67542586 0.63827744 0.60180444 0.56624327 0.53177629
 0.49854027 0.46663369 0.43612303 0.40704816 0.37942703 0.35325965
 0.32853148]",30
2608,105844,105844,3,[0.29411765 0.52941176 0.71470588 0.85764706],3
2609,309250,309250,3,[0.29411765 0.52941176 0.71470588 0.85764706],3
2610,61190,61190,60,"[0.25       0.45       0.6075     0.729      0.820125   0.885735
 0.93002175 0.9565938  0.96855122 0.96855122 0.95886571 0.94143179
 0.91789599 0.88965304 0.85787972 0.82356453 0.78753358 0.75047318
 0.71294952 0.67542586 0.63827744 0.60180444 0.56624327 0.53177629
 0.49854027 0.46663369 0.43612303 0.40704816 0.37942703 0.35325965
 0.32853148 0.30521634 0.28327892 0.26267681 0.24336234 0.225284
 0.2083877  0.19261782 0.17791804 0.16423203 0.15150405 0.13967934
 0.12870454 0.1185279  0.10909954 0.10037158 0.09229821 0.08483581
 0.0779429  0.07158021 0.06571063 0.06029917 0.05531289 0.05072088
 0.04649414 0.04260554 0.03902972 0.035743   0.03272334 0.02995017
 0.02740441]",60
2611,33497,33497,1,[1.  1.8],1
2612,276828,276828,9,"[1.         1.8        2.43       2.916      3.2805     3.54294
 3.720087   3.8263752  3.87420489]",8
2613,287548,287548,1,[1.  1.8],1
2614,284421,284421,60,"[0.25       0.45       0.6075     0.729      0.820125   0.885735
 0.93002175 0.9565938  0.96855122 0.96855122 0.95886571 0.94143179
 0.91789599 0.88965304 0.85787972 0.82356453 0.78753358 0.75047318
 0.71294952 0.67542586 0.63827744 0.60180444 0.56624327 0.53177629
 0.49854027 0.46663369 0.43612303 0.40704816 0.37942703 0.35325965
 0.32853148 0.30521634 0.28327892 0.26267681 0.24336234 0.225284
 0.2083877  0.19261782 0.17791804 0.16423203 0.15150405 0.13967934
 0.12870454 0.1185279  0.10909954 0.10037158 0.09229821 0.08483581
 0.0779429  0.07158021 0.06571063 0.06029917 0.05531289 0.05072088
 0.04649414 0.04260554 0.03902972 0.035743   0.03272334 0.02995017
 0.02740441]",60
2615,337009,337009,3,[0.29411765 0.52941176 0.71470588 0.85764706],3
2616,196302,196302,60,"[0.25       0.45       0.6075     0.729      0.820125   0.885735
 0.93002175 0.9565938  0.96855122 0.96855122 0.95886571 0.94143179
 0.91789599 0.88965304 0.85787972 0.82356453 0.78753358 0.75047318
 0.71294952 0.67542586 0.63827744 0.60180444 0.56624327 0.53177629
 0.49854027 0.46663369 0.43612303 0.40704816 0.37942703 0.35325965
 0.32853148 0.30521634 0.28327892 0.26267681 0.24336234 0.225284
 0.2083877  0.19261782 0.17791804 0.16423203 0.15150405 0.13967934
 0.12870454 0.1185279  0.10909954 0.10037158 0.09229821 0.08483581
 0.0779429  0.07158021 0.06571063 0.06029917 0.05531289 0.05072088
 0.04649414 0.04260554 0.03902972 0.035743   0.03272334 0.02995017
 0.02740441]",60
2617,326021,326021,30,"[0.25       0.45       0.6075     0.729      0.820125   0.885735
 0.93002175 0.9565938  0.96855122 0.96855122 0.95886571 0.94143179
 0.91789599 0.88965304 0.85787972 0.82356453 0.78753358 0.75047318
 0.71294952 0.67542586 0.63827744 0.60180444 0.56624327 0.53177629
 0.49854027 0.46663369 0.43612303 0.40704816 0.37942703 0.35325965
 0.32853148]",30
2618,234528,234528,1,[1.  1.8],1
2619,184474,184474,3,[0.29411765 0.52941176 0.71470588 0.85764706],3
2620,196252,196252,1,[1.  1.8],1
2621,305890,305890,60,"[0.25       0.45       0.6075     0.729      0.820125   0.885735
 0.93002175 0.9565938  0.96855122 0.96855122 0.95886571 0.94143179
 0.91789599 0.88965304 0.85787972 0.82356453 0.78753358 0.75047318
 0.71294952 0.67542586 0.63827744 0.60180444 0.56624327 0.53177629
 0.49854027 0.46663369 0.43612303 0.40704816 0.37942703 0.35325965
 0.32853148 0.30521634 0.28327892 0.26267681 0.24336234 0.225284
 0.2083877  0.19261782 0.17791804 0.16423203 0.15150405 0.13967934
 0.12870454 0.1185279  0.10909954 0.10037158 0.09229821 0.08483581
 0.0779429  0.07158021 0.06571063 0.06029917 0.05531289 0.05072088
 0.04649414 0.04260554 0.03902972 0.035743   0.03272334 0.02995017
 0.02740441]",60
2622,136350,136350,6,[1.       1.8      2.43     2.916    3.2805   3.54294  3.720087],6
2623,54252,54252,3,[0.29411765 0.52941176 0.71470588 0.85764706],3
2624,214428,214428,60,"[0.25       0.45       0.6075     0.729      0.820125   0.885735
 0.93002175 0.9565938  0.96855122 0.96855122 0.95886571 0.94143179
 0.91789599 0.88965304 0.85787972 0.82356453 0.78753358 0.75047318
 0.71294952 0.67542586 0.63827744 0.60180444 0.56624327 0.53177629
 0.49854027 0.46663369 0.43612303 0.40704816 0.37942703 0.35325965
 0.32853148 0.30521634 0.28327892 0.26267681 0.24336234 0.225284
 0.2083877  0.19261782 0.17791804 0.16423203 0.15150405 0.13967934
 0.12870454 0.1185279  0.10909954 0.10037158 0.09229821 0.08483581
 0.0779429  0.07158021 0.06571063 0.06029917 0.05531289 0.05072088
 0.04649414 0.04260554 0.03902972 0.035743   0.03272334 0.02995017
 0.02740441]",60
2625,81409,81409,6,[1.       1.8      2.43     2.916    3.2805   3.54294  3.720087],6
2626,17824,17824,1,[1.  1.8],1
2627,286412,286412,1,[1.  1.8],1
2628,284524,284524,9,"[1.         1.8        2.43       2.916      3.2805     3.54294
 3.720087   3.8263752  3.87420489]",8
2629,260636,260636,3,[0.29411765 0.52941176 0.71470588 0.85764706],3
2630,264180,264180,1,[1.  1.8],1
2631,244163,244163,1,[1.  1.8],1
2632,104599,104599,1,[1.  1.8],1
2633,289315,289315,9,"[1.         1.8        2.43       2.916      3.2805     3.54294
 3.720087   3.8263752  3.87420489]",8
2634,131194,131194,6,[1.       1.8      2.43     2.916    3.2805   3.54294  3.720087],6
2635,148876,148876,30,"[0.25       0.45       0.6075     0.729      0.820125   0.885735
 0.93002175 0.9565938  0.96855122 0.96855122 0.95886571 0.94143179
 0.91789599 0.88965304 0.85787972 0.82356453 0.78753358 0.75047318
 0.71294952 0.67542586 0.63827744 0.60180444 0.56624327 0.53177629
 0.49854027 0.46663369 0.43612303 0.40704816 0.37942703 0.35325965
 0.32853148]",30
2636,79992,79992,30,"[0.25       0.45       0.6075     0.729      0.820125   0.885735
 0.93002175 0.9565938  0.96855122 0.96855122 0.95886571 0.94143179
 0.91789599 0.88965304 0.85787972 0.82356453 0.78753358 0.75047318
 0.71294952 0.67542586 0.63827744 0.60180444 0.56624327 0.53177629
 0.49854027 0.46663369 0.43612303 0.40704816 0.37942703 0.35325965
 0.32853148]",30
2637,117041,117041,1,[1.  1.8],1
2638,313253,313253,60,"[0.25       0.45       0.6075     0.729      0.820125   0.885735
 0.93002175 0.9565938  0.96855122 0.96855122 0.95886571 0.94143179
 0.91789599 0.88965304 0.85787972 0.82356453 0.78753358 0.75047318
 0.71294952 0.67542586 0.63827744 0.60180444 0.56624327 0.53177629
 0.49854027 0.46663369 0.43612303 0.40704816 0.37942703 0.35325965
 0.32853148 0.30521634 0.28327892 0.26267681 0.24336234 0.225284
 0.2083877  0.19261782 0.17791804 0.16423203 0.15150405 0.13967934
 0.12870454 0.1185279  0.10909954 0.10037158 0.09229821 0.08483581
 0.0779429  0.07158021 0.06571063 0.06029917 0.05531289 0.05072088
 0.04649414 0.04260554 0.03902972 0.035743   0.03272334 0.02995017
 0.02740441]",60
2639,303358,303358,9,"[1.         1.8        2.43       2.916      3.2805     3.54294
 3.720087   3.8263752  3.87420489]",8
2640,65620,65620,60,"[0.25       0.45       0.6075     0.729      0.820125   0.885735
 0.93002175 0.9565938  0.96855122 0.96855122 0.95886571 0.94143179
 0.91789599 0.88965304 0.85787972 0.82356453 0.78753358 0.75047318
 0.71294952 0.67542586 0.63827744 0.60180444 0.56624327 0.53177629
 0.49854027 0.46663369 0.43612303 0.40704816 0.37942703 0.35325965
 0.32853148 0.30521634 0.28327892 0.26267681 0.24336234 0.225284
 0.2083877  0.19261782 0.17791804 0.16423203 0.15150405 0.13967934
 0.12870454 0.1185279  0.10909954 0.10037158 0.09229821 0.08483581
 0.0779429  0.07158021 0.06571063 0.06029917 0.05531289 0.05072088
 0.04649414 0.04260554 0.03902972 0.035743   0.03272334 0.02995017
 0.02740441]",60
2641,219737,219737,9,"[1.         1.8        2.43       2.916      3.2805     3.54294
 3.720087   3.8263752  3.87420489]",8
2642,9934,9934,30,"[0.25       0.45       0.6075     0.729      0.820125   0.885735
 0.93002175 0.9565938  0.96855122 0.96855122 0.95886571 0.94143179
 0.91789599 0.88965304 0.85787972 0.82356453 0.78753358 0.75047318
 0.71294952 0.67542586 0.63827744 0.60180444 0.56624327 0.53177629
 0.49854027 0.46663369 0.43612303 0.40704816 0.37942703 0.35325965
 0.32853148]",30
2643,46152,46152,9,"[1.         1.8        2.43       2.916      3.2805     3.54294
 3.720087   3.8263752  3.87420489]",8
2644,91044,91044,9,"[1.         1.8        2.43       2.916      3.2805     3.54294
 3.720087   3.8263752  3.87420489]",8
2645,323586,323586,6,[1.       1.8      2.43     2.916    3.2805   3.54294  3.720087],6
2646,222917,222917,3,[0.29411765 0.52941176 0.71470588 0.85764706],3
2647,241893,241893,9,"[1.         1.8        2.43       2.916      3.2805     3.54294
 3.720087   3.8263752  3.87420489]",8
2648,48022,48022,1,[1.  1.8],1
2649,19220,19220,30,"[0.25       0.45       0.6075     0.729      0.820125   0.885735
 0.93002175 0.9565938  0.96855122 0.96855122 0.95886571 0.94143179
 0.91789599 0.88965304 0.85787972 0.82356453 0.78753358 0.75047318
 0.71294952 0.67542586 0.63827744 0.60180444 0.56624327 0.53177629
 0.49854027 0.46663369 0.43612303 0.40704816 0.37942703 0.35325965
 0.32853148]",30
2650,333086,333086,1,[1.  1.8],1
2651,333584,333584,6,[1.       1.8      2.43     2.916    3.2805   3.54294  3.720087],6
2652,120738,120738,6,[1.       1.8      2.43     2.916    3.2805   3.54294  3.720087],6
2653,143593,143593,3,[0.29411765 0.52941176 0.71470588 0.85764706],3
2654,178760,178760,9,"[1.         1.8        2.43       2.916      3.2805     3.54294
 3.720087   3.8263752  3.87420489]",8
2655,42791,42791,30,"[0.25       0.45       0.6075     0.729      0.820125   0.885735
 0.93002175 0.9565938  0.96855122 0.96855122 0.95886571 0.94143179
 0.91789599 0.88965304 0.85787972 0.82356453 0.78753358 0.75047318
 0.71294952 0.67542586 0.63827744 0.60180444 0.56624327 0.53177629
 0.49854027 0.46663369 0.43612303 0.40704816 0.37942703 0.35325965
 0.32853148]",30
2656,51680,51680,1,[1.  1.8],1
2657,32819,32819,9,"[1.         1.8        2.43       2.916      3.2805     3.54294
 3.720087   3.8263752  3.87420489]",8
2658,164753,164753,3,[0.29411765 0.52941176 0.71470588 0.85764706],3
2659,266663,266663,60,"[0.25       0.45       0.6075     0.729      0.820125   0.885735
 0.93002175 0.9565938  0.96855122 0.96855122 0.95886571 0.94143179
 0.91789599 0.88965304 0.85787972 0.82356453 0.78753358 0.75047318
 0.71294952 0.67542586 0.63827744 0.60180444 0.56624327 0.53177629
 0.49854027 0.46663369 0.43612303 0.40704816 0.37942703 0.35325965
 0.32853148 0.30521634 0.28327892 0.26267681 0.24336234 0.225284
 0.2083877  0.19261782 0.17791804 0.16423203 0.15150405 0.13967934
 0.12870454 0.1185279  0.10909954 0.10037158 0.09229821 0.08483581
 0.0779429  0.07158021 0.06571063 0.06029917 0.05531289 0.05072088
 0.04649414 0.04260554 0.03902972 0.035743   0.03272334 0.02995017
 0.02740441]",60
2660,48653,48653,9,"[1.         1.8        2.43       2.916      3.2805     3.54294
 3.720087   3.8263752  3.87420489]",8
2661,20840,20840,9,"[1.         1.8        2.43       2.916      3.2805     3.54294
 3.720087   3.8263752  3.87420489]",8
2662,214360,214360,60,"[0.25       0.45       0.6075     0.729      0.820125   0.885735
 0.93002175 0.9565938  0.96855122 0.96855122 0.95886571 0.94143179
 0.91789599 0.88965304 0.85787972 0.82356453 0.78753358 0.75047318
 0.71294952 0.67542586 0.63827744 0.60180444 0.56624327 0.53177629
 0.49854027 0.46663369 0.43612303 0.40704816 0.37942703 0.35325965
 0.32853148 0.30521634 0.28327892 0.26267681 0.24336234 0.225284
 0.2083877  0.19261782 0.17791804 0.16423203 0.15150405 0.13967934
 0.12870454 0.1185279  0.10909954 0.10037158 0.09229821 0.08483581
 0.0779429  0.07158021 0.06571063 0.06029917 0.05531289 0.05072088
 0.04649414 0.04260554 0.03902972 0.035743   0.03272334 0.02995017
 0.02740441]",60
2663,54039,54039,6,[1.       1.8      2.43     2.916    3.2805   3.54294  3.720087],6
2664,2976,2976,9,"[1.         1.8        2.43       2.916      3.2805     3.54294
 3.720087   3.8263752  3.87420489]",8
2665,230760,230760,9,"[1.         1.8        2.43       2.916      3.2805     3.54294
 3.720087   3.8263752  3.87420489]",8
2666,188333,188333,30,"[0.25       0.45       0.6075     0.729      0.820125   0.885735
 0.93002175 0.9565938  0.96855122 0.96855122 0.95886571 0.94143179
 0.91789599 0.88965304 0.85787972 0.82356453 0.78753358 0.75047318
 0.71294952 0.67542586 0.63827744 0.60180444 0.56624327 0.53177629
 0.49854027 0.46663369 0.43612303 0.40704816 0.37942703 0.35325965
 0.32853148]",30
2667,113923,113923,9,"[1.         1.8        2.43       2.916      3.2805     3.54294
 3.720087   3.8263752  3.87420489]",8
2668,234976,234976,9,"[1.         1.8        2.43       2.916      3.2805     3.54294
 3.720087   3.8263752  3.87420489]",8
2669,304065,304065,60,"[0.25       0.45       0.6075     0.729      0.820125   0.885735
 0.93002175 0.9565938  0.96855122 0.96855122 0.95886571 0.94143179
 0.91789599 0.88965304 0.85787972 0.82356453 0.78753358 0.75047318
 0.71294952 0.67542586 0.63827744 0.60180444 0.56624327 0.53177629
 0.49854027 0.46663369 0.43612303 0.40704816 0.37942703 0.35325965
 0.32853148 0.30521634 0.28327892 0.26267681 0.24336234 0.225284
 0.2083877  0.19261782 0.17791804 0.16423203 0.15150405 0.13967934
 0.12870454 0.1185279  0.10909954 0.10037158 0.09229821 0.08483581
 0.0779429  0.07158021 0.06571063 0.06029917 0.05531289 0.05072088
 0.04649414 0.04260554 0.03902972 0.035743   0.03272334 0.02995017
 0.02740441]",60
2670,152920,152920,3,[0.29411765 0.52941176 0.71470588 0.85764706],3
2671,280094,280094,30,"[0.25       0.45       0.6075     0.729      0.820125   0.885735
 0.93002175 0.9565938  0.96855122 0.96855122 0.95886571 0.94143179
 0.91789599 0.88965304 0.85787972 0.82356453 0.78753358 0.75047318
 0.71294952 0.67542586 0.63827744 0.60180444 0.56624327 0.53177629
 0.49854027 0.46663369 0.43612303 0.40704816 0.37942703 0.35325965
 0.32853148]",30
2672,80929,80929,30,"[0.25       0.45       0.6075     0.729      0.820125   0.885735
 0.93002175 0.9565938  0.96855122 0.96855122 0.95886571 0.94143179
 0.91789599 0.88965304 0.85787972 0.82356453 0.78753358 0.75047318
 0.71294952 0.67542586 0.63827744 0.60180444 0.56624327 0.53177629
 0.49854027 0.46663369 0.43612303 0.40704816 0.37942703 0.35325965
 0.32853148]",30
2673,45485,45485,3,[0.29411765 0.52941176 0.71470588 0.85764706],3
2674,325781,325781,60,"[0.25       0.45       0.6075     0.729      0.820125   0.885735
 0.93002175 0.9565938  0.96855122 0.96855122 0.95886571 0.94143179
 0.91789599 0.88965304 0.85787972 0.82356453 0.78753358 0.75047318
 0.71294952 0.67542586 0.63827744 0.60180444 0.56624327 0.53177629
 0.49854027 0.46663369 0.43612303 0.40704816 0.37942703 0.35325965
 0.32853148 0.30521634 0.28327892 0.26267681 0.24336234 0.225284
 0.2083877  0.19261782 0.17791804 0.16423203 0.15150405 0.13967934
 0.12870454 0.1185279  0.10909954 0.10037158 0.09229821 0.08483581
 0.0779429  0.07158021 0.06571063 0.06029917 0.05531289 0.05072088
 0.04649414 0.04260554 0.03902972 0.035743   0.03272334 0.02995017
 0.02740441]",60
2675,19620,19620,1,[1.  1.8],1
2676,5454,5454,9,"[1.         1.8        2.43       2.916      3.2805     3.54294
 3.720087   3.8263752  3.87420489]",8
2677,216508,216508,1,[1.  1.8],1
2678,318488,318488,60,"[0.25       0.45       0.6075     0.729      0.820125   0.885735
 0.93002175 0.9565938  0.96855122 0.96855122 0.95886571 0.94143179
 0.91789599 0.88965304 0.85787972 0.82356453 0.78753358 0.75047318
 0.71294952 0.67542586 0.63827744 0.60180444 0.56624327 0.53177629
 0.49854027 0.46663369 0.43612303 0.40704816 0.37942703 0.35325965
 0.32853148 0.30521634 0.28327892 0.26267681 0.24336234 0.225284
 0.2083877  0.19261782 0.17791804 0.16423203 0.15150405 0.13967934
 0.12870454 0.1185279  0.10909954 0.10037158 0.09229821 0.08483581
 0.0779429  0.07158021 0.06571063 0.06029917 0.05531289 0.05072088
 0.04649414 0.04260554 0.03902972 0.035743   0.03272334 0.02995017
 0.02740441]",60
2679,2235,2235,30,"[0.25       0.45       0.6075     0.729      0.820125   0.885735
 0.93002175 0.9565938  0.96855122 0.96855122 0.95886571 0.94143179
 0.91789599 0.88965304 0.85787972 0.82356453 0.78753358 0.75047318
 0.71294952 0.67542586 0.63827744 0.60180444 0.56624327 0.53177629
 0.49854027 0.46663369 0.43612303 0.40704816 0.37942703 0.35325965
 0.32853148]",30
2680,104908,104908,9,"[1.         1.8        2.43       2.916      3.2805     3.54294
 3.720087   3.8263752  3.87420489]",8
2681,203722,203722,9,"[1.         1.8        2.43       2.916      3.2805     3.54294
 3.720087   3.8263752  3.87420489]",8
2682,211560,211560,30,"[0.25       0.45       0.6075     0.729      0.820125   0.885735
 0.93002175 0.9565938  0.96855122 0.96855122 0.95886571 0.94143179
 0.91789599 0.88965304 0.85787972 0.82356453 0.78753358 0.75047318
 0.71294952 0.67542586 0.63827744 0.60180444 0.56624327 0.53177629
 0.49854027 0.46663369 0.43612303 0.40704816 0.37942703 0.35325965
 0.32853148]",30
2683,256153,256153,9,"[1.         1.8        2.43       2.916      3.2805     3.54294
 3.720087   3.8263752  3.87420489]",8
2684,226665,226665,3,[0.29411765 0.52941176 0.71470588 0.85764706],3
2685,83930,83930,6,[1.       1.8      2.43     2.916    3.2805   3.54294  3.720087],6
2686,43235,43235,60,"[0.25       0.45       0.6075     0.729      0.820125   0.885735
 0.93002175 0.9565938  0.96855122 0.96855122 0.95886571 0.94143179
 0.91789599 0.88965304 0.85787972 0.82356453 0.78753358 0.75047318
 0.71294952 0.67542586 0.63827744 0.60180444 0.56624327 0.53177629
 0.49854027 0.46663369 0.43612303 0.40704816 0.37942703 0.35325965
 0.32853148 0.30521634 0.28327892 0.26267681 0.24336234 0.225284
 0.2083877  0.19261782 0.17791804 0.16423203 0.15150405 0.13967934
 0.12870454 0.1185279  0.10909954 0.10037158 0.09229821 0.08483581
 0.0779429  0.07158021 0.06571063 0.06029917 0.05531289 0.05072088
 0.04649414 0.04260554 0.03902972 0.035743   0.03272334 0.02995017
 0.02740441]",60
2687,195537,195537,9,"[1.         1.8        2.43       2.916      3.2805     3.54294
 3.720087   3.8263752  3.87420489]",8
2688,280039,280039,60,"[0.25       0.45       0.6075     0.729      0.820125   0.885735
 0.93002175 0.9565938  0.96855122 0.96855122 0.95886571 0.94143179
 0.91789599 0.88965304 0.85787972 0.82356453 0.78753358 0.75047318
 0.71294952 0.67542586 0.63827744 0.60180444 0.56624327 0.53177629
 0.49854027 0.46663369 0.43612303 0.40704816 0.37942703 0.35325965
 0.32853148 0.30521634 0.28327892 0.26267681 0.24336234 0.225284
 0.2083877  0.19261782 0.17791804 0.16423203 0.15150405 0.13967934
 0.12870454 0.1185279  0.10909954 0.10037158 0.09229821 0.08483581
 0.0779429  0.07158021 0.06571063 0.06029917 0.05531289 0.05072088
 0.04649414 0.04260554 0.03902972 0.035743   0.03272334 0.02995017
 0.02740441]",60
2689,175660,175660,6,[1.       1.8      2.43     2.916    3.2805   3.54294  3.720087],6
2690,327720,327720,60,"[0.25       0.45       0.6075     0.729      0.820125   0.885735
 0.93002175 0.9565938  0.96855122 0.96855122 0.95886571 0.94143179
 0.91789599 0.88965304 0.85787972 0.82356453 0.78753358 0.75047318
 0.71294952 0.67542586 0.63827744 0.60180444 0.56624327 0.53177629
 0.49854027 0.46663369 0.43612303 0.40704816 0.37942703 0.35325965
 0.32853148 0.30521634 0.28327892 0.26267681 0.24336234 0.225284
 0.2083877  0.19261782 0.17791804 0.16423203 0.15150405 0.13967934
 0.12870454 0.1185279  0.10909954 0.10037158 0.09229821 0.08483581
 0.0779429  0.07158021 0.06571063 0.06029917 0.05531289 0.05072088
 0.04649414 0.04260554 0.03902972 0.035743   0.03272334 0.02995017
 0.02740441]",60
2691,250,250,60,"[0.25       0.45       0.6075     0.729      0.820125   0.885735
 0.93002175 0.9565938  0.96855122 0.96855122 0.95886571 0.94143179
 0.91789599 0.88965304 0.85787972 0.82356453 0.78753358 0.75047318
 0.71294952 0.67542586 0.63827744 0.60180444 0.56624327 0.53177629
 0.49854027 0.46663369 0.43612303 0.40704816 0.37942703 0.35325965
 0.32853148 0.30521634 0.28327892 0.26267681 0.24336234 0.225284
 0.2083877  0.19261782 0.17791804 0.16423203 0.15150405 0.13967934
 0.12870454 0.1185279  0.10909954 0.10037158 0.09229821 0.08483581
 0.0779429  0.07158021 0.06571063 0.06029917 0.05531289 0.05072088
 0.04649414 0.04260554 0.03902972 0.035743   0.03272334 0.02995017
 0.02740441]",60
2692,329125,329125,3,[0.29411765 0.52941176 0.71470588 0.85764706],3
2693,211543,211543,1,[1.  1.8],1
2694,68222,68222,6,[1.       1.8      2.43     2.916    3.2805   3.54294  3.720087],6
2695,138212,138212,1,[1.  1.8],1
2696,236549,236549,30,"[0.25       0.45       0.6075     0.729      0.820125   0.885735
 0.93002175 0.9565938  0.96855122 0.96855122 0.95886571 0.94143179
 0.91789599 0.88965304 0.85787972 0.82356453 0.78753358 0.75047318
 0.71294952 0.67542586 0.63827744 0.60180444 0.56624327 0.53177629
 0.49854027 0.46663369 0.43612303 0.40704816 0.37942703 0.35325965
 0.32853148]",30
2697,176087,176087,30,"[0.25       0.45       0.6075     0.729      0.820125   0.885735
 0.93002175 0.9565938  0.96855122 0.96855122 0.95886571 0.94143179
 0.91789599 0.88965304 0.85787972 0.82356453 0.78753358 0.75047318
 0.71294952 0.67542586 0.63827744 0.60180444 0.56624327 0.53177629
 0.49854027 0.46663369 0.43612303 0.40704816 0.37942703 0.35325965
 0.32853148]",30
2698,75413,75413,30,"[0.25       0.45       0.6075     0.729      0.820125   0.885735
 0.93002175 0.9565938  0.96855122 0.96855122 0.95886571 0.94143179
 0.91789599 0.88965304 0.85787972 0.82356453 0.78753358 0.75047318
 0.71294952 0.67542586 0.63827744 0.60180444 0.56624327 0.53177629
 0.49854027 0.46663369 0.43612303 0.40704816 0.37942703 0.35325965
 0.32853148]",30
2699,160578,160578,9,"[1.         1.8        2.43       2.916      3.2805     3.54294
 3.720087   3.8263752  3.87420489]",8
2700,267326,267326,9,"[1.         1.8        2.43       2.916      3.2805     3.54294
 3.720087   3.8263752  3.87420489]",8
2701,202319,202319,1,[1.  1.8],1
2702,334719,334719,60,"[0.25       0.45       0.6075     0.729      0.820125   0.885735
 0.93002175 0.9565938  0.96855122 0.96855122 0.95886571 0.94143179
 0.91789599 0.88965304 0.85787972 0.82356453 0.78753358 0.75047318
 0.71294952 0.67542586 0.63827744 0.60180444 0.56624327 0.53177629
 0.49854027 0.46663369 0.43612303 0.40704816 0.37942703 0.35325965
 0.32853148 0.30521634 0.28327892 0.26267681 0.24336234 0.225284
 0.2083877  0.19261782 0.17791804 0.16423203 0.15150405 0.13967934
 0.12870454 0.1185279  0.10909954 0.10037158 0.09229821 0.08483581
 0.0779429  0.07158021 0.06571063 0.06029917 0.05531289 0.05072088
 0.04649414 0.04260554 0.03902972 0.035743   0.03272334 0.02995017
 0.02740441]",60
2703,346280,346280,30,"[0.25       0.45       0.6075     0.729      0.820125   0.885735
 0.93002175 0.9565938  0.96855122 0.96855122 0.95886571 0.94143179
 0.91789599 0.88965304 0.85787972 0.82356453 0.78753358 0.75047318
 0.71294952 0.67542586 0.63827744 0.60180444 0.56624327 0.53177629
 0.49854027 0.46663369 0.43612303 0.40704816 0.37942703 0.35325965
 0.32853148]",30
2704,220977,220977,1,[1.  1.8],1
2705,340590,340590,6,[1.       1.8      2.43     2.916    3.2805   3.54294  3.720087],6
2706,166569,166569,6,[1.       1.8      2.43     2.916    3.2805   3.54294  3.720087],6
2707,290957,290957,3,[0.29411765 0.52941176 0.71470588 0.85764706],3
2708,180230,180230,1,[1.  1.8],1
2709,6280,6280,9,"[1.         1.8        2.43       2.916      3.2805     3.54294
 3.720087   3.8263752  3.87420489]",8
2710,6727,6727,6,[1.       1.8      2.43     2.916    3.2805   3.54294  3.720087],6
2711,345892,345892,30,"[0.25       0.45       0.6075     0.729      0.820125   0.885735
 0.93002175 0.9565938  0.96855122 0.96855122 0.95886571 0.94143179
 0.91789599 0.88965304 0.85787972 0.82356453 0.78753358 0.75047318
 0.71294952 0.67542586 0.63827744 0.60180444 0.56624327 0.53177629
 0.49854027 0.46663369 0.43612303 0.40704816 0.37942703 0.35325965
 0.32853148]",30
2712,237679,237679,6,[1.       1.8      2.43     2.916    3.2805   3.54294  3.720087],6
2713,62141,62141,3,[0.29411765 0.52941176 0.71470588 0.85764706],3
2714,125757,125757,3,[0.29411765 0.52941176 0.71470588 0.85764706],3
2715,333162,333162,60,"[0.25       0.45       0.6075     0.729      0.820125   0.885735
 0.93002175 0.9565938  0.96855122 0.96855122 0.95886571 0.94143179
 0.91789599 0.88965304 0.85787972 0.82356453 0.78753358 0.75047318
 0.71294952 0.67542586 0.63827744 0.60180444 0.56624327 0.53177629
 0.49854027 0.46663369 0.43612303 0.40704816 0.37942703 0.35325965
 0.32853148 0.30521634 0.28327892 0.26267681 0.24336234 0.225284
 0.2083877  0.19261782 0.17791804 0.16423203 0.15150405 0.13967934
 0.12870454 0.1185279  0.10909954 0.10037158 0.09229821 0.08483581
 0.0779429  0.07158021 0.06571063 0.06029917 0.05531289 0.05072088
 0.04649414 0.04260554 0.03902972 0.035743   0.03272334 0.02995017
 0.02740441]",60
2716,209221,209221,1,[1.  1.8],1
2717,307519,307519,9,"[1.         1.8        2.43       2.916      3.2805     3.54294
 3.720087   3.8263752  3.87420489]",8
2718,42909,42909,9,"[1.         1.8        2.43       2.916      3.2805     3.54294
 3.720087   3.8263752  3.87420489]",8
2719,94376,94376,1,[1.  1.8],1
2720,46841,46841,60,"[0.25       0.45       0.6075     0.729      0.820125   0.885735
 0.93002175 0.9565938  0.96855122 0.96855122 0.95886571 0.94143179
 0.91789599 0.88965304 0.85787972 0.82356453 0.78753358 0.75047318
 0.71294952 0.67542586 0.63827744 0.60180444 0.56624327 0.53177629
 0.49854027 0.46663369 0.43612303 0.40704816 0.37942703 0.35325965
 0.32853148 0.30521634 0.28327892 0.26267681 0.24336234 0.225284
 0.2083877  0.19261782 0.17791804 0.16423203 0.15150405 0.13967934
 0.12870454 0.1185279  0.10909954 0.10037158 0.09229821 0.08483581
 0.0779429  0.07158021 0.06571063 0.06029917 0.05531289 0.05072088
 0.04649414 0.04260554 0.03902972 0.035743   0.03272334 0.02995017
 0.02740441]",60
2721,38526,38526,60,"[0.25       0.45       0.6075     0.729      0.820125   0.885735
 0.93002175 0.9565938  0.96855122 0.96855122 0.95886571 0.94143179
 0.91789599 0.88965304 0.85787972 0.82356453 0.78753358 0.75047318
 0.71294952 0.67542586 0.63827744 0.60180444 0.56624327 0.53177629
 0.49854027 0.46663369 0.43612303 0.40704816 0.37942703 0.35325965
 0.32853148 0.30521634 0.28327892 0.26267681 0.24336234 0.225284
 0.2083877  0.19261782 0.17791804 0.16423203 0.15150405 0.13967934
 0.12870454 0.1185279  0.10909954 0.10037158 0.09229821 0.08483581
 0.0779429  0.07158021 0.06571063 0.06029917 0.05531289 0.05072088
 0.04649414 0.04260554 0.03902972 0.035743   0.03272334 0.02995017
 0.02740441]",60
2722,178060,178060,9,"[1.         1.8        2.43       2.916      3.2805     3.54294
 3.720087   3.8263752  3.87420489]",8
2723,251824,251824,1,[1.  1.8],1
2724,328230,328230,1,[1.  1.8],1
2725,80676,80676,6,[1.       1.8      2.43     2.916    3.2805   3.54294  3.720087],6
2726,208321,208321,9,"[1.         1.8        2.43       2.916      3.2805     3.54294
 3.720087   3.8263752  3.87420489]",8
2727,4767,4767,60,"[0.25       0.45       0.6075     0.729      0.820125   0.885735
 0.93002175 0.9565938  0.96855122 0.96855122 0.95886571 0.94143179
 0.91789599 0.88965304 0.85787972 0.82356453 0.78753358 0.75047318
 0.71294952 0.67542586 0.63827744 0.60180444 0.56624327 0.53177629
 0.49854027 0.46663369 0.43612303 0.40704816 0.37942703 0.35325965
 0.32853148 0.30521634 0.28327892 0.26267681 0.24336234 0.225284
 0.2083877  0.19261782 0.17791804 0.16423203 0.15150405 0.13967934
 0.12870454 0.1185279  0.10909954 0.10037158 0.09229821 0.08483581
 0.0779429  0.07158021 0.06571063 0.06029917 0.05531289 0.05072088
 0.04649414 0.04260554 0.03902972 0.035743   0.03272334 0.02995017
 0.02740441]",60
2728,87967,87967,3,[0.29411765 0.52941176 0.71470588 0.85764706],3
2729,99494,99494,9,"[1.         1.8        2.43       2.916      3.2805     3.54294
 3.720087   3.8263752  3.87420489]",8
2730,102462,102462,3,[0.29411765 0.52941176 0.71470588 0.85764706],3
2731,45150,45150,60,"[0.25       0.45       0.6075     0.729      0.820125   0.885735
 0.93002175 0.9565938  0.96855122 0.96855122 0.95886571 0.94143179
 0.91789599 0.88965304 0.85787972 0.82356453 0.78753358 0.75047318
 0.71294952 0.67542586 0.63827744 0.60180444 0.56624327 0.53177629
 0.49854027 0.46663369 0.43612303 0.40704816 0.37942703 0.35325965
 0.32853148 0.30521634 0.28327892 0.26267681 0.24336234 0.225284
 0.2083877  0.19261782 0.17791804 0.16423203 0.15150405 0.13967934
 0.12870454 0.1185279  0.10909954 0.10037158 0.09229821 0.08483581
 0.0779429  0.07158021 0.06571063 0.06029917 0.05531289 0.05072088
 0.04649414 0.04260554 0.03902972 0.035743   0.03272334 0.02995017
 0.02740441]",60
2732,139200,139200,30,"[0.25       0.45       0.6075     0.729      0.820125   0.885735
 0.93002175 0.9565938  0.96855122 0.96855122 0.95886571 0.94143179
 0.91789599 0.88965304 0.85787972 0.82356453 0.78753358 0.75047318
 0.71294952 0.67542586 0.63827744 0.60180444 0.56624327 0.53177629
 0.49854027 0.46663369 0.43612303 0.40704816 0.37942703 0.35325965
 0.32853148]",30
2733,343990,343990,1,[1.  1.8],1
2734,31014,31014,1,[1.  1.8],1
2735,7970,7970,3,[0.29411765 0.52941176 0.71470588 0.85764706],3
2736,19220,19220,6,[1.       1.8      2.43     2.916    3.2805   3.54294  3.720087],6
2737,92184,92184,9,"[1.         1.8        2.43       2.916      3.2805     3.54294
 3.720087   3.8263752  3.87420489]",8
2738,119980,119980,1,[1.  1.8],1
2739,72299,72299,6,[1.       1.8      2.43     2.916    3.2805   3.54294  3.720087],6
2740,254910,254910,1,[1.  1.8],1
2741,142665,142665,6,[1.       1.8      2.43     2.916    3.2805   3.54294  3.720087],6
2742,242328,242328,30,"[0.25       0.45       0.6075     0.729      0.820125   0.885735
 0.93002175 0.9565938  0.96855122 0.96855122 0.95886571 0.94143179
 0.91789599 0.88965304 0.85787972 0.82356453 0.78753358 0.75047318
 0.71294952 0.67542586 0.63827744 0.60180444 0.56624327 0.53177629
 0.49854027 0.46663369 0.43612303 0.40704816 0.37942703 0.35325965
 0.32853148]",30
2743,283411,283411,6,[1.       1.8      2.43     2.916    3.2805   3.54294  3.720087],6
2744,274886,274886,60,"[0.25       0.45       0.6075     0.729      0.820125   0.885735
 0.93002175 0.9565938  0.96855122 0.96855122 0.95886571 0.94143179
 0.91789599 0.88965304 0.85787972 0.82356453 0.78753358 0.75047318
 0.71294952 0.67542586 0.63827744 0.60180444 0.56624327 0.53177629
 0.49854027 0.46663369 0.43612303 0.40704816 0.37942703 0.35325965
 0.32853148 0.30521634 0.28327892 0.26267681 0.24336234 0.225284
 0.2083877  0.19261782 0.17791804 0.16423203 0.15150405 0.13967934
 0.12870454 0.1185279  0.10909954 0.10037158 0.09229821 0.08483581
 0.0779429  0.07158021 0.06571063 0.06029917 0.05531289 0.05072088
 0.04649414 0.04260554 0.03902972 0.035743   0.03272334 0.02995017
 0.02740441]",60
2745,57818,57818,30,"[0.25       0.45       0.6075     0.729      0.820125   0.885735
 0.93002175 0.9565938  0.96855122 0.96855122 0.95886571 0.94143179
 0.91789599 0.88965304 0.85787972 0.82356453 0.78753358 0.75047318
 0.71294952 0.67542586 0.63827744 0.60180444 0.56624327 0.53177629
 0.49854027 0.46663369 0.43612303 0.40704816 0.37942703 0.35325965
 0.32853148]",30
2746,158828,158828,60,"[0.25       0.45       0.6075     0.729      0.820125   0.885735
 0.93002175 0.9565938  0.96855122 0.96855122 0.95886571 0.94143179
 0.91789599 0.88965304 0.85787972 0.82356453 0.78753358 0.75047318
 0.71294952 0.67542586 0.63827744 0.60180444 0.56624327 0.53177629
 0.49854027 0.46663369 0.43612303 0.40704816 0.37942703 0.35325965
 0.32853148 0.30521634 0.28327892 0.26267681 0.24336234 0.225284
 0.2083877  0.19261782 0.17791804 0.16423203 0.15150405 0.13967934
 0.12870454 0.1185279  0.10909954 0.10037158 0.09229821 0.08483581
 0.0779429  0.07158021 0.06571063 0.06029917 0.05531289 0.05072088
 0.04649414 0.04260554 0.03902972 0.035743   0.03272334 0.02995017
 0.02740441]",60
2747,290498,290498,6,[1.       1.8      2.43     2.916    3.2805   3.54294  3.720087],6
2748,260488,260488,30,"[0.25       0.45       0.6075     0.729      0.820125   0.885735
 0.93002175 0.9565938  0.96855122 0.96855122 0.95886571 0.94143179
 0.91789599 0.88965304 0.85787972 0.82356453 0.78753358 0.75047318
 0.71294952 0.67542586 0.63827744 0.60180444 0.56624327 0.53177629
 0.49854027 0.46663369 0.43612303 0.40704816 0.37942703 0.35325965
 0.32853148]",30
2749,334638,334638,6,[1.       1.8      2.43     2.916    3.2805   3.54294  3.720087],6
2750,46846,46846,30,"[0.25       0.45       0.6075     0.729      0.820125   0.885735
 0.93002175 0.9565938  0.96855122 0.96855122 0.95886571 0.94143179
 0.91789599 0.88965304 0.85787972 0.82356453 0.78753358 0.75047318
 0.71294952 0.67542586 0.63827744 0.60180444 0.56624327 0.53177629
 0.49854027 0.46663369 0.43612303 0.40704816 0.37942703 0.35325965
 0.32853148]",30
2751,226709,226709,1,[1.  1.8],1
2752,71011,71011,1,[1.  1.8],1
2753,136618,136618,6,[1.       1.8      2.43     2.916    3.2805   3.54294  3.720087],6
2754,169341,169341,9,"[1.         1.8        2.43       2.916      3.2805     3.54294
 3.720087   3.8263752  3.87420489]",8
2755,119477,119477,3,[0.29411765 0.52941176 0.71470588 0.85764706],3
2756,160175,160175,1,[1.  1.8],1
2757,115121,115121,6,[1.       1.8      2.43     2.916    3.2805   3.54294  3.720087],6
2758,218788,218788,3,[0.29411765 0.52941176 0.71470588 0.85764706],3
2759,69494,69494,3,[0.29411765 0.52941176 0.71470588 0.85764706],3
2760,120196,120196,6,[1.       1.8      2.43     2.916    3.2805   3.54294  3.720087],6
2761,132651,132651,9,"[1.         1.8        2.43       2.916      3.2805     3.54294
 3.720087   3.8263752  3.87420489]",8
2762,331200,331200,6,[1.       1.8      2.43     2.916    3.2805   3.54294  3.720087],6
2763,273520,273520,1,[1.  1.8],1
2764,286413,286413,1,[1.  1.8],1
2765,275661,275661,30,"[0.25       0.45       0.6075     0.729      0.820125   0.885735
 0.93002175 0.9565938  0.96855122 0.96855122 0.95886571 0.94143179
 0.91789599 0.88965304 0.85787972 0.82356453 0.78753358 0.75047318
 0.71294952 0.67542586 0.63827744 0.60180444 0.56624327 0.53177629
 0.49854027 0.46663369 0.43612303 0.40704816 0.37942703 0.35325965
 0.32853148]",30
2766,140055,140055,3,[0.29411765 0.52941176 0.71470588 0.85764706],3
2767,103508,103508,30,"[0.25       0.45       0.6075     0.729      0.820125   0.885735
 0.93002175 0.9565938  0.96855122 0.96855122 0.95886571 0.94143179
 0.91789599 0.88965304 0.85787972 0.82356453 0.78753358 0.75047318
 0.71294952 0.67542586 0.63827744 0.60180444 0.56624327 0.53177629
 0.49854027 0.46663369 0.43612303 0.40704816 0.37942703 0.35325965
 0.32853148]",30
2768,125066,125066,6,[1.       1.8      2.43     2.916    3.2805   3.54294  3.720087],6
2769,45209,45209,60,"[0.25       0.45       0.6075     0.729      0.820125   0.885735
 0.93002175 0.9565938  0.96855122 0.96855122 0.95886571 0.94143179
 0.91789599 0.88965304 0.85787972 0.82356453 0.78753358 0.75047318
 0.71294952 0.67542586 0.63827744 0.60180444 0.56624327 0.53177629
 0.49854027 0.46663369 0.43612303 0.40704816 0.37942703 0.35325965
 0.32853148 0.30521634 0.28327892 0.26267681 0.24336234 0.225284
 0.2083877  0.19261782 0.17791804 0.16423203 0.15150405 0.13967934
 0.12870454 0.1185279  0.10909954 0.10037158 0.09229821 0.08483581
 0.0779429  0.07158021 0.06571063 0.06029917 0.05531289 0.05072088
 0.04649414 0.04260554 0.03902972 0.035743   0.03272334 0.02995017
 0.02740441]",60
2770,27716,27716,60,"[0.25       0.45       0.6075     0.729      0.820125   0.885735
 0.93002175 0.9565938  0.96855122 0.96855122 0.95886571 0.94143179
 0.91789599 0.88965304 0.85787972 0.82356453 0.78753358 0.75047318
 0.71294952 0.67542586 0.63827744 0.60180444 0.56624327 0.53177629
 0.49854027 0.46663369 0.43612303 0.40704816 0.37942703 0.35325965
 0.32853148 0.30521634 0.28327892 0.26267681 0.24336234 0.225284
 0.2083877  0.19261782 0.17791804 0.16423203 0.15150405 0.13967934
 0.12870454 0.1185279  0.10909954 0.10037158 0.09229821 0.08483581
 0.0779429  0.07158021 0.06571063 0.06029917 0.05531289 0.05072088
 0.04649414 0.04260554 0.03902972 0.035743   0.03272334 0.02995017
 0.02740441]",60
2771,82108,82108,60,"[0.25       0.45       0.6075     0.729      0.820125   0.885735
 0.93002175 0.9565938  0.96855122 0.96855122 0.95886571 0.94143179
 0.91789599 0.88965304 0.85787972 0.82356453 0.78753358 0.75047318
 0.71294952 0.67542586 0.63827744 0.60180444 0.56624327 0.53177629
 0.49854027 0.46663369 0.43612303 0.40704816 0.37942703 0.35325965
 0.32853148 0.30521634 0.28327892 0.26267681 0.24336234 0.225284
 0.2083877  0.19261782 0.17791804 0.16423203 0.15150405 0.13967934
 0.12870454 0.1185279  0.10909954 0.10037158 0.09229821 0.08483581
 0.0779429  0.07158021 0.06571063 0.06029917 0.05531289 0.05072088
 0.04649414 0.04260554 0.03902972 0.035743   0.03272334 0.02995017
 0.02740441]",60
2772,266870,266870,1,[1.  1.8],1
2773,8925,8925,9,"[1.         1.8        2.43       2.916      3.2805     3.54294
 3.720087   3.8263752  3.87420489]",8
2774,287944,287944,60,"[0.25       0.45       0.6075     0.729      0.820125   0.885735
 0.93002175 0.9565938  0.96855122 0.96855122 0.95886571 0.94143179
 0.91789599 0.88965304 0.85787972 0.82356453 0.78753358 0.75047318
 0.71294952 0.67542586 0.63827744 0.60180444 0.56624327 0.53177629
 0.49854027 0.46663369 0.43612303 0.40704816 0.37942703 0.35325965
 0.32853148 0.30521634 0.28327892 0.26267681 0.24336234 0.225284
 0.2083877  0.19261782 0.17791804 0.16423203 0.15150405 0.13967934
 0.12870454 0.1185279  0.10909954 0.10037158 0.09229821 0.08483581
 0.0779429  0.07158021 0.06571063 0.06029917 0.05531289 0.05072088
 0.04649414 0.04260554 0.03902972 0.035743   0.03272334 0.02995017
 0.02740441]",60
2775,182936,182936,1,[1.  1.8],1
2776,333337,333337,1,[1.  1.8],1
2777,224214,224214,60,"[0.25       0.45       0.6075     0.729      0.820125   0.885735
 0.93002175 0.9565938  0.96855122 0.96855122 0.95886571 0.94143179
 0.91789599 0.88965304 0.85787972 0.82356453 0.78753358 0.75047318
 0.71294952 0.67542586 0.63827744 0.60180444 0.56624327 0.53177629
 0.49854027 0.46663369 0.43612303 0.40704816 0.37942703 0.35325965
 0.32853148 0.30521634 0.28327892 0.26267681 0.24336234 0.225284
 0.2083877  0.19261782 0.17791804 0.16423203 0.15150405 0.13967934
 0.12870454 0.1185279  0.10909954 0.10037158 0.09229821 0.08483581
 0.0779429  0.07158021 0.06571063 0.06029917 0.05531289 0.05072088
 0.04649414 0.04260554 0.03902972 0.035743   0.03272334 0.02995017
 0.02740441]",60
2778,241426,241426,6,[1.       1.8      2.43     2.916    3.2805   3.54294  3.720087],6
2779,141284,141284,60,"[0.25       0.45       0.6075     0.729      0.820125   0.885735
 0.93002175 0.9565938  0.96855122 0.96855122 0.95886571 0.94143179
 0.91789599 0.88965304 0.85787972 0.82356453 0.78753358 0.75047318
 0.71294952 0.67542586 0.63827744 0.60180444 0.56624327 0.53177629
 0.49854027 0.46663369 0.43612303 0.40704816 0.37942703 0.35325965
 0.32853148 0.30521634 0.28327892 0.26267681 0.24336234 0.225284
 0.2083877  0.19261782 0.17791804 0.16423203 0.15150405 0.13967934
 0.12870454 0.1185279  0.10909954 0.10037158 0.09229821 0.08483581
 0.0779429  0.07158021 0.06571063 0.06029917 0.05531289 0.05072088
 0.04649414 0.04260554 0.03902972 0.035743   0.03272334 0.02995017
 0.02740441]",60
2780,20302,20302,9,"[1.         1.8        2.43       2.916      3.2805     3.54294
 3.720087   3.8263752  3.87420489]",8
2781,62596,62596,30,"[0.25       0.45       0.6075     0.729      0.820125   0.885735
 0.93002175 0.9565938  0.96855122 0.96855122 0.95886571 0.94143179
 0.91789599 0.88965304 0.85787972 0.82356453 0.78753358 0.75047318
 0.71294952 0.67542586 0.63827744 0.60180444 0.56624327 0.53177629
 0.49854027 0.46663369 0.43612303 0.40704816 0.37942703 0.35325965
 0.32853148]",30
2782,317411,317411,9,"[1.         1.8        2.43       2.916      3.2805     3.54294
 3.720087   3.8263752  3.87420489]",8
2783,234919,234919,60,"[0.25       0.45       0.6075     0.729      0.820125   0.885735
 0.93002175 0.9565938  0.96855122 0.96855122 0.95886571 0.94143179
 0.91789599 0.88965304 0.85787972 0.82356453 0.78753358 0.75047318
 0.71294952 0.67542586 0.63827744 0.60180444 0.56624327 0.53177629
 0.49854027 0.46663369 0.43612303 0.40704816 0.37942703 0.35325965
 0.32853148 0.30521634 0.28327892 0.26267681 0.24336234 0.225284
 0.2083877  0.19261782 0.17791804 0.16423203 0.15150405 0.13967934
 0.12870454 0.1185279  0.10909954 0.10037158 0.09229821 0.08483581
 0.0779429  0.07158021 0.06571063 0.06029917 0.05531289 0.05072088
 0.04649414 0.04260554 0.03902972 0.035743   0.03272334 0.02995017
 0.02740441]",60
2784,180872,180872,1,[1.  1.8],1
2785,61596,61596,9,"[1.         1.8        2.43       2.916      3.2805     3.54294
 3.720087   3.8263752  3.87420489]",8
2786,242786,242786,1,[1.  1.8],1
2787,330686,330686,6,[1.       1.8      2.43     2.916    3.2805   3.54294  3.720087],6
2788,192643,192643,6,[1.       1.8      2.43     2.916    3.2805   3.54294  3.720087],6
2789,139830,139830,6,[1.       1.8      2.43     2.916    3.2805   3.54294  3.720087],6
2790,130457,130457,6,[1.       1.8      2.43     2.916    3.2805   3.54294  3.720087],6
2791,29352,29352,3,[0.29411765 0.52941176 0.71470588 0.85764706],3
2792,107060,107060,30,"[0.25       0.45       0.6075     0.729      0.820125   0.885735
 0.93002175 0.9565938  0.96855122 0.96855122 0.95886571 0.94143179
 0.91789599 0.88965304 0.85787972 0.82356453 0.78753358 0.75047318
 0.71294952 0.67542586 0.63827744 0.60180444 0.56624327 0.53177629
 0.49854027 0.46663369 0.43612303 0.40704816 0.37942703 0.35325965
 0.32853148]",30
2793,69494,69494,1,[1.  1.8],1
2794,42374,42374,60,"[0.25       0.45       0.6075     0.729      0.820125   0.885735
 0.93002175 0.9565938  0.96855122 0.96855122 0.95886571 0.94143179
 0.91789599 0.88965304 0.85787972 0.82356453 0.78753358 0.75047318
 0.71294952 0.67542586 0.63827744 0.60180444 0.56624327 0.53177629
 0.49854027 0.46663369 0.43612303 0.40704816 0.37942703 0.35325965
 0.32853148 0.30521634 0.28327892 0.26267681 0.24336234 0.225284
 0.2083877  0.19261782 0.17791804 0.16423203 0.15150405 0.13967934
 0.12870454 0.1185279  0.10909954 0.10037158 0.09229821 0.08483581
 0.0779429  0.07158021 0.06571063 0.06029917 0.05531289 0.05072088
 0.04649414 0.04260554 0.03902972 0.035743   0.03272334 0.02995017
 0.02740441]",60
2795,161071,161071,6,[1.       1.8      2.43     2.916    3.2805   3.54294  3.720087],6
2796,191639,191639,9,"[1.         1.8        2.43       2.916      3.2805     3.54294
 3.720087   3.8263752  3.87420489]",8
2797,228280,228280,6,[1.       1.8      2.43     2.916    3.2805   3.54294  3.720087],6
2798,318460,318460,6,[1.       1.8      2.43     2.916    3.2805   3.54294  3.720087],6
2799,60657,60657,9,"[1.         1.8        2.43       2.916      3.2805     3.54294
 3.720087   3.8263752  3.87420489]",8
2800,292886,292886,6,[1.       1.8      2.43     2.916    3.2805   3.54294  3.720087],6
2801,127929,127929,1,[1.  1.8],1
2802,240416,240416,9,"[1.         1.8        2.43       2.916      3.2805     3.54294
 3.720087   3.8263752  3.87420489]",8
2803,126746,126746,9,"[1.         1.8        2.43       2.916      3.2805     3.54294
 3.720087   3.8263752  3.87420489]",8
2804,200635,200635,3,[0.29411765 0.52941176 0.71470588 0.85764706],3
2805,8400,8400,60,"[0.25       0.45       0.6075     0.729      0.820125   0.885735
 0.93002175 0.9565938  0.96855122 0.96855122 0.95886571 0.94143179
 0.91789599 0.88965304 0.85787972 0.82356453 0.78753358 0.75047318
 0.71294952 0.67542586 0.63827744 0.60180444 0.56624327 0.53177629
 0.49854027 0.46663369 0.43612303 0.40704816 0.37942703 0.35325965
 0.32853148 0.30521634 0.28327892 0.26267681 0.24336234 0.225284
 0.2083877  0.19261782 0.17791804 0.16423203 0.15150405 0.13967934
 0.12870454 0.1185279  0.10909954 0.10037158 0.09229821 0.08483581
 0.0779429  0.07158021 0.06571063 0.06029917 0.05531289 0.05072088
 0.04649414 0.04260554 0.03902972 0.035743   0.03272334 0.02995017
 0.02740441]",60
2806,58921,58921,60,"[0.25       0.45       0.6075     0.729      0.820125   0.885735
 0.93002175 0.9565938  0.96855122 0.96855122 0.95886571 0.94143179
 0.91789599 0.88965304 0.85787972 0.82356453 0.78753358 0.75047318
 0.71294952 0.67542586 0.63827744 0.60180444 0.56624327 0.53177629
 0.49854027 0.46663369 0.43612303 0.40704816 0.37942703 0.35325965
 0.32853148 0.30521634 0.28327892 0.26267681 0.24336234 0.225284
 0.2083877  0.19261782 0.17791804 0.16423203 0.15150405 0.13967934
 0.12870454 0.1185279  0.10909954 0.10037158 0.09229821 0.08483581
 0.0779429  0.07158021 0.06571063 0.06029917 0.05531289 0.05072088
 0.04649414 0.04260554 0.03902972 0.035743   0.03272334 0.02995017
 0.02740441]",60
2807,280886,280886,3,[0.29411765 0.52941176 0.71470588 0.85764706],3
2808,280039,280039,30,"[0.25       0.45       0.6075     0.729      0.820125   0.885735
 0.93002175 0.9565938  0.96855122 0.96855122 0.95886571 0.94143179
 0.91789599 0.88965304 0.85787972 0.82356453 0.78753358 0.75047318
 0.71294952 0.67542586 0.63827744 0.60180444 0.56624327 0.53177629
 0.49854027 0.46663369 0.43612303 0.40704816 0.37942703 0.35325965
 0.32853148]",30
2809,140655,140655,3,[0.29411765 0.52941176 0.71470588 0.85764706],3
2810,185483,185483,6,[1.       1.8      2.43     2.916    3.2805   3.54294  3.720087],6
2811,112293,112293,1,[1.  1.8],1
2812,164773,164773,3,[0.29411765 0.52941176 0.71470588 0.85764706],3
2813,172872,172872,30,"[0.25       0.45       0.6075     0.729      0.820125   0.885735
 0.93002175 0.9565938  0.96855122 0.96855122 0.95886571 0.94143179
 0.91789599 0.88965304 0.85787972 0.82356453 0.78753358 0.75047318
 0.71294952 0.67542586 0.63827744 0.60180444 0.56624327 0.53177629
 0.49854027 0.46663369 0.43612303 0.40704816 0.37942703 0.35325965
 0.32853148]",30
2814,41582,41582,9,"[1.         1.8        2.43       2.916      3.2805     3.54294
 3.720087   3.8263752  3.87420489]",8
2815,121351,121351,9,"[1.         1.8        2.43       2.916      3.2805     3.54294
 3.720087   3.8263752  3.87420489]",8
2816,21051,21051,9,"[1.         1.8        2.43       2.916      3.2805     3.54294
 3.720087   3.8263752  3.87420489]",8
2817,76286,76286,1,[1.  1.8],1
2818,184196,184196,6,[1.       1.8      2.43     2.916    3.2805   3.54294  3.720087],6
2819,182666,182666,3,[0.29411765 0.52941176 0.71470588 0.85764706],3
2820,49908,49908,30,"[0.25       0.45       0.6075     0.729      0.820125   0.885735
 0.93002175 0.9565938  0.96855122 0.96855122 0.95886571 0.94143179
 0.91789599 0.88965304 0.85787972 0.82356453 0.78753358 0.75047318
 0.71294952 0.67542586 0.63827744 0.60180444 0.56624327 0.53177629
 0.49854027 0.46663369 0.43612303 0.40704816 0.37942703 0.35325965
 0.32853148]",30
2821,137187,137187,9,"[1.         1.8        2.43       2.916      3.2805     3.54294
 3.720087   3.8263752  3.87420489]",8
2822,114375,114375,9,"[1.         1.8        2.43       2.916      3.2805     3.54294
 3.720087   3.8263752  3.87420489]",8
2823,344642,344642,3,[0.29411765 0.52941176 0.71470588 0.85764706],3
2824,21747,21747,3,[0.29411765 0.52941176 0.71470588 0.85764706],3
2825,207900,207900,1,[1.  1.8],1
2826,269430,269430,9,"[1.         1.8        2.43       2.916      3.2805     3.54294
 3.720087   3.8263752  3.87420489]",8
2827,137863,137863,6,[1.       1.8      2.43     2.916    3.2805   3.54294  3.720087],6
2828,334898,334898,1,[1.  1.8],1
2829,312289,312289,3,[0.29411765 0.52941176 0.71470588 0.85764706],3
2830,55592,55592,60,"[0.25       0.45       0.6075     0.729      0.820125   0.885735
 0.93002175 0.9565938  0.96855122 0.96855122 0.95886571 0.94143179
 0.91789599 0.88965304 0.85787972 0.82356453 0.78753358 0.75047318
 0.71294952 0.67542586 0.63827744 0.60180444 0.56624327 0.53177629
 0.49854027 0.46663369 0.43612303 0.40704816 0.37942703 0.35325965
 0.32853148 0.30521634 0.28327892 0.26267681 0.24336234 0.225284
 0.2083877  0.19261782 0.17791804 0.16423203 0.15150405 0.13967934
 0.12870454 0.1185279  0.10909954 0.10037158 0.09229821 0.08483581
 0.0779429  0.07158021 0.06571063 0.06029917 0.05531289 0.05072088
 0.04649414 0.04260554 0.03902972 0.035743   0.03272334 0.02995017
 0.02740441]",60
2831,285791,285791,3,[0.29411765 0.52941176 0.71470588 0.85764706],3
2832,239217,239217,3,[0.29411765 0.52941176 0.71470588 0.85764706],3
2833,177967,177967,60,"[0.25       0.45       0.6075     0.729      0.820125   0.885735
 0.93002175 0.9565938  0.96855122 0.96855122 0.95886571 0.94143179
 0.91789599 0.88965304 0.85787972 0.82356453 0.78753358 0.75047318
 0.71294952 0.67542586 0.63827744 0.60180444 0.56624327 0.53177629
 0.49854027 0.46663369 0.43612303 0.40704816 0.37942703 0.35325965
 0.32853148 0.30521634 0.28327892 0.26267681 0.24336234 0.225284
 0.2083877  0.19261782 0.17791804 0.16423203 0.15150405 0.13967934
 0.12870454 0.1185279  0.10909954 0.10037158 0.09229821 0.08483581
 0.0779429  0.07158021 0.06571063 0.06029917 0.05531289 0.05072088
 0.04649414 0.04260554 0.03902972 0.035743   0.03272334 0.02995017
 0.02740441]",60
2834,68832,68832,9,"[1.         1.8        2.43       2.916      3.2805     3.54294
 3.720087   3.8263752  3.87420489]",8
2835,319049,319049,6,[1.       1.8      2.43     2.916    3.2805   3.54294  3.720087],6
2836,130789,130789,9,"[1.         1.8        2.43       2.916      3.2805     3.54294
 3.720087   3.8263752  3.87420489]",8
2837,44324,44324,1,[1.  1.8],1
2838,136478,136478,30,"[0.25       0.45       0.6075     0.729      0.820125   0.885735
 0.93002175 0.9565938  0.96855122 0.96855122 0.95886571 0.94143179
 0.91789599 0.88965304 0.85787972 0.82356453 0.78753358 0.75047318
 0.71294952 0.67542586 0.63827744 0.60180444 0.56624327 0.53177629
 0.49854027 0.46663369 0.43612303 0.40704816 0.37942703 0.35325965
 0.32853148]",30
2839,17749,17749,3,[0.29411765 0.52941176 0.71470588 0.85764706],3
2840,147571,147571,3,[0.29411765 0.52941176 0.71470588 0.85764706],3
2841,189015,189015,60,"[0.25       0.45       0.6075     0.729      0.820125   0.885735
 0.93002175 0.9565938  0.96855122 0.96855122 0.95886571 0.94143179
 0.91789599 0.88965304 0.85787972 0.82356453 0.78753358 0.75047318
 0.71294952 0.67542586 0.63827744 0.60180444 0.56624327 0.53177629
 0.49854027 0.46663369 0.43612303 0.40704816 0.37942703 0.35325965
 0.32853148 0.30521634 0.28327892 0.26267681 0.24336234 0.225284
 0.2083877  0.19261782 0.17791804 0.16423203 0.15150405 0.13967934
 0.12870454 0.1185279  0.10909954 0.10037158 0.09229821 0.08483581
 0.0779429  0.07158021 0.06571063 0.06029917 0.05531289 0.05072088
 0.04649414 0.04260554 0.03902972 0.035743   0.03272334 0.02995017
 0.02740441]",60
2842,240496,240496,9,"[1.         1.8        2.43       2.916      3.2805     3.54294
 3.720087   3.8263752  3.87420489]",8
2843,188150,188150,6,[1.       1.8      2.43     2.916    3.2805   3.54294  3.720087],6
2844,69297,69297,6,[1.       1.8      2.43     2.916    3.2805   3.54294  3.720087],6
2845,260494,260494,6,[1.       1.8      2.43     2.916    3.2805   3.54294  3.720087],6
2846,244836,244836,30,"[0.25       0.45       0.6075     0.729      0.820125   0.885735
 0.93002175 0.9565938  0.96855122 0.96855122 0.95886571 0.94143179
 0.91789599 0.88965304 0.85787972 0.82356453 0.78753358 0.75047318
 0.71294952 0.67542586 0.63827744 0.60180444 0.56624327 0.53177629
 0.49854027 0.46663369 0.43612303 0.40704816 0.37942703 0.35325965
 0.32853148]",30
2847,220619,220619,3,[0.29411765 0.52941176 0.71470588 0.85764706],3
2848,227710,227710,6,[1.       1.8      2.43     2.916    3.2805   3.54294  3.720087],6
2849,18983,18983,30,"[0.25       0.45       0.6075     0.729      0.820125   0.885735
 0.93002175 0.9565938  0.96855122 0.96855122 0.95886571 0.94143179
 0.91789599 0.88965304 0.85787972 0.82356453 0.78753358 0.75047318
 0.71294952 0.67542586 0.63827744 0.60180444 0.56624327 0.53177629
 0.49854027 0.46663369 0.43612303 0.40704816 0.37942703 0.35325965
 0.32853148]",30
2850,239847,239847,60,"[0.25       0.45       0.6075     0.729      0.820125   0.885735
 0.93002175 0.9565938  0.96855122 0.96855122 0.95886571 0.94143179
 0.91789599 0.88965304 0.85787972 0.82356453 0.78753358 0.75047318
 0.71294952 0.67542586 0.63827744 0.60180444 0.56624327 0.53177629
 0.49854027 0.46663369 0.43612303 0.40704816 0.37942703 0.35325965
 0.32853148 0.30521634 0.28327892 0.26267681 0.24336234 0.225284
 0.2083877  0.19261782 0.17791804 0.16423203 0.15150405 0.13967934
 0.12870454 0.1185279  0.10909954 0.10037158 0.09229821 0.08483581
 0.0779429  0.07158021 0.06571063 0.06029917 0.05531289 0.05072088
 0.04649414 0.04260554 0.03902972 0.035743   0.03272334 0.02995017
 0.02740441]",60
2851,210271,210271,9,"[1.         1.8        2.43       2.916      3.2805     3.54294
 3.720087   3.8263752  3.87420489]",8
2852,193128,193128,30,"[0.25       0.45       0.6075     0.729      0.820125   0.885735
 0.93002175 0.9565938  0.96855122 0.96855122 0.95886571 0.94143179
 0.91789599 0.88965304 0.85787972 0.82356453 0.78753358 0.75047318
 0.71294952 0.67542586 0.63827744 0.60180444 0.56624327 0.53177629
 0.49854027 0.46663369 0.43612303 0.40704816 0.37942703 0.35325965
 0.32853148]",30
2853,83958,83958,1,[1.  1.8],1
2854,280536,280536,6,[1.       1.8      2.43     2.916    3.2805   3.54294  3.720087],6
2855,96974,96974,60,"[0.25       0.45       0.6075     0.729      0.820125   0.885735
 0.93002175 0.9565938  0.96855122 0.96855122 0.95886571 0.94143179
 0.91789599 0.88965304 0.85787972 0.82356453 0.78753358 0.75047318
 0.71294952 0.67542586 0.63827744 0.60180444 0.56624327 0.53177629
 0.49854027 0.46663369 0.43612303 0.40704816 0.37942703 0.35325965
 0.32853148 0.30521634 0.28327892 0.26267681 0.24336234 0.225284
 0.2083877  0.19261782 0.17791804 0.16423203 0.15150405 0.13967934
 0.12870454 0.1185279  0.10909954 0.10037158 0.09229821 0.08483581
 0.0779429  0.07158021 0.06571063 0.06029917 0.05531289 0.05072088
 0.04649414 0.04260554 0.03902972 0.035743   0.03272334 0.02995017
 0.02740441]",60
2856,33287,33287,1,[1.  1.8],1
2857,296909,296909,1,[1.  1.8],1
2858,295127,295127,60,"[0.25       0.45       0.6075     0.729      0.820125   0.885735
 0.93002175 0.9565938  0.96855122 0.96855122 0.95886571 0.94143179
 0.91789599 0.88965304 0.85787972 0.82356453 0.78753358 0.75047318
 0.71294952 0.67542586 0.63827744 0.60180444 0.56624327 0.53177629
 0.49854027 0.46663369 0.43612303 0.40704816 0.37942703 0.35325965
 0.32853148 0.30521634 0.28327892 0.26267681 0.24336234 0.225284
 0.2083877  0.19261782 0.17791804 0.16423203 0.15150405 0.13967934
 0.12870454 0.1185279  0.10909954 0.10037158 0.09229821 0.08483581
 0.0779429  0.07158021 0.06571063 0.06029917 0.05531289 0.05072088
 0.04649414 0.04260554 0.03902972 0.035743   0.03272334 0.02995017
 0.02740441]",60
2859,258765,258765,30,"[0.25       0.45       0.6075     0.729      0.820125   0.885735
 0.93002175 0.9565938  0.96855122 0.96855122 0.95886571 0.94143179
 0.91789599 0.88965304 0.85787972 0.82356453 0.78753358 0.75047318
 0.71294952 0.67542586 0.63827744 0.60180444 0.56624327 0.53177629
 0.49854027 0.46663369 0.43612303 0.40704816 0.37942703 0.35325965
 0.32853148]",30
2860,33062,33062,30,"[0.25       0.45       0.6075     0.729      0.820125   0.885735
 0.93002175 0.9565938  0.96855122 0.96855122 0.95886571 0.94143179
 0.91789599 0.88965304 0.85787972 0.82356453 0.78753358 0.75047318
 0.71294952 0.67542586 0.63827744 0.60180444 0.56624327 0.53177629
 0.49854027 0.46663369 0.43612303 0.40704816 0.37942703 0.35325965
 0.32853148]",30
2861,174192,174192,1,[1.  1.8],1
2862,59396,59396,60,"[0.25       0.45       0.6075     0.729      0.820125   0.885735
 0.93002175 0.9565938  0.96855122 0.96855122 0.95886571 0.94143179
 0.91789599 0.88965304 0.85787972 0.82356453 0.78753358 0.75047318
 0.71294952 0.67542586 0.63827744 0.60180444 0.56624327 0.53177629
 0.49854027 0.46663369 0.43612303 0.40704816 0.37942703 0.35325965
 0.32853148 0.30521634 0.28327892 0.26267681 0.24336234 0.225284
 0.2083877  0.19261782 0.17791804 0.16423203 0.15150405 0.13967934
 0.12870454 0.1185279  0.10909954 0.10037158 0.09229821 0.08483581
 0.0779429  0.07158021 0.06571063 0.06029917 0.05531289 0.05072088
 0.04649414 0.04260554 0.03902972 0.035743   0.03272334 0.02995017
 0.02740441]",60
2863,8071,8071,60,"[0.25       0.45       0.6075     0.729      0.820125   0.885735
 0.93002175 0.9565938  0.96855122 0.96855122 0.95886571 0.94143179
 0.91789599 0.88965304 0.85787972 0.82356453 0.78753358 0.75047318
 0.71294952 0.67542586 0.63827744 0.60180444 0.56624327 0.53177629
 0.49854027 0.46663369 0.43612303 0.40704816 0.37942703 0.35325965
 0.32853148 0.30521634 0.28327892 0.26267681 0.24336234 0.225284
 0.2083877  0.19261782 0.17791804 0.16423203 0.15150405 0.13967934
 0.12870454 0.1185279  0.10909954 0.10037158 0.09229821 0.08483581
 0.0779429  0.07158021 0.06571063 0.06029917 0.05531289 0.05072088
 0.04649414 0.04260554 0.03902972 0.035743   0.03272334 0.02995017
 0.02740441]",60
2864,135255,135255,30,"[0.25       0.45       0.6075     0.729      0.820125   0.885735
 0.93002175 0.9565938  0.96855122 0.96855122 0.95886571 0.94143179
 0.91789599 0.88965304 0.85787972 0.82356453 0.78753358 0.75047318
 0.71294952 0.67542586 0.63827744 0.60180444 0.56624327 0.53177629
 0.49854027 0.46663369 0.43612303 0.40704816 0.37942703 0.35325965
 0.32853148]",30
2865,309292,309292,9,"[1.         1.8        2.43       2.916      3.2805     3.54294
 3.720087   3.8263752  3.87420489]",8
2866,100257,100257,60,"[0.25       0.45       0.6075     0.729      0.820125   0.885735
 0.93002175 0.9565938  0.96855122 0.96855122 0.95886571 0.94143179
 0.91789599 0.88965304 0.85787972 0.82356453 0.78753358 0.75047318
 0.71294952 0.67542586 0.63827744 0.60180444 0.56624327 0.53177629
 0.49854027 0.46663369 0.43612303 0.40704816 0.37942703 0.35325965
 0.32853148 0.30521634 0.28327892 0.26267681 0.24336234 0.225284
 0.2083877  0.19261782 0.17791804 0.16423203 0.15150405 0.13967934
 0.12870454 0.1185279  0.10909954 0.10037158 0.09229821 0.08483581
 0.0779429  0.07158021 0.06571063 0.06029917 0.05531289 0.05072088
 0.04649414 0.04260554 0.03902972 0.035743   0.03272334 0.02995017
 0.02740441]",60
2867,132403,132403,30,"[0.25       0.45       0.6075     0.729      0.820125   0.885735
 0.93002175 0.9565938  0.96855122 0.96855122 0.95886571 0.94143179
 0.91789599 0.88965304 0.85787972 0.82356453 0.78753358 0.75047318
 0.71294952 0.67542586 0.63827744 0.60180444 0.56624327 0.53177629
 0.49854027 0.46663369 0.43612303 0.40704816 0.37942703 0.35325965
 0.32853148]",30
2868,319601,319601,9,"[1.         1.8        2.43       2.916      3.2805     3.54294
 3.720087   3.8263752  3.87420489]",8
2869,305455,305455,9,"[1.         1.8        2.43       2.916      3.2805     3.54294
 3.720087   3.8263752  3.87420489]",8
2870,172812,172812,3,[0.29411765 0.52941176 0.71470588 0.85764706],3
2871,236235,236235,30,"[0.25       0.45       0.6075     0.729      0.820125   0.885735
 0.93002175 0.9565938  0.96855122 0.96855122 0.95886571 0.94143179
 0.91789599 0.88965304 0.85787972 0.82356453 0.78753358 0.75047318
 0.71294952 0.67542586 0.63827744 0.60180444 0.56624327 0.53177629
 0.49854027 0.46663369 0.43612303 0.40704816 0.37942703 0.35325965
 0.32853148]",30
2872,89452,89452,3,[0.29411765 0.52941176 0.71470588 0.85764706],3
2873,253671,253671,60,"[0.25       0.45       0.6075     0.729      0.820125   0.885735
 0.93002175 0.9565938  0.96855122 0.96855122 0.95886571 0.94143179
 0.91789599 0.88965304 0.85787972 0.82356453 0.78753358 0.75047318
 0.71294952 0.67542586 0.63827744 0.60180444 0.56624327 0.53177629
 0.49854027 0.46663369 0.43612303 0.40704816 0.37942703 0.35325965
 0.32853148 0.30521634 0.28327892 0.26267681 0.24336234 0.225284
 0.2083877  0.19261782 0.17791804 0.16423203 0.15150405 0.13967934
 0.12870454 0.1185279  0.10909954 0.10037158 0.09229821 0.08483581
 0.0779429  0.07158021 0.06571063 0.06029917 0.05531289 0.05072088
 0.04649414 0.04260554 0.03902972 0.035743   0.03272334 0.02995017
 0.02740441]",60
2874,265094,265094,30,"[0.25       0.45       0.6075     0.729      0.820125   0.885735
 0.93002175 0.9565938  0.96855122 0.96855122 0.95886571 0.94143179
 0.91789599 0.88965304 0.85787972 0.82356453 0.78753358 0.75047318
 0.71294952 0.67542586 0.63827744 0.60180444 0.56624327 0.53177629
 0.49854027 0.46663369 0.43612303 0.40704816 0.37942703 0.35325965
 0.32853148]",30
2875,276844,276844,60,"[0.25       0.45       0.6075     0.729      0.820125   0.885735
 0.93002175 0.9565938  0.96855122 0.96855122 0.95886571 0.94143179
 0.91789599 0.88965304 0.85787972 0.82356453 0.78753358 0.75047318
 0.71294952 0.67542586 0.63827744 0.60180444 0.56624327 0.53177629
 0.49854027 0.46663369 0.43612303 0.40704816 0.37942703 0.35325965
 0.32853148 0.30521634 0.28327892 0.26267681 0.24336234 0.225284
 0.2083877  0.19261782 0.17791804 0.16423203 0.15150405 0.13967934
 0.12870454 0.1185279  0.10909954 0.10037158 0.09229821 0.08483581
 0.0779429  0.07158021 0.06571063 0.06029917 0.05531289 0.05072088
 0.04649414 0.04260554 0.03902972 0.035743   0.03272334 0.02995017
 0.02740441]",60
2876,19723,19723,9,"[1.         1.8        2.43       2.916      3.2805     3.54294
 3.720087   3.8263752  3.87420489]",8
2877,49574,49574,60,"[0.25       0.45       0.6075     0.729      0.820125   0.885735
 0.93002175 0.9565938  0.96855122 0.96855122 0.95886571 0.94143179
 0.91789599 0.88965304 0.85787972 0.82356453 0.78753358 0.75047318
 0.71294952 0.67542586 0.63827744 0.60180444 0.56624327 0.53177629
 0.49854027 0.46663369 0.43612303 0.40704816 0.37942703 0.35325965
 0.32853148 0.30521634 0.28327892 0.26267681 0.24336234 0.225284
 0.2083877  0.19261782 0.17791804 0.16423203 0.15150405 0.13967934
 0.12870454 0.1185279  0.10909954 0.10037158 0.09229821 0.08483581
 0.0779429  0.07158021 0.06571063 0.06029917 0.05531289 0.05072088
 0.04649414 0.04260554 0.03902972 0.035743   0.03272334 0.02995017
 0.02740441]",60
2878,132987,132987,1,[1.  1.8],1
2879,10475,10475,60,"[0.25       0.45       0.6075     0.729      0.820125   0.885735
 0.93002175 0.9565938  0.96855122 0.96855122 0.95886571 0.94143179
 0.91789599 0.88965304 0.85787972 0.82356453 0.78753358 0.75047318
 0.71294952 0.67542586 0.63827744 0.60180444 0.56624327 0.53177629
 0.49854027 0.46663369 0.43612303 0.40704816 0.37942703 0.35325965
 0.32853148 0.30521634 0.28327892 0.26267681 0.24336234 0.225284
 0.2083877  0.19261782 0.17791804 0.16423203 0.15150405 0.13967934
 0.12870454 0.1185279  0.10909954 0.10037158 0.09229821 0.08483581
 0.0779429  0.07158021 0.06571063 0.06029917 0.05531289 0.05072088
 0.04649414 0.04260554 0.03902972 0.035743   0.03272334 0.02995017
 0.02740441]",60
2880,178653,178653,9,"[1.         1.8        2.43       2.916      3.2805     3.54294
 3.720087   3.8263752  3.87420489]",8
2881,30773,30773,3,[0.29411765 0.52941176 0.71470588 0.85764706],3
2882,41694,41694,3,[0.29411765 0.52941176 0.71470588 0.85764706],3
2883,337658,337658,3,[0.29411765 0.52941176 0.71470588 0.85764706],3
2884,77666,77666,1,[1.  1.8],1
2885,185782,185782,3,[0.29411765 0.52941176 0.71470588 0.85764706],3
2886,292672,292672,30,"[0.25       0.45       0.6075     0.729      0.820125   0.885735
 0.93002175 0.9565938  0.96855122 0.96855122 0.95886571 0.94143179
 0.91789599 0.88965304 0.85787972 0.82356453 0.78753358 0.75047318
 0.71294952 0.67542586 0.63827744 0.60180444 0.56624327 0.53177629
 0.49854027 0.46663369 0.43612303 0.40704816 0.37942703 0.35325965
 0.32853148]",30
2887,335913,335913,1,[1.  1.8],1
2888,249579,249579,1,[1.  1.8],1
2889,44737,44737,6,[1.       1.8      2.43     2.916    3.2805   3.54294  3.720087],6
2890,280775,280775,6,[1.       1.8      2.43     2.916    3.2805   3.54294  3.720087],6
2891,258975,258975,3,[0.29411765 0.52941176 0.71470588 0.85764706],3
2892,75635,75635,60,"[0.25       0.45       0.6075     0.729      0.820125   0.885735
 0.93002175 0.9565938  0.96855122 0.96855122 0.95886571 0.94143179
 0.91789599 0.88965304 0.85787972 0.82356453 0.78753358 0.75047318
 0.71294952 0.67542586 0.63827744 0.60180444 0.56624327 0.53177629
 0.49854027 0.46663369 0.43612303 0.40704816 0.37942703 0.35325965
 0.32853148 0.30521634 0.28327892 0.26267681 0.24336234 0.225284
 0.2083877  0.19261782 0.17791804 0.16423203 0.15150405 0.13967934
 0.12870454 0.1185279  0.10909954 0.10037158 0.09229821 0.08483581
 0.0779429  0.07158021 0.06571063 0.06029917 0.05531289 0.05072088
 0.04649414 0.04260554 0.03902972 0.035743   0.03272334 0.02995017
 0.02740441]",60
2893,340926,340926,3,[0.29411765 0.52941176 0.71470588 0.85764706],3
2894,113640,113640,60,"[0.25       0.45       0.6075     0.729      0.820125   0.885735
 0.93002175 0.9565938  0.96855122 0.96855122 0.95886571 0.94143179
 0.91789599 0.88965304 0.85787972 0.82356453 0.78753358 0.75047318
 0.71294952 0.67542586 0.63827744 0.60180444 0.56624327 0.53177629
 0.49854027 0.46663369 0.43612303 0.40704816 0.37942703 0.35325965
 0.32853148 0.30521634 0.28327892 0.26267681 0.24336234 0.225284
 0.2083877  0.19261782 0.17791804 0.16423203 0.15150405 0.13967934
 0.12870454 0.1185279  0.10909954 0.10037158 0.09229821 0.08483581
 0.0779429  0.07158021 0.06571063 0.06029917 0.05531289 0.05072088
 0.04649414 0.04260554 0.03902972 0.035743   0.03272334 0.02995017
 0.02740441]",60
2895,21270,21270,3,[0.29411765 0.52941176 0.71470588 0.85764706],3
2896,242310,242310,60,"[0.25       0.45       0.6075     0.729      0.820125   0.885735
 0.93002175 0.9565938  0.96855122 0.96855122 0.95886571 0.94143179
 0.91789599 0.88965304 0.85787972 0.82356453 0.78753358 0.75047318
 0.71294952 0.67542586 0.63827744 0.60180444 0.56624327 0.53177629
 0.49854027 0.46663369 0.43612303 0.40704816 0.37942703 0.35325965
 0.32853148 0.30521634 0.28327892 0.26267681 0.24336234 0.225284
 0.2083877  0.19261782 0.17791804 0.16423203 0.15150405 0.13967934
 0.12870454 0.1185279  0.10909954 0.10037158 0.09229821 0.08483581
 0.0779429  0.07158021 0.06571063 0.06029917 0.05531289 0.05072088
 0.04649414 0.04260554 0.03902972 0.035743   0.03272334 0.02995017
 0.02740441]",60
2897,190183,190183,30,"[0.25       0.45       0.6075     0.729      0.820125   0.885735
 0.93002175 0.9565938  0.96855122 0.96855122 0.95886571 0.94143179
 0.91789599 0.88965304 0.85787972 0.82356453 0.78753358 0.75047318
 0.71294952 0.67542586 0.63827744 0.60180444 0.56624327 0.53177629
 0.49854027 0.46663369 0.43612303 0.40704816 0.37942703 0.35325965
 0.32853148]",30
2898,7075,7075,3,[0.29411765 0.52941176 0.71470588 0.85764706],3
2899,256084,256084,3,[0.29411765 0.52941176 0.71470588 0.85764706],3
2900,122151,122151,3,[0.29411765 0.52941176 0.71470588 0.85764706],3
2901,271030,271030,60,"[0.25       0.45       0.6075     0.729      0.820125   0.885735
 0.93002175 0.9565938  0.96855122 0.96855122 0.95886571 0.94143179
 0.91789599 0.88965304 0.85787972 0.82356453 0.78753358 0.75047318
 0.71294952 0.67542586 0.63827744 0.60180444 0.56624327 0.53177629
 0.49854027 0.46663369 0.43612303 0.40704816 0.37942703 0.35325965
 0.32853148 0.30521634 0.28327892 0.26267681 0.24336234 0.225284
 0.2083877  0.19261782 0.17791804 0.16423203 0.15150405 0.13967934
 0.12870454 0.1185279  0.10909954 0.10037158 0.09229821 0.08483581
 0.0779429  0.07158021 0.06571063 0.06029917 0.05531289 0.05072088
 0.04649414 0.04260554 0.03902972 0.035743   0.03272334 0.02995017
 0.02740441]",60
2902,282836,282836,30,"[0.25       0.45       0.6075     0.729      0.820125   0.885735
 0.93002175 0.9565938  0.96855122 0.96855122 0.95886571 0.94143179
 0.91789599 0.88965304 0.85787972 0.82356453 0.78753358 0.75047318
 0.71294952 0.67542586 0.63827744 0.60180444 0.56624327 0.53177629
 0.49854027 0.46663369 0.43612303 0.40704816 0.37942703 0.35325965
 0.32853148]",30
2903,343145,343145,60,"[0.25       0.45       0.6075     0.729      0.820125   0.885735
 0.93002175 0.9565938  0.96855122 0.96855122 0.95886571 0.94143179
 0.91789599 0.88965304 0.85787972 0.82356453 0.78753358 0.75047318
 0.71294952 0.67542586 0.63827744 0.60180444 0.56624327 0.53177629
 0.49854027 0.46663369 0.43612303 0.40704816 0.37942703 0.35325965
 0.32853148 0.30521634 0.28327892 0.26267681 0.24336234 0.225284
 0.2083877  0.19261782 0.17791804 0.16423203 0.15150405 0.13967934
 0.12870454 0.1185279  0.10909954 0.10037158 0.09229821 0.08483581
 0.0779429  0.07158021 0.06571063 0.06029917 0.05531289 0.05072088
 0.04649414 0.04260554 0.03902972 0.035743   0.03272334 0.02995017
 0.02740441]",60
2904,113099,113099,3,[0.29411765 0.52941176 0.71470588 0.85764706],3
2905,104724,104724,6,[1.       1.8      2.43     2.916    3.2805   3.54294  3.720087],6
2906,258490,258490,1,[1.  1.8],1
2907,191377,191377,9,"[1.         1.8        2.43       2.916      3.2805     3.54294
 3.720087   3.8263752  3.87420489]",8
2908,153249,153249,30,"[0.25       0.45       0.6075     0.729      0.820125   0.885735
 0.93002175 0.9565938  0.96855122 0.96855122 0.95886571 0.94143179
 0.91789599 0.88965304 0.85787972 0.82356453 0.78753358 0.75047318
 0.71294952 0.67542586 0.63827744 0.60180444 0.56624327 0.53177629
 0.49854027 0.46663369 0.43612303 0.40704816 0.37942703 0.35325965
 0.32853148]",30
2909,218490,218490,60,"[0.25       0.45       0.6075     0.729      0.820125   0.885735
 0.93002175 0.9565938  0.96855122 0.96855122 0.95886571 0.94143179
 0.91789599 0.88965304 0.85787972 0.82356453 0.78753358 0.75047318
 0.71294952 0.67542586 0.63827744 0.60180444 0.56624327 0.53177629
 0.49854027 0.46663369 0.43612303 0.40704816 0.37942703 0.35325965
 0.32853148 0.30521634 0.28327892 0.26267681 0.24336234 0.225284
 0.2083877  0.19261782 0.17791804 0.16423203 0.15150405 0.13967934
 0.12870454 0.1185279  0.10909954 0.10037158 0.09229821 0.08483581
 0.0779429  0.07158021 0.06571063 0.06029917 0.05531289 0.05072088
 0.04649414 0.04260554 0.03902972 0.035743   0.03272334 0.02995017
 0.02740441]",60
2910,210061,210061,6,[1.       1.8      2.43     2.916    3.2805   3.54294  3.720087],6
2911,325674,325674,30,"[0.25       0.45       0.6075     0.729      0.820125   0.885735
 0.93002175 0.9565938  0.96855122 0.96855122 0.95886571 0.94143179
 0.91789599 0.88965304 0.85787972 0.82356453 0.78753358 0.75047318
 0.71294952 0.67542586 0.63827744 0.60180444 0.56624327 0.53177629
 0.49854027 0.46663369 0.43612303 0.40704816 0.37942703 0.35325965
 0.32853148]",30
2912,190296,190296,6,[1.       1.8      2.43     2.916    3.2805   3.54294  3.720087],6
2913,198887,198887,30,"[0.25       0.45       0.6075     0.729      0.820125   0.885735
 0.93002175 0.9565938  0.96855122 0.96855122 0.95886571 0.94143179
 0.91789599 0.88965304 0.85787972 0.82356453 0.78753358 0.75047318
 0.71294952 0.67542586 0.63827744 0.60180444 0.56624327 0.53177629
 0.49854027 0.46663369 0.43612303 0.40704816 0.37942703 0.35325965
 0.32853148]",30
2914,37477,37477,60,"[0.25       0.45       0.6075     0.729      0.820125   0.885735
 0.93002175 0.9565938  0.96855122 0.96855122 0.95886571 0.94143179
 0.91789599 0.88965304 0.85787972 0.82356453 0.78753358 0.75047318
 0.71294952 0.67542586 0.63827744 0.60180444 0.56624327 0.53177629
 0.49854027 0.46663369 0.43612303 0.40704816 0.37942703 0.35325965
 0.32853148 0.30521634 0.28327892 0.26267681 0.24336234 0.225284
 0.2083877  0.19261782 0.17791804 0.16423203 0.15150405 0.13967934
 0.12870454 0.1185279  0.10909954 0.10037158 0.09229821 0.08483581
 0.0779429  0.07158021 0.06571063 0.06029917 0.05531289 0.05072088
 0.04649414 0.04260554 0.03902972 0.035743   0.03272334 0.02995017
 0.02740441]",60
2915,318278,318278,30,"[0.25       0.45       0.6075     0.729      0.820125   0.885735
 0.93002175 0.9565938  0.96855122 0.96855122 0.95886571 0.94143179
 0.91789599 0.88965304 0.85787972 0.82356453 0.78753358 0.75047318
 0.71294952 0.67542586 0.63827744 0.60180444 0.56624327 0.53177629
 0.49854027 0.46663369 0.43612303 0.40704816 0.37942703 0.35325965
 0.32853148]",30
2916,102841,102841,3,[0.29411765 0.52941176 0.71470588 0.85764706],3
2917,189927,189927,6,[1.       1.8      2.43     2.916    3.2805   3.54294  3.720087],6
2918,139335,139335,60,"[0.25       0.45       0.6075     0.729      0.820125   0.885735
 0.93002175 0.9565938  0.96855122 0.96855122 0.95886571 0.94143179
 0.91789599 0.88965304 0.85787972 0.82356453 0.78753358 0.75047318
 0.71294952 0.67542586 0.63827744 0.60180444 0.56624327 0.53177629
 0.49854027 0.46663369 0.43612303 0.40704816 0.37942703 0.35325965
 0.32853148 0.30521634 0.28327892 0.26267681 0.24336234 0.225284
 0.2083877  0.19261782 0.17791804 0.16423203 0.15150405 0.13967934
 0.12870454 0.1185279  0.10909954 0.10037158 0.09229821 0.08483581
 0.0779429  0.07158021 0.06571063 0.06029917 0.05531289 0.05072088
 0.04649414 0.04260554 0.03902972 0.035743   0.03272334 0.02995017
 0.02740441]",60
2919,95592,95592,6,[1.       1.8      2.43     2.916    3.2805   3.54294  3.720087],6
2920,75224,75224,1,[1.  1.8],1
2921,11235,11235,6,[1.       1.8      2.43     2.916    3.2805   3.54294  3.720087],6
2922,27131,27131,6,[1.       1.8      2.43     2.916    3.2805   3.54294  3.720087],6
2923,156336,156336,9,"[1.         1.8        2.43       2.916      3.2805     3.54294
 3.720087   3.8263752  3.87420489]",8
2924,60666,60666,30,"[0.25       0.45       0.6075     0.729      0.820125   0.885735
 0.93002175 0.9565938  0.96855122 0.96855122 0.95886571 0.94143179
 0.91789599 0.88965304 0.85787972 0.82356453 0.78753358 0.75047318
 0.71294952 0.67542586 0.63827744 0.60180444 0.56624327 0.53177629
 0.49854027 0.46663369 0.43612303 0.40704816 0.37942703 0.35325965
 0.32853148]",30
2925,291027,291027,1,[1.  1.8],1
2926,76330,76330,30,"[0.25       0.45       0.6075     0.729      0.820125   0.885735
 0.93002175 0.9565938  0.96855122 0.96855122 0.95886571 0.94143179
 0.91789599 0.88965304 0.85787972 0.82356453 0.78753358 0.75047318
 0.71294952 0.67542586 0.63827744 0.60180444 0.56624327 0.53177629
 0.49854027 0.46663369 0.43612303 0.40704816 0.37942703 0.35325965
 0.32853148]",30
2927,44704,44704,60,"[0.25       0.45       0.6075     0.729      0.820125   0.885735
 0.93002175 0.9565938  0.96855122 0.96855122 0.95886571 0.94143179
 0.91789599 0.88965304 0.85787972 0.82356453 0.78753358 0.75047318
 0.71294952 0.67542586 0.63827744 0.60180444 0.56624327 0.53177629
 0.49854027 0.46663369 0.43612303 0.40704816 0.37942703 0.35325965
 0.32853148 0.30521634 0.28327892 0.26267681 0.24336234 0.225284
 0.2083877  0.19261782 0.17791804 0.16423203 0.15150405 0.13967934
 0.12870454 0.1185279  0.10909954 0.10037158 0.09229821 0.08483581
 0.0779429  0.07158021 0.06571063 0.06029917 0.05531289 0.05072088
 0.04649414 0.04260554 0.03902972 0.035743   0.03272334 0.02995017
 0.02740441]",60
2928,4530,4530,3,[0.29411765 0.52941176 0.71470588 0.85764706],3
2929,74208,74208,60,"[0.25       0.45       0.6075     0.729      0.820125   0.885735
 0.93002175 0.9565938  0.96855122 0.96855122 0.95886571 0.94143179
 0.91789599 0.88965304 0.85787972 0.82356453 0.78753358 0.75047318
 0.71294952 0.67542586 0.63827744 0.60180444 0.56624327 0.53177629
 0.49854027 0.46663369 0.43612303 0.40704816 0.37942703 0.35325965
 0.32853148 0.30521634 0.28327892 0.26267681 0.24336234 0.225284
 0.2083877  0.19261782 0.17791804 0.16423203 0.15150405 0.13967934
 0.12870454 0.1185279  0.10909954 0.10037158 0.09229821 0.08483581
 0.0779429  0.07158021 0.06571063 0.06029917 0.05531289 0.05072088
 0.04649414 0.04260554 0.03902972 0.035743   0.03272334 0.02995017
 0.02740441]",60
2930,72079,72079,1,[1.  1.8],1
2931,282341,282341,1,[1.  1.8],1
2932,80218,80218,6,[1.       1.8      2.43     2.916    3.2805   3.54294  3.720087],6
2933,305581,305581,3,[0.29411765 0.52941176 0.71470588 0.85764706],3
2934,295733,295733,6,[1.       1.8      2.43     2.916    3.2805   3.54294  3.720087],6
2935,302203,302203,3,[0.29411765 0.52941176 0.71470588 0.85764706],3
2936,221314,221314,60,"[0.25       0.45       0.6075     0.729      0.820125   0.885735
 0.93002175 0.9565938  0.96855122 0.96855122 0.95886571 0.94143179
 0.91789599 0.88965304 0.85787972 0.82356453 0.78753358 0.75047318
 0.71294952 0.67542586 0.63827744 0.60180444 0.56624327 0.53177629
 0.49854027 0.46663369 0.43612303 0.40704816 0.37942703 0.35325965
 0.32853148 0.30521634 0.28327892 0.26267681 0.24336234 0.225284
 0.2083877  0.19261782 0.17791804 0.16423203 0.15150405 0.13967934
 0.12870454 0.1185279  0.10909954 0.10037158 0.09229821 0.08483581
 0.0779429  0.07158021 0.06571063 0.06029917 0.05531289 0.05072088
 0.04649414 0.04260554 0.03902972 0.035743   0.03272334 0.02995017
 0.02740441]",60
2937,67672,67672,30,"[0.25       0.45       0.6075     0.729      0.820125   0.885735
 0.93002175 0.9565938  0.96855122 0.96855122 0.95886571 0.94143179
 0.91789599 0.88965304 0.85787972 0.82356453 0.78753358 0.75047318
 0.71294952 0.67542586 0.63827744 0.60180444 0.56624327 0.53177629
 0.49854027 0.46663369 0.43612303 0.40704816 0.37942703 0.35325965
 0.32853148]",30
2938,90402,90402,3,[0.29411765 0.52941176 0.71470588 0.85764706],3
2939,47186,47186,1,[1.  1.8],1
2940,60123,60123,60,"[0.25       0.45       0.6075     0.729      0.820125   0.885735
 0.93002175 0.9565938  0.96855122 0.96855122 0.95886571 0.94143179
 0.91789599 0.88965304 0.85787972 0.82356453 0.78753358 0.75047318
 0.71294952 0.67542586 0.63827744 0.60180444 0.56624327 0.53177629
 0.49854027 0.46663369 0.43612303 0.40704816 0.37942703 0.35325965
 0.32853148 0.30521634 0.28327892 0.26267681 0.24336234 0.225284
 0.2083877  0.19261782 0.17791804 0.16423203 0.15150405 0.13967934
 0.12870454 0.1185279  0.10909954 0.10037158 0.09229821 0.08483581
 0.0779429  0.07158021 0.06571063 0.06029917 0.05531289 0.05072088
 0.04649414 0.04260554 0.03902972 0.035743   0.03272334 0.02995017
 0.02740441]",60
2941,180924,180924,1,[1.  1.8],1
2942,684,684,60,"[0.25       0.45       0.6075     0.729      0.820125   0.885735
 0.93002175 0.9565938  0.96855122 0.96855122 0.95886571 0.94143179
 0.91789599 0.88965304 0.85787972 0.82356453 0.78753358 0.75047318
 0.71294952 0.67542586 0.63827744 0.60180444 0.56624327 0.53177629
 0.49854027 0.46663369 0.43612303 0.40704816 0.37942703 0.35325965
 0.32853148 0.30521634 0.28327892 0.26267681 0.24336234 0.225284
 0.2083877  0.19261782 0.17791804 0.16423203 0.15150405 0.13967934
 0.12870454 0.1185279  0.10909954 0.10037158 0.09229821 0.08483581
 0.0779429  0.07158021 0.06571063 0.06029917 0.05531289 0.05072088
 0.04649414 0.04260554 0.03902972 0.035743   0.03272334 0.02995017
 0.02740441]",60
2943,32036,32036,30,"[0.25       0.45       0.6075     0.729      0.820125   0.885735
 0.93002175 0.9565938  0.96855122 0.96855122 0.95886571 0.94143179
 0.91789599 0.88965304 0.85787972 0.82356453 0.78753358 0.75047318
 0.71294952 0.67542586 0.63827744 0.60180444 0.56624327 0.53177629
 0.49854027 0.46663369 0.43612303 0.40704816 0.37942703 0.35325965
 0.32853148]",30
2944,20622,20622,30,"[0.25       0.45       0.6075     0.729      0.820125   0.885735
 0.93002175 0.9565938  0.96855122 0.96855122 0.95886571 0.94143179
 0.91789599 0.88965304 0.85787972 0.82356453 0.78753358 0.75047318
 0.71294952 0.67542586 0.63827744 0.60180444 0.56624327 0.53177629
 0.49854027 0.46663369 0.43612303 0.40704816 0.37942703 0.35325965
 0.32853148]",30
2945,344347,344347,1,[1.  1.8],1
2946,203707,203707,30,"[0.25       0.45       0.6075     0.729      0.820125   0.885735
 0.93002175 0.9565938  0.96855122 0.96855122 0.95886571 0.94143179
 0.91789599 0.88965304 0.85787972 0.82356453 0.78753358 0.75047318
 0.71294952 0.67542586 0.63827744 0.60180444 0.56624327 0.53177629
 0.49854027 0.46663369 0.43612303 0.40704816 0.37942703 0.35325965
 0.32853148]",30
2947,187616,187616,3,[0.29411765 0.52941176 0.71470588 0.85764706],3
2948,20120,20120,3,[0.29411765 0.52941176 0.71470588 0.85764706],3
2949,293596,293596,30,"[0.25       0.45       0.6075     0.729      0.820125   0.885735
 0.93002175 0.9565938  0.96855122 0.96855122 0.95886571 0.94143179
 0.91789599 0.88965304 0.85787972 0.82356453 0.78753358 0.75047318
 0.71294952 0.67542586 0.63827744 0.60180444 0.56624327 0.53177629
 0.49854027 0.46663369 0.43612303 0.40704816 0.37942703 0.35325965
 0.32853148]",30
2950,194927,194927,1,[1.  1.8],1
2951,218805,218805,3,[0.29411765 0.52941176 0.71470588 0.85764706],3
2952,79139,79139,6,[1.       1.8      2.43     2.916    3.2805   3.54294  3.720087],6
2953,34099,34099,6,[1.       1.8      2.43     2.916    3.2805   3.54294  3.720087],6
2954,299655,299655,60,"[0.25       0.45       0.6075     0.729      0.820125   0.885735
 0.93002175 0.9565938  0.96855122 0.96855122 0.95886571 0.94143179
 0.91789599 0.88965304 0.85787972 0.82356453 0.78753358 0.75047318
 0.71294952 0.67542586 0.63827744 0.60180444 0.56624327 0.53177629
 0.49854027 0.46663369 0.43612303 0.40704816 0.37942703 0.35325965
 0.32853148 0.30521634 0.28327892 0.26267681 0.24336234 0.225284
 0.2083877  0.19261782 0.17791804 0.16423203 0.15150405 0.13967934
 0.12870454 0.1185279  0.10909954 0.10037158 0.09229821 0.08483581
 0.0779429  0.07158021 0.06571063 0.06029917 0.05531289 0.05072088
 0.04649414 0.04260554 0.03902972 0.035743   0.03272334 0.02995017
 0.02740441]",60
2955,34617,34617,60,"[0.25       0.45       0.6075     0.729      0.820125   0.885735
 0.93002175 0.9565938  0.96855122 0.96855122 0.95886571 0.94143179
 0.91789599 0.88965304 0.85787972 0.82356453 0.78753358 0.75047318
 0.71294952 0.67542586 0.63827744 0.60180444 0.56624327 0.53177629
 0.49854027 0.46663369 0.43612303 0.40704816 0.37942703 0.35325965
 0.32853148 0.30521634 0.28327892 0.26267681 0.24336234 0.225284
 0.2083877  0.19261782 0.17791804 0.16423203 0.15150405 0.13967934
 0.12870454 0.1185279  0.10909954 0.10037158 0.09229821 0.08483581
 0.0779429  0.07158021 0.06571063 0.06029917 0.05531289 0.05072088
 0.04649414 0.04260554 0.03902972 0.035743   0.03272334 0.02995017
 0.02740441]",60
2956,50647,50647,30,"[0.25       0.45       0.6075     0.729      0.820125   0.885735
 0.93002175 0.9565938  0.96855122 0.96855122 0.95886571 0.94143179
 0.91789599 0.88965304 0.85787972 0.82356453 0.78753358 0.75047318
 0.71294952 0.67542586 0.63827744 0.60180444 0.56624327 0.53177629
 0.49854027 0.46663369 0.43612303 0.40704816 0.37942703 0.35325965
 0.32853148]",30
2957,21767,21767,60,"[0.25       0.45       0.6075     0.729      0.820125   0.885735
 0.93002175 0.9565938  0.96855122 0.96855122 0.95886571 0.94143179
 0.91789599 0.88965304 0.85787972 0.82356453 0.78753358 0.75047318
 0.71294952 0.67542586 0.63827744 0.60180444 0.56624327 0.53177629
 0.49854027 0.46663369 0.43612303 0.40704816 0.37942703 0.35325965
 0.32853148 0.30521634 0.28327892 0.26267681 0.24336234 0.225284
 0.2083877  0.19261782 0.17791804 0.16423203 0.15150405 0.13967934
 0.12870454 0.1185279  0.10909954 0.10037158 0.09229821 0.08483581
 0.0779429  0.07158021 0.06571063 0.06029917 0.05531289 0.05072088
 0.04649414 0.04260554 0.03902972 0.035743   0.03272334 0.02995017
 0.02740441]",60
2958,57027,57027,30,"[0.25       0.45       0.6075     0.729      0.820125   0.885735
 0.93002175 0.9565938  0.96855122 0.96855122 0.95886571 0.94143179
 0.91789599 0.88965304 0.85787972 0.82356453 0.78753358 0.75047318
 0.71294952 0.67542586 0.63827744 0.60180444 0.56624327 0.53177629
 0.49854027 0.46663369 0.43612303 0.40704816 0.37942703 0.35325965
 0.32853148]",30
2959,281529,281529,1,[1.  1.8],1
2960,131063,131063,9,"[1.         1.8        2.43       2.916      3.2805     3.54294
 3.720087   3.8263752  3.87420489]",8
2961,310941,310941,6,[1.       1.8      2.43     2.916    3.2805   3.54294  3.720087],6
2962,351187,351187,9,"[1.         1.8        2.43       2.916      3.2805     3.54294
 3.720087   3.8263752  3.87420489]",8
2963,147746,147746,6,[1.       1.8      2.43     2.916    3.2805   3.54294  3.720087],6
2964,32892,32892,3,[0.29411765 0.52941176 0.71470588 0.85764706],3
2965,340502,340502,60,"[0.25       0.45       0.6075     0.729      0.820125   0.885735
 0.93002175 0.9565938  0.96855122 0.96855122 0.95886571 0.94143179
 0.91789599 0.88965304 0.85787972 0.82356453 0.78753358 0.75047318
 0.71294952 0.67542586 0.63827744 0.60180444 0.56624327 0.53177629
 0.49854027 0.46663369 0.43612303 0.40704816 0.37942703 0.35325965
 0.32853148 0.30521634 0.28327892 0.26267681 0.24336234 0.225284
 0.2083877  0.19261782 0.17791804 0.16423203 0.15150405 0.13967934
 0.12870454 0.1185279  0.10909954 0.10037158 0.09229821 0.08483581
 0.0779429  0.07158021 0.06571063 0.06029917 0.05531289 0.05072088
 0.04649414 0.04260554 0.03902972 0.035743   0.03272334 0.02995017
 0.02740441]",60
2966,313201,313201,30,"[0.25       0.45       0.6075     0.729      0.820125   0.885735
 0.93002175 0.9565938  0.96855122 0.96855122 0.95886571 0.94143179
 0.91789599 0.88965304 0.85787972 0.82356453 0.78753358 0.75047318
 0.71294952 0.67542586 0.63827744 0.60180444 0.56624327 0.53177629
 0.49854027 0.46663369 0.43612303 0.40704816 0.37942703 0.35325965
 0.32853148]",30
2967,257430,257430,30,"[0.25       0.45       0.6075     0.729      0.820125   0.885735
 0.93002175 0.9565938  0.96855122 0.96855122 0.95886571 0.94143179
 0.91789599 0.88965304 0.85787972 0.82356453 0.78753358 0.75047318
 0.71294952 0.67542586 0.63827744 0.60180444 0.56624327 0.53177629
 0.49854027 0.46663369 0.43612303 0.40704816 0.37942703 0.35325965
 0.32853148]",30
2968,22781,22781,1,[1.  1.8],1
2969,82869,82869,6,[1.       1.8      2.43     2.916    3.2805   3.54294  3.720087],6
2970,83339,83339,3,[0.29411765 0.52941176 0.71470588 0.85764706],3
2971,225813,225813,9,"[1.         1.8        2.43       2.916      3.2805     3.54294
 3.720087   3.8263752  3.87420489]",8
2972,160571,160571,30,"[0.25       0.45       0.6075     0.729      0.820125   0.885735
 0.93002175 0.9565938  0.96855122 0.96855122 0.95886571 0.94143179
 0.91789599 0.88965304 0.85787972 0.82356453 0.78753358 0.75047318
 0.71294952 0.67542586 0.63827744 0.60180444 0.56624327 0.53177629
 0.49854027 0.46663369 0.43612303 0.40704816 0.37942703 0.35325965
 0.32853148]",30
2973,74654,74654,30,"[0.25       0.45       0.6075     0.729      0.820125   0.885735
 0.93002175 0.9565938  0.96855122 0.96855122 0.95886571 0.94143179
 0.91789599 0.88965304 0.85787972 0.82356453 0.78753358 0.75047318
 0.71294952 0.67542586 0.63827744 0.60180444 0.56624327 0.53177629
 0.49854027 0.46663369 0.43612303 0.40704816 0.37942703 0.35325965
 0.32853148]",30
2974,137512,137512,6,[1.       1.8      2.43     2.916    3.2805   3.54294  3.720087],6
2975,234765,234765,1,[1.  1.8],1
2976,198886,198886,9,"[1.         1.8        2.43       2.916      3.2805     3.54294
 3.720087   3.8263752  3.87420489]",8
2977,198879,198879,30,"[0.25       0.45       0.6075     0.729      0.820125   0.885735
 0.93002175 0.9565938  0.96855122 0.96855122 0.95886571 0.94143179
 0.91789599 0.88965304 0.85787972 0.82356453 0.78753358 0.75047318
 0.71294952 0.67542586 0.63827744 0.60180444 0.56624327 0.53177629
 0.49854027 0.46663369 0.43612303 0.40704816 0.37942703 0.35325965
 0.32853148]",30
2978,306245,306245,30,"[0.25       0.45       0.6075     0.729      0.820125   0.885735
 0.93002175 0.9565938  0.96855122 0.96855122 0.95886571 0.94143179
 0.91789599 0.88965304 0.85787972 0.82356453 0.78753358 0.75047318
 0.71294952 0.67542586 0.63827744 0.60180444 0.56624327 0.53177629
 0.49854027 0.46663369 0.43612303 0.40704816 0.37942703 0.35325965
 0.32853148]",30
2979,286838,286838,30,"[0.25       0.45       0.6075     0.729      0.820125   0.885735
 0.93002175 0.9565938  0.96855122 0.96855122 0.95886571 0.94143179
 0.91789599 0.88965304 0.85787972 0.82356453 0.78753358 0.75047318
 0.71294952 0.67542586 0.63827744 0.60180444 0.56624327 0.53177629
 0.49854027 0.46663369 0.43612303 0.40704816 0.37942703 0.35325965
 0.32853148]",30
2980,198114,198114,60,"[0.25       0.45       0.6075     0.729      0.820125   0.885735
 0.93002175 0.9565938  0.96855122 0.96855122 0.95886571 0.94143179
 0.91789599 0.88965304 0.85787972 0.82356453 0.78753358 0.75047318
 0.71294952 0.67542586 0.63827744 0.60180444 0.56624327 0.53177629
 0.49854027 0.46663369 0.43612303 0.40704816 0.37942703 0.35325965
 0.32853148 0.30521634 0.28327892 0.26267681 0.24336234 0.225284
 0.2083877  0.19261782 0.17791804 0.16423203 0.15150405 0.13967934
 0.12870454 0.1185279  0.10909954 0.10037158 0.09229821 0.08483581
 0.0779429  0.07158021 0.06571063 0.06029917 0.05531289 0.05072088
 0.04649414 0.04260554 0.03902972 0.035743   0.03272334 0.02995017
 0.02740441]",60
2981,282387,282387,30,"[0.25       0.45       0.6075     0.729      0.820125   0.885735
 0.93002175 0.9565938  0.96855122 0.96855122 0.95886571 0.94143179
 0.91789599 0.88965304 0.85787972 0.82356453 0.78753358 0.75047318
 0.71294952 0.67542586 0.63827744 0.60180444 0.56624327 0.53177629
 0.49854027 0.46663369 0.43612303 0.40704816 0.37942703 0.35325965
 0.32853148]",30
2982,160652,160652,6,[1.       1.8      2.43     2.916    3.2805   3.54294  3.720087],6
2983,111357,111357,1,[1.  1.8],1
2984,73949,73949,9,"[1.         1.8        2.43       2.916      3.2805     3.54294
 3.720087   3.8263752  3.87420489]",8
2985,314217,314217,60,"[0.25       0.45       0.6075     0.729      0.820125   0.885735
 0.93002175 0.9565938  0.96855122 0.96855122 0.95886571 0.94143179
 0.91789599 0.88965304 0.85787972 0.82356453 0.78753358 0.75047318
 0.71294952 0.67542586 0.63827744 0.60180444 0.56624327 0.53177629
 0.49854027 0.46663369 0.43612303 0.40704816 0.37942703 0.35325965
 0.32853148 0.30521634 0.28327892 0.26267681 0.24336234 0.225284
 0.2083877  0.19261782 0.17791804 0.16423203 0.15150405 0.13967934
 0.12870454 0.1185279  0.10909954 0.10037158 0.09229821 0.08483581
 0.0779429  0.07158021 0.06571063 0.06029917 0.05531289 0.05072088
 0.04649414 0.04260554 0.03902972 0.035743   0.03272334 0.02995017
 0.02740441]",60
2986,165604,165604,6,[1.       1.8      2.43     2.916    3.2805   3.54294  3.720087],6
2987,45718,45718,1,[1.  1.8],1
2988,16579,16579,9,"[1.         1.8        2.43       2.916      3.2805     3.54294
 3.720087   3.8263752  3.87420489]",8
2989,27130,27130,30,"[0.25       0.45       0.6075     0.729      0.820125   0.885735
 0.93002175 0.9565938  0.96855122 0.96855122 0.95886571 0.94143179
 0.91789599 0.88965304 0.85787972 0.82356453 0.78753358 0.75047318
 0.71294952 0.67542586 0.63827744 0.60180444 0.56624327 0.53177629
 0.49854027 0.46663369 0.43612303 0.40704816 0.37942703 0.35325965
 0.32853148]",30
2990,325949,325949,30,"[0.25       0.45       0.6075     0.729      0.820125   0.885735
 0.93002175 0.9565938  0.96855122 0.96855122 0.95886571 0.94143179
 0.91789599 0.88965304 0.85787972 0.82356453 0.78753358 0.75047318
 0.71294952 0.67542586 0.63827744 0.60180444 0.56624327 0.53177629
 0.49854027 0.46663369 0.43612303 0.40704816 0.37942703 0.35325965
 0.32853148]",30
2991,96045,96045,30,"[0.25       0.45       0.6075     0.729      0.820125   0.885735
 0.93002175 0.9565938  0.96855122 0.96855122 0.95886571 0.94143179
 0.91789599 0.88965304 0.85787972 0.82356453 0.78753358 0.75047318
 0.71294952 0.67542586 0.63827744 0.60180444 0.56624327 0.53177629
 0.49854027 0.46663369 0.43612303 0.40704816 0.37942703 0.35325965
 0.32853148]",30
2992,312128,312128,9,"[1.         1.8        2.43       2.916      3.2805     3.54294
 3.720087   3.8263752  3.87420489]",8
2993,147846,147846,9,"[1.         1.8        2.43       2.916      3.2805     3.54294
 3.720087   3.8263752  3.87420489]",8
2994,4530,4530,3,[0.29411765 0.52941176 0.71470588 0.85764706],3
2995,20225,20225,9,"[1.         1.8        2.43       2.916      3.2805     3.54294
 3.720087   3.8263752  3.87420489]",8
2996,112279,112279,30,"[0.25       0.45       0.6075     0.729      0.820125   0.885735
 0.93002175 0.9565938  0.96855122 0.96855122 0.95886571 0.94143179
 0.91789599 0.88965304 0.85787972 0.82356453 0.78753358 0.75047318
 0.71294952 0.67542586 0.63827744 0.60180444 0.56624327 0.53177629
 0.49854027 0.46663369 0.43612303 0.40704816 0.37942703 0.35325965
 0.32853148]",30
2997,161246,161246,30,"[0.25       0.45       0.6075     0.729      0.820125   0.885735
 0.93002175 0.9565938  0.96855122 0.96855122 0.95886571 0.94143179
 0.91789599 0.88965304 0.85787972 0.82356453 0.78753358 0.75047318
 0.71294952 0.67542586 0.63827744 0.60180444 0.56624327 0.53177629
 0.49854027 0.46663369 0.43612303 0.40704816 0.37942703 0.35325965
 0.32853148]",30
2998,109327,109327,6,[1.       1.8      2.43     2.916    3.2805   3.54294  3.720087],6
2999,326418,326418,1,[1.  1.8],1
3000,761,761,30,"[0.25       0.45       0.6075     0.729      0.820125   0.885735
 0.93002175 0.9565938  0.96855122 0.96855122 0.95886571 0.94143179
 0.91789599 0.88965304 0.85787972 0.82356453 0.78753358 0.75047318
 0.71294952 0.67542586 0.63827744 0.60180444 0.56624327 0.53177629
 0.49854027 0.46663369 0.43612303 0.40704816 0.37942703 0.35325965
 0.32853148]",30
3001,34617,34617,9,"[1.         1.8        2.43       2.916      3.2805     3.54294
 3.720087   3.8263752  3.87420489]",8
3002,202743,202743,6,[1.       1.8      2.43     2.916    3.2805   3.54294  3.720087],6
3003,268189,268189,30,"[0.25       0.45       0.6075     0.729      0.820125   0.885735
 0.93002175 0.9565938  0.96855122 0.96855122 0.95886571 0.94143179
 0.91789599 0.88965304 0.85787972 0.82356453 0.78753358 0.75047318
 0.71294952 0.67542586 0.63827744 0.60180444 0.56624327 0.53177629
 0.49854027 0.46663369 0.43612303 0.40704816 0.37942703 0.35325965
 0.32853148]",30
3004,231917,231917,9,"[1.         1.8        2.43       2.916      3.2805     3.54294
 3.720087   3.8263752  3.87420489]",8
3005,227118,227118,1,[1.  1.8],1
3006,93943,93943,60,"[0.25       0.45       0.6075     0.729      0.820125   0.885735
 0.93002175 0.9565938  0.96855122 0.96855122 0.95886571 0.94143179
 0.91789599 0.88965304 0.85787972 0.82356453 0.78753358 0.75047318
 0.71294952 0.67542586 0.63827744 0.60180444 0.56624327 0.53177629
 0.49854027 0.46663369 0.43612303 0.40704816 0.37942703 0.35325965
 0.32853148 0.30521634 0.28327892 0.26267681 0.24336234 0.225284
 0.2083877  0.19261782 0.17791804 0.16423203 0.15150405 0.13967934
 0.12870454 0.1185279  0.10909954 0.10037158 0.09229821 0.08483581
 0.0779429  0.07158021 0.06571063 0.06029917 0.05531289 0.05072088
 0.04649414 0.04260554 0.03902972 0.035743   0.03272334 0.02995017
 0.02740441]",60
3007,99798,99798,30,"[0.25       0.45       0.6075     0.729      0.820125   0.885735
 0.93002175 0.9565938  0.96855122 0.96855122 0.95886571 0.94143179
 0.91789599 0.88965304 0.85787972 0.82356453 0.78753358 0.75047318
 0.71294952 0.67542586 0.63827744 0.60180444 0.56624327 0.53177629
 0.49854027 0.46663369 0.43612303 0.40704816 0.37942703 0.35325965
 0.32853148]",30
3008,130969,130969,60,"[0.25       0.45       0.6075     0.729      0.820125   0.885735
 0.93002175 0.9565938  0.96855122 0.96855122 0.95886571 0.94143179
 0.91789599 0.88965304 0.85787972 0.82356453 0.78753358 0.75047318
 0.71294952 0.67542586 0.63827744 0.60180444 0.56624327 0.53177629
 0.49854027 0.46663369 0.43612303 0.40704816 0.37942703 0.35325965
 0.32853148 0.30521634 0.28327892 0.26267681 0.24336234 0.225284
 0.2083877  0.19261782 0.17791804 0.16423203 0.15150405 0.13967934
 0.12870454 0.1185279  0.10909954 0.10037158 0.09229821 0.08483581
 0.0779429  0.07158021 0.06571063 0.06029917 0.05531289 0.05072088
 0.04649414 0.04260554 0.03902972 0.035743   0.03272334 0.02995017
 0.02740441]",60
3009,263258,263258,3,[0.29411765 0.52941176 0.71470588 0.85764706],3
3010,133771,133771,6,[1.       1.8      2.43     2.916    3.2805   3.54294  3.720087],6
3011,163820,163820,30,"[0.25       0.45       0.6075     0.729      0.820125   0.885735
 0.93002175 0.9565938  0.96855122 0.96855122 0.95886571 0.94143179
 0.91789599 0.88965304 0.85787972 0.82356453 0.78753358 0.75047318
 0.71294952 0.67542586 0.63827744 0.60180444 0.56624327 0.53177629
 0.49854027 0.46663369 0.43612303 0.40704816 0.37942703 0.35325965
 0.32853148]",30
3012,27955,27955,30,"[0.25       0.45       0.6075     0.729      0.820125   0.885735
 0.93002175 0.9565938  0.96855122 0.96855122 0.95886571 0.94143179
 0.91789599 0.88965304 0.85787972 0.82356453 0.78753358 0.75047318
 0.71294952 0.67542586 0.63827744 0.60180444 0.56624327 0.53177629
 0.49854027 0.46663369 0.43612303 0.40704816 0.37942703 0.35325965
 0.32853148]",30
3013,87885,87885,60,"[0.25       0.45       0.6075     0.729      0.820125   0.885735
 0.93002175 0.9565938  0.96855122 0.96855122 0.95886571 0.94143179
 0.91789599 0.88965304 0.85787972 0.82356453 0.78753358 0.75047318
 0.71294952 0.67542586 0.63827744 0.60180444 0.56624327 0.53177629
 0.49854027 0.46663369 0.43612303 0.40704816 0.37942703 0.35325965
 0.32853148 0.30521634 0.28327892 0.26267681 0.24336234 0.225284
 0.2083877  0.19261782 0.17791804 0.16423203 0.15150405 0.13967934
 0.12870454 0.1185279  0.10909954 0.10037158 0.09229821 0.08483581
 0.0779429  0.07158021 0.06571063 0.06029917 0.05531289 0.05072088
 0.04649414 0.04260554 0.03902972 0.035743   0.03272334 0.02995017
 0.02740441]",60
3014,202731,202731,30,"[0.25       0.45       0.6075     0.729      0.820125   0.885735
 0.93002175 0.9565938  0.96855122 0.96855122 0.95886571 0.94143179
 0.91789599 0.88965304 0.85787972 0.82356453 0.78753358 0.75047318
 0.71294952 0.67542586 0.63827744 0.60180444 0.56624327 0.53177629
 0.49854027 0.46663369 0.43612303 0.40704816 0.37942703 0.35325965
 0.32853148]",30
3015,23082,23082,3,[0.29411765 0.52941176 0.71470588 0.85764706],3
3016,222066,222066,60,"[0.25       0.45       0.6075     0.729      0.820125   0.885735
 0.93002175 0.9565938  0.96855122 0.96855122 0.95886571 0.94143179
 0.91789599 0.88965304 0.85787972 0.82356453 0.78753358 0.75047318
 0.71294952 0.67542586 0.63827744 0.60180444 0.56624327 0.53177629
 0.49854027 0.46663369 0.43612303 0.40704816 0.37942703 0.35325965
 0.32853148 0.30521634 0.28327892 0.26267681 0.24336234 0.225284
 0.2083877  0.19261782 0.17791804 0.16423203 0.15150405 0.13967934
 0.12870454 0.1185279  0.10909954 0.10037158 0.09229821 0.08483581
 0.0779429  0.07158021 0.06571063 0.06029917 0.05531289 0.05072088
 0.04649414 0.04260554 0.03902972 0.035743   0.03272334 0.02995017
 0.02740441]",60
3017,263450,263450,1,[1.  1.8],1
3018,302104,302104,3,[0.29411765 0.52941176 0.71470588 0.85764706],3
3019,108952,108952,9,"[1.         1.8        2.43       2.916      3.2805     3.54294
 3.720087   3.8263752  3.87420489]",8
3020,67886,67886,60,"[0.25       0.45       0.6075     0.729      0.820125   0.885735
 0.93002175 0.9565938  0.96855122 0.96855122 0.95886571 0.94143179
 0.91789599 0.88965304 0.85787972 0.82356453 0.78753358 0.75047318
 0.71294952 0.67542586 0.63827744 0.60180444 0.56624327 0.53177629
 0.49854027 0.46663369 0.43612303 0.40704816 0.37942703 0.35325965
 0.32853148 0.30521634 0.28327892 0.26267681 0.24336234 0.225284
 0.2083877  0.19261782 0.17791804 0.16423203 0.15150405 0.13967934
 0.12870454 0.1185279  0.10909954 0.10037158 0.09229821 0.08483581
 0.0779429  0.07158021 0.06571063 0.06029917 0.05531289 0.05072088
 0.04649414 0.04260554 0.03902972 0.035743   0.03272334 0.02995017
 0.02740441]",60
3021,54942,54942,1,[1.  1.8],1
3022,7769,7769,3,[0.29411765 0.52941176 0.71470588 0.85764706],3
3023,52345,52345,60,"[0.25       0.45       0.6075     0.729      0.820125   0.885735
 0.93002175 0.9565938  0.96855122 0.96855122 0.95886571 0.94143179
 0.91789599 0.88965304 0.85787972 0.82356453 0.78753358 0.75047318
 0.71294952 0.67542586 0.63827744 0.60180444 0.56624327 0.53177629
 0.49854027 0.46663369 0.43612303 0.40704816 0.37942703 0.35325965
 0.32853148 0.30521634 0.28327892 0.26267681 0.24336234 0.225284
 0.2083877  0.19261782 0.17791804 0.16423203 0.15150405 0.13967934
 0.12870454 0.1185279  0.10909954 0.10037158 0.09229821 0.08483581
 0.0779429  0.07158021 0.06571063 0.06029917 0.05531289 0.05072088
 0.04649414 0.04260554 0.03902972 0.035743   0.03272334 0.02995017
 0.02740441]",60
3024,117111,117111,3,[0.29411765 0.52941176 0.71470588 0.85764706],3
3025,166471,166471,60,"[0.25       0.45       0.6075     0.729      0.820125   0.885735
 0.93002175 0.9565938  0.96855122 0.96855122 0.95886571 0.94143179
 0.91789599 0.88965304 0.85787972 0.82356453 0.78753358 0.75047318
 0.71294952 0.67542586 0.63827744 0.60180444 0.56624327 0.53177629
 0.49854027 0.46663369 0.43612303 0.40704816 0.37942703 0.35325965
 0.32853148 0.30521634 0.28327892 0.26267681 0.24336234 0.225284
 0.2083877  0.19261782 0.17791804 0.16423203 0.15150405 0.13967934
 0.12870454 0.1185279  0.10909954 0.10037158 0.09229821 0.08483581
 0.0779429  0.07158021 0.06571063 0.06029917 0.05531289 0.05072088
 0.04649414 0.04260554 0.03902972 0.035743   0.03272334 0.02995017
 0.02740441]",60
3026,60149,60149,6,[1.       1.8      2.43     2.916    3.2805   3.54294  3.720087],6
3027,95506,95506,1,[1.  1.8],1
3028,111451,111451,9,"[1.         1.8        2.43       2.916      3.2805     3.54294
 3.720087   3.8263752  3.87420489]",8
3029,325832,325832,30,"[0.25       0.45       0.6075     0.729      0.820125   0.885735
 0.93002175 0.9565938  0.96855122 0.96855122 0.95886571 0.94143179
 0.91789599 0.88965304 0.85787972 0.82356453 0.78753358 0.75047318
 0.71294952 0.67542586 0.63827744 0.60180444 0.56624327 0.53177629
 0.49854027 0.46663369 0.43612303 0.40704816 0.37942703 0.35325965
 0.32853148]",30
3030,234857,234857,30,"[0.25       0.45       0.6075     0.729      0.820125   0.885735
 0.93002175 0.9565938  0.96855122 0.96855122 0.95886571 0.94143179
 0.91789599 0.88965304 0.85787972 0.82356453 0.78753358 0.75047318
 0.71294952 0.67542586 0.63827744 0.60180444 0.56624327 0.53177629
 0.49854027 0.46663369 0.43612303 0.40704816 0.37942703 0.35325965
 0.32853148]",30
3031,137621,137621,6,[1.       1.8      2.43     2.916    3.2805   3.54294  3.720087],6
3032,14443,14443,1,[1.  1.8],1
3033,49602,49602,3,[0.29411765 0.52941176 0.71470588 0.85764706],3
3034,110200,110200,9,"[1.         1.8        2.43       2.916      3.2805     3.54294
 3.720087   3.8263752  3.87420489]",8
3035,228442,228442,30,"[0.25       0.45       0.6075     0.729      0.820125   0.885735
 0.93002175 0.9565938  0.96855122 0.96855122 0.95886571 0.94143179
 0.91789599 0.88965304 0.85787972 0.82356453 0.78753358 0.75047318
 0.71294952 0.67542586 0.63827744 0.60180444 0.56624327 0.53177629
 0.49854027 0.46663369 0.43612303 0.40704816 0.37942703 0.35325965
 0.32853148]",30
3036,22023,22023,6,[1.       1.8      2.43     2.916    3.2805   3.54294  3.720087],6
3037,177338,177338,60,"[0.25       0.45       0.6075     0.729      0.820125   0.885735
 0.93002175 0.9565938  0.96855122 0.96855122 0.95886571 0.94143179
 0.91789599 0.88965304 0.85787972 0.82356453 0.78753358 0.75047318
 0.71294952 0.67542586 0.63827744 0.60180444 0.56624327 0.53177629
 0.49854027 0.46663369 0.43612303 0.40704816 0.37942703 0.35325965
 0.32853148 0.30521634 0.28327892 0.26267681 0.24336234 0.225284
 0.2083877  0.19261782 0.17791804 0.16423203 0.15150405 0.13967934
 0.12870454 0.1185279  0.10909954 0.10037158 0.09229821 0.08483581
 0.0779429  0.07158021 0.06571063 0.06029917 0.05531289 0.05072088
 0.04649414 0.04260554 0.03902972 0.035743   0.03272334 0.02995017
 0.02740441]",60
3038,18447,18447,30,"[0.25       0.45       0.6075     0.729      0.820125   0.885735
 0.93002175 0.9565938  0.96855122 0.96855122 0.95886571 0.94143179
 0.91789599 0.88965304 0.85787972 0.82356453 0.78753358 0.75047318
 0.71294952 0.67542586 0.63827744 0.60180444 0.56624327 0.53177629
 0.49854027 0.46663369 0.43612303 0.40704816 0.37942703 0.35325965
 0.32853148]",30
3039,347165,347165,6,[1.       1.8      2.43     2.916    3.2805   3.54294  3.720087],6
3040,330135,330135,6,[1.       1.8      2.43     2.916    3.2805   3.54294  3.720087],6
3041,307519,307519,6,[1.       1.8      2.43     2.916    3.2805   3.54294  3.720087],6
3042,119485,119485,9,"[1.         1.8        2.43       2.916      3.2805     3.54294
 3.720087   3.8263752  3.87420489]",8
3043,322460,322460,6,[1.       1.8      2.43     2.916    3.2805   3.54294  3.720087],6
3044,297911,297911,9,"[1.         1.8        2.43       2.916      3.2805     3.54294
 3.720087   3.8263752  3.87420489]",8
3045,249593,249593,1,[1.  1.8],1
3046,19220,19220,9,"[1.         1.8        2.43       2.916      3.2805     3.54294
 3.720087   3.8263752  3.87420489]",8
3047,290714,290714,6,[1.       1.8      2.43     2.916    3.2805   3.54294  3.720087],6
3048,115378,115378,9,"[1.         1.8        2.43       2.916      3.2805     3.54294
 3.720087   3.8263752  3.87420489]",8
3049,42173,42173,1,[1.  1.8],1
3050,14998,14998,3,[0.29411765 0.52941176 0.71470588 0.85764706],3
3051,54784,54784,1,[1.  1.8],1
3052,233232,233232,1,[1.  1.8],1
3053,28704,28704,30,"[0.25       0.45       0.6075     0.729      0.820125   0.885735
 0.93002175 0.9565938  0.96855122 0.96855122 0.95886571 0.94143179
 0.91789599 0.88965304 0.85787972 0.82356453 0.78753358 0.75047318
 0.71294952 0.67542586 0.63827744 0.60180444 0.56624327 0.53177629
 0.49854027 0.46663369 0.43612303 0.40704816 0.37942703 0.35325965
 0.32853148]",30
3054,198853,198853,9,"[1.         1.8        2.43       2.916      3.2805     3.54294
 3.720087   3.8263752  3.87420489]",8
3055,88189,88189,3,[0.29411765 0.52941176 0.71470588 0.85764706],3
3056,262152,262152,1,[1.  1.8],1
3057,2670,2670,3,[0.29411765 0.52941176 0.71470588 0.85764706],3
3058,276417,276417,1,[1.  1.8],1
3059,111754,111754,3,[0.29411765 0.52941176 0.71470588 0.85764706],3
3060,256537,256537,9,"[1.         1.8        2.43       2.916      3.2805     3.54294
 3.720087   3.8263752  3.87420489]",8
3061,68287,68287,30,"[0.25       0.45       0.6075     0.729      0.820125   0.885735
 0.93002175 0.9565938  0.96855122 0.96855122 0.95886571 0.94143179
 0.91789599 0.88965304 0.85787972 0.82356453 0.78753358 0.75047318
 0.71294952 0.67542586 0.63827744 0.60180444 0.56624327 0.53177629
 0.49854027 0.46663369 0.43612303 0.40704816 0.37942703 0.35325965
 0.32853148]",30
3062,245685,245685,9,"[1.         1.8        2.43       2.916      3.2805     3.54294
 3.720087   3.8263752  3.87420489]",8
3063,48840,48840,3,[0.29411765 0.52941176 0.71470588 0.85764706],3
3064,4307,4307,9,"[1.         1.8        2.43       2.916      3.2805     3.54294
 3.720087   3.8263752  3.87420489]",8
3065,167925,167925,30,"[0.25       0.45       0.6075     0.729      0.820125   0.885735
 0.93002175 0.9565938  0.96855122 0.96855122 0.95886571 0.94143179
 0.91789599 0.88965304 0.85787972 0.82356453 0.78753358 0.75047318
 0.71294952 0.67542586 0.63827744 0.60180444 0.56624327 0.53177629
 0.49854027 0.46663369 0.43612303 0.40704816 0.37942703 0.35325965
 0.32853148]",30
3066,136516,136516,30,"[0.25       0.45       0.6075     0.729      0.820125   0.885735
 0.93002175 0.9565938  0.96855122 0.96855122 0.95886571 0.94143179
 0.91789599 0.88965304 0.85787972 0.82356453 0.78753358 0.75047318
 0.71294952 0.67542586 0.63827744 0.60180444 0.56624327 0.53177629
 0.49854027 0.46663369 0.43612303 0.40704816 0.37942703 0.35325965
 0.32853148]",30
3067,130756,130756,60,"[0.25       0.45       0.6075     0.729      0.820125   0.885735
 0.93002175 0.9565938  0.96855122 0.96855122 0.95886571 0.94143179
 0.91789599 0.88965304 0.85787972 0.82356453 0.78753358 0.75047318
 0.71294952 0.67542586 0.63827744 0.60180444 0.56624327 0.53177629
 0.49854027 0.46663369 0.43612303 0.40704816 0.37942703 0.35325965
 0.32853148 0.30521634 0.28327892 0.26267681 0.24336234 0.225284
 0.2083877  0.19261782 0.17791804 0.16423203 0.15150405 0.13967934
 0.12870454 0.1185279  0.10909954 0.10037158 0.09229821 0.08483581
 0.0779429  0.07158021 0.06571063 0.06029917 0.05531289 0.05072088
 0.04649414 0.04260554 0.03902972 0.035743   0.03272334 0.02995017
 0.02740441]",60
3068,56316,56316,60,"[0.25       0.45       0.6075     0.729      0.820125   0.885735
 0.93002175 0.9565938  0.96855122 0.96855122 0.95886571 0.94143179
 0.91789599 0.88965304 0.85787972 0.82356453 0.78753358 0.75047318
 0.71294952 0.67542586 0.63827744 0.60180444 0.56624327 0.53177629
 0.49854027 0.46663369 0.43612303 0.40704816 0.37942703 0.35325965
 0.32853148 0.30521634 0.28327892 0.26267681 0.24336234 0.225284
 0.2083877  0.19261782 0.17791804 0.16423203 0.15150405 0.13967934
 0.12870454 0.1185279  0.10909954 0.10037158 0.09229821 0.08483581
 0.0779429  0.07158021 0.06571063 0.06029917 0.05531289 0.05072088
 0.04649414 0.04260554 0.03902972 0.035743   0.03272334 0.02995017
 0.02740441]",60
3069,48443,48443,1,[1.  1.8],1
3070,308638,308638,30,"[0.25       0.45       0.6075     0.729      0.820125   0.885735
 0.93002175 0.9565938  0.96855122 0.96855122 0.95886571 0.94143179
 0.91789599 0.88965304 0.85787972 0.82356453 0.78753358 0.75047318
 0.71294952 0.67542586 0.63827744 0.60180444 0.56624327 0.53177629
 0.49854027 0.46663369 0.43612303 0.40704816 0.37942703 0.35325965
 0.32853148]",30
3071,243955,243955,3,[0.29411765 0.52941176 0.71470588 0.85764706],3
3072,165610,165610,6,[1.       1.8      2.43     2.916    3.2805   3.54294  3.720087],6
3073,107173,107173,9,"[1.         1.8        2.43       2.916      3.2805     3.54294
 3.720087   3.8263752  3.87420489]",8
3074,128655,128655,60,"[0.25       0.45       0.6075     0.729      0.820125   0.885735
 0.93002175 0.9565938  0.96855122 0.96855122 0.95886571 0.94143179
 0.91789599 0.88965304 0.85787972 0.82356453 0.78753358 0.75047318
 0.71294952 0.67542586 0.63827744 0.60180444 0.56624327 0.53177629
 0.49854027 0.46663369 0.43612303 0.40704816 0.37942703 0.35325965
 0.32853148 0.30521634 0.28327892 0.26267681 0.24336234 0.225284
 0.2083877  0.19261782 0.17791804 0.16423203 0.15150405 0.13967934
 0.12870454 0.1185279  0.10909954 0.10037158 0.09229821 0.08483581
 0.0779429  0.07158021 0.06571063 0.06029917 0.05531289 0.05072088
 0.04649414 0.04260554 0.03902972 0.035743   0.03272334 0.02995017
 0.02740441]",60
3075,281160,281160,9,"[1.         1.8        2.43       2.916      3.2805     3.54294
 3.720087   3.8263752  3.87420489]",8
3076,278693,278693,60,"[0.25       0.45       0.6075     0.729      0.820125   0.885735
 0.93002175 0.9565938  0.96855122 0.96855122 0.95886571 0.94143179
 0.91789599 0.88965304 0.85787972 0.82356453 0.78753358 0.75047318
 0.71294952 0.67542586 0.63827744 0.60180444 0.56624327 0.53177629
 0.49854027 0.46663369 0.43612303 0.40704816 0.37942703 0.35325965
 0.32853148 0.30521634 0.28327892 0.26267681 0.24336234 0.225284
 0.2083877  0.19261782 0.17791804 0.16423203 0.15150405 0.13967934
 0.12870454 0.1185279  0.10909954 0.10037158 0.09229821 0.08483581
 0.0779429  0.07158021 0.06571063 0.06029917 0.05531289 0.05072088
 0.04649414 0.04260554 0.03902972 0.035743   0.03272334 0.02995017
 0.02740441]",60
3077,316660,316660,9,"[1.         1.8        2.43       2.916      3.2805     3.54294
 3.720087   3.8263752  3.87420489]",8
3078,88154,88154,9,"[1.         1.8        2.43       2.916      3.2805     3.54294
 3.720087   3.8263752  3.87420489]",8
3079,24487,24487,6,[1.       1.8      2.43     2.916    3.2805   3.54294  3.720087],6
3080,335737,335737,30,"[0.25       0.45       0.6075     0.729      0.820125   0.885735
 0.93002175 0.9565938  0.96855122 0.96855122 0.95886571 0.94143179
 0.91789599 0.88965304 0.85787972 0.82356453 0.78753358 0.75047318
 0.71294952 0.67542586 0.63827744 0.60180444 0.56624327 0.53177629
 0.49854027 0.46663369 0.43612303 0.40704816 0.37942703 0.35325965
 0.32853148]",30
3081,197707,197707,6,[1.       1.8      2.43     2.916    3.2805   3.54294  3.720087],6
3082,230183,230183,9,"[1.         1.8        2.43       2.916      3.2805     3.54294
 3.720087   3.8263752  3.87420489]",8
3083,216995,216995,6,[1.       1.8      2.43     2.916    3.2805   3.54294  3.720087],6
3084,262798,262798,3,[0.29411765 0.52941176 0.71470588 0.85764706],3
3085,253544,253544,6,[1.       1.8      2.43     2.916    3.2805   3.54294  3.720087],6
3086,125755,125755,6,[1.       1.8      2.43     2.916    3.2805   3.54294  3.720087],6
3087,71091,71091,3,[0.29411765 0.52941176 0.71470588 0.85764706],3
3088,126135,126135,9,"[1.         1.8        2.43       2.916      3.2805     3.54294
 3.720087   3.8263752  3.87420489]",8
3089,210144,210144,9,"[1.         1.8        2.43       2.916      3.2805     3.54294
 3.720087   3.8263752  3.87420489]",8
3090,116860,116860,6,[1.       1.8      2.43     2.916    3.2805   3.54294  3.720087],6
3091,260560,260560,3,[0.29411765 0.52941176 0.71470588 0.85764706],3
3092,263972,263972,30,"[0.25       0.45       0.6075     0.729      0.820125   0.885735
 0.93002175 0.9565938  0.96855122 0.96855122 0.95886571 0.94143179
 0.91789599 0.88965304 0.85787972 0.82356453 0.78753358 0.75047318
 0.71294952 0.67542586 0.63827744 0.60180444 0.56624327 0.53177629
 0.49854027 0.46663369 0.43612303 0.40704816 0.37942703 0.35325965
 0.32853148]",30
3093,85193,85193,9,"[1.         1.8        2.43       2.916      3.2805     3.54294
 3.720087   3.8263752  3.87420489]",8
3094,25929,25929,30,"[0.25       0.45       0.6075     0.729      0.820125   0.885735
 0.93002175 0.9565938  0.96855122 0.96855122 0.95886571 0.94143179
 0.91789599 0.88965304 0.85787972 0.82356453 0.78753358 0.75047318
 0.71294952 0.67542586 0.63827744 0.60180444 0.56624327 0.53177629
 0.49854027 0.46663369 0.43612303 0.40704816 0.37942703 0.35325965
 0.32853148]",30
3095,30128,30128,6,[1.       1.8      2.43     2.916    3.2805   3.54294  3.720087],6
3096,119877,119877,1,[1.  1.8],1
3097,229213,229213,1,[1.  1.8],1
3098,61092,61092,3,[0.29411765 0.52941176 0.71470588 0.85764706],3
3099,69494,69494,30,"[0.25       0.45       0.6075     0.729      0.820125   0.885735
 0.93002175 0.9565938  0.96855122 0.96855122 0.95886571 0.94143179
 0.91789599 0.88965304 0.85787972 0.82356453 0.78753358 0.75047318
 0.71294952 0.67542586 0.63827744 0.60180444 0.56624327 0.53177629
 0.49854027 0.46663369 0.43612303 0.40704816 0.37942703 0.35325965
 0.32853148]",30
3100,338063,338063,6,[1.       1.8      2.43     2.916    3.2805   3.54294  3.720087],6
3101,308972,308972,6,[1.       1.8      2.43     2.916    3.2805   3.54294  3.720087],6
3102,233700,233700,9,"[1.         1.8        2.43       2.916      3.2805     3.54294
 3.720087   3.8263752  3.87420489]",8
3103,24715,24715,30,"[0.25       0.45       0.6075     0.729      0.820125   0.885735
 0.93002175 0.9565938  0.96855122 0.96855122 0.95886571 0.94143179
 0.91789599 0.88965304 0.85787972 0.82356453 0.78753358 0.75047318
 0.71294952 0.67542586 0.63827744 0.60180444 0.56624327 0.53177629
 0.49854027 0.46663369 0.43612303 0.40704816 0.37942703 0.35325965
 0.32853148]",30
3104,217734,217734,9,"[1.         1.8        2.43       2.916      3.2805     3.54294
 3.720087   3.8263752  3.87420489]",8
3105,185276,185276,30,"[0.25       0.45       0.6075     0.729      0.820125   0.885735
 0.93002175 0.9565938  0.96855122 0.96855122 0.95886571 0.94143179
 0.91789599 0.88965304 0.85787972 0.82356453 0.78753358 0.75047318
 0.71294952 0.67542586 0.63827744 0.60180444 0.56624327 0.53177629
 0.49854027 0.46663369 0.43612303 0.40704816 0.37942703 0.35325965
 0.32853148]",30
3106,120289,120289,9,"[1.         1.8        2.43       2.916      3.2805     3.54294
 3.720087   3.8263752  3.87420489]",8
3107,102033,102033,30,"[0.25       0.45       0.6075     0.729      0.820125   0.885735
 0.93002175 0.9565938  0.96855122 0.96855122 0.95886571 0.94143179
 0.91789599 0.88965304 0.85787972 0.82356453 0.78753358 0.75047318
 0.71294952 0.67542586 0.63827744 0.60180444 0.56624327 0.53177629
 0.49854027 0.46663369 0.43612303 0.40704816 0.37942703 0.35325965
 0.32853148]",30
3108,218552,218552,30,"[0.25       0.45       0.6075     0.729      0.820125   0.885735
 0.93002175 0.9565938  0.96855122 0.96855122 0.95886571 0.94143179
 0.91789599 0.88965304 0.85787972 0.82356453 0.78753358 0.75047318
 0.71294952 0.67542586 0.63827744 0.60180444 0.56624327 0.53177629
 0.49854027 0.46663369 0.43612303 0.40704816 0.37942703 0.35325965
 0.32853148]",30
3109,106451,106451,60,"[0.25       0.45       0.6075     0.729      0.820125   0.885735
 0.93002175 0.9565938  0.96855122 0.96855122 0.95886571 0.94143179
 0.91789599 0.88965304 0.85787972 0.82356453 0.78753358 0.75047318
 0.71294952 0.67542586 0.63827744 0.60180444 0.56624327 0.53177629
 0.49854027 0.46663369 0.43612303 0.40704816 0.37942703 0.35325965
 0.32853148 0.30521634 0.28327892 0.26267681 0.24336234 0.225284
 0.2083877  0.19261782 0.17791804 0.16423203 0.15150405 0.13967934
 0.12870454 0.1185279  0.10909954 0.10037158 0.09229821 0.08483581
 0.0779429  0.07158021 0.06571063 0.06029917 0.05531289 0.05072088
 0.04649414 0.04260554 0.03902972 0.035743   0.03272334 0.02995017
 0.02740441]",60
3110,122161,122161,3,[0.29411765 0.52941176 0.71470588 0.85764706],3
3111,106026,106026,30,"[0.25       0.45       0.6075     0.729      0.820125   0.885735
 0.93002175 0.9565938  0.96855122 0.96855122 0.95886571 0.94143179
 0.91789599 0.88965304 0.85787972 0.82356453 0.78753358 0.75047318
 0.71294952 0.67542586 0.63827744 0.60180444 0.56624327 0.53177629
 0.49854027 0.46663369 0.43612303 0.40704816 0.37942703 0.35325965
 0.32853148]",30
3112,15033,15033,3,[0.29411765 0.52941176 0.71470588 0.85764706],3
3113,215707,215707,6,[1.       1.8      2.43     2.916    3.2805   3.54294  3.720087],6
3114,113582,113582,6,[1.       1.8      2.43     2.916    3.2805   3.54294  3.720087],6
3115,176573,176573,30,"[0.25       0.45       0.6075     0.729      0.820125   0.885735
 0.93002175 0.9565938  0.96855122 0.96855122 0.95886571 0.94143179
 0.91789599 0.88965304 0.85787972 0.82356453 0.78753358 0.75047318
 0.71294952 0.67542586 0.63827744 0.60180444 0.56624327 0.53177629
 0.49854027 0.46663369 0.43612303 0.40704816 0.37942703 0.35325965
 0.32853148]",30
3116,57768,57768,1,[1.  1.8],1
3117,15596,15596,1,[1.  1.8],1
3118,344821,344821,9,"[1.         1.8        2.43       2.916      3.2805     3.54294
 3.720087   3.8263752  3.87420489]",8
3119,269747,269747,60,"[0.25       0.45       0.6075     0.729      0.820125   0.885735
 0.93002175 0.9565938  0.96855122 0.96855122 0.95886571 0.94143179
 0.91789599 0.88965304 0.85787972 0.82356453 0.78753358 0.75047318
 0.71294952 0.67542586 0.63827744 0.60180444 0.56624327 0.53177629
 0.49854027 0.46663369 0.43612303 0.40704816 0.37942703 0.35325965
 0.32853148 0.30521634 0.28327892 0.26267681 0.24336234 0.225284
 0.2083877  0.19261782 0.17791804 0.16423203 0.15150405 0.13967934
 0.12870454 0.1185279  0.10909954 0.10037158 0.09229821 0.08483581
 0.0779429  0.07158021 0.06571063 0.06029917 0.05531289 0.05072088
 0.04649414 0.04260554 0.03902972 0.035743   0.03272334 0.02995017
 0.02740441]",60
3120,78978,78978,6,[1.       1.8      2.43     2.916    3.2805   3.54294  3.720087],6
3121,244095,244095,30,"[0.25       0.45       0.6075     0.729      0.820125   0.885735
 0.93002175 0.9565938  0.96855122 0.96855122 0.95886571 0.94143179
 0.91789599 0.88965304 0.85787972 0.82356453 0.78753358 0.75047318
 0.71294952 0.67542586 0.63827744 0.60180444 0.56624327 0.53177629
 0.49854027 0.46663369 0.43612303 0.40704816 0.37942703 0.35325965
 0.32853148]",30
3122,213220,213220,3,[0.29411765 0.52941176 0.71470588 0.85764706],3
3123,30400,30400,9,"[1.         1.8        2.43       2.916      3.2805     3.54294
 3.720087   3.8263752  3.87420489]",8
3124,34617,34617,3,[0.29411765 0.52941176 0.71470588 0.85764706],3
3125,206100,206100,60,"[0.25       0.45       0.6075     0.729      0.820125   0.885735
 0.93002175 0.9565938  0.96855122 0.96855122 0.95886571 0.94143179
 0.91789599 0.88965304 0.85787972 0.82356453 0.78753358 0.75047318
 0.71294952 0.67542586 0.63827744 0.60180444 0.56624327 0.53177629
 0.49854027 0.46663369 0.43612303 0.40704816 0.37942703 0.35325965
 0.32853148 0.30521634 0.28327892 0.26267681 0.24336234 0.225284
 0.2083877  0.19261782 0.17791804 0.16423203 0.15150405 0.13967934
 0.12870454 0.1185279  0.10909954 0.10037158 0.09229821 0.08483581
 0.0779429  0.07158021 0.06571063 0.06029917 0.05531289 0.05072088
 0.04649414 0.04260554 0.03902972 0.035743   0.03272334 0.02995017
 0.02740441]",60
3126,270561,270561,3,[0.29411765 0.52941176 0.71470588 0.85764706],3
3127,112729,112729,30,"[0.25       0.45       0.6075     0.729      0.820125   0.885735
 0.93002175 0.9565938  0.96855122 0.96855122 0.95886571 0.94143179
 0.91789599 0.88965304 0.85787972 0.82356453 0.78753358 0.75047318
 0.71294952 0.67542586 0.63827744 0.60180444 0.56624327 0.53177629
 0.49854027 0.46663369 0.43612303 0.40704816 0.37942703 0.35325965
 0.32853148]",30
3128,304290,304290,30,"[0.25       0.45       0.6075     0.729      0.820125   0.885735
 0.93002175 0.9565938  0.96855122 0.96855122 0.95886571 0.94143179
 0.91789599 0.88965304 0.85787972 0.82356453 0.78753358 0.75047318
 0.71294952 0.67542586 0.63827744 0.60180444 0.56624327 0.53177629
 0.49854027 0.46663369 0.43612303 0.40704816 0.37942703 0.35325965
 0.32853148]",30
3129,301934,301934,1,[1.  1.8],1
3130,8229,8229,9,"[1.         1.8        2.43       2.916      3.2805     3.54294
 3.720087   3.8263752  3.87420489]",8
3131,52210,52210,30,"[0.25       0.45       0.6075     0.729      0.820125   0.885735
 0.93002175 0.9565938  0.96855122 0.96855122 0.95886571 0.94143179
 0.91789599 0.88965304 0.85787972 0.82356453 0.78753358 0.75047318
 0.71294952 0.67542586 0.63827744 0.60180444 0.56624327 0.53177629
 0.49854027 0.46663369 0.43612303 0.40704816 0.37942703 0.35325965
 0.32853148]",30
3132,161579,161579,1,[1.  1.8],1
3133,55382,55382,30,"[0.25       0.45       0.6075     0.729      0.820125   0.885735
 0.93002175 0.9565938  0.96855122 0.96855122 0.95886571 0.94143179
 0.91789599 0.88965304 0.85787972 0.82356453 0.78753358 0.75047318
 0.71294952 0.67542586 0.63827744 0.60180444 0.56624327 0.53177629
 0.49854027 0.46663369 0.43612303 0.40704816 0.37942703 0.35325965
 0.32853148]",30
3134,251065,251065,3,[0.29411765 0.52941176 0.71470588 0.85764706],3
3135,337246,337246,9,"[1.         1.8        2.43       2.916      3.2805     3.54294
 3.720087   3.8263752  3.87420489]",8
3136,145336,145336,1,[1.  1.8],1
3137,310141,310141,3,[0.29411765 0.52941176 0.71470588 0.85764706],3
3138,254358,254358,60,"[0.25       0.45       0.6075     0.729      0.820125   0.885735
 0.93002175 0.9565938  0.96855122 0.96855122 0.95886571 0.94143179
 0.91789599 0.88965304 0.85787972 0.82356453 0.78753358 0.75047318
 0.71294952 0.67542586 0.63827744 0.60180444 0.56624327 0.53177629
 0.49854027 0.46663369 0.43612303 0.40704816 0.37942703 0.35325965
 0.32853148 0.30521634 0.28327892 0.26267681 0.24336234 0.225284
 0.2083877  0.19261782 0.17791804 0.16423203 0.15150405 0.13967934
 0.12870454 0.1185279  0.10909954 0.10037158 0.09229821 0.08483581
 0.0779429  0.07158021 0.06571063 0.06029917 0.05531289 0.05072088
 0.04649414 0.04260554 0.03902972 0.035743   0.03272334 0.02995017
 0.02740441]",60
3139,237653,237653,1,[1.  1.8],1
3140,312035,312035,1,[1.  1.8],1
3141,313902,313902,3,[0.29411765 0.52941176 0.71470588 0.85764706],3
3142,115512,115512,6,[1.       1.8      2.43     2.916    3.2805   3.54294  3.720087],6
3143,244061,244061,9,"[1.         1.8        2.43       2.916      3.2805     3.54294
 3.720087   3.8263752  3.87420489]",8
3144,170521,170521,3,[0.29411765 0.52941176 0.71470588 0.85764706],3
3145,204807,204807,3,[0.29411765 0.52941176 0.71470588 0.85764706],3
3146,212717,212717,9,"[1.         1.8        2.43       2.916      3.2805     3.54294
 3.720087   3.8263752  3.87420489]",8
3147,315415,315415,1,[1.  1.8],1
3148,171567,171567,1,[1.  1.8],1
3149,48258,48258,6,[1.       1.8      2.43     2.916    3.2805   3.54294  3.720087],6
3150,150334,150334,1,[1.  1.8],1
3151,232258,232258,6,[1.       1.8      2.43     2.916    3.2805   3.54294  3.720087],6
3152,321180,321180,30,"[0.25       0.45       0.6075     0.729      0.820125   0.885735
 0.93002175 0.9565938  0.96855122 0.96855122 0.95886571 0.94143179
 0.91789599 0.88965304 0.85787972 0.82356453 0.78753358 0.75047318
 0.71294952 0.67542586 0.63827744 0.60180444 0.56624327 0.53177629
 0.49854027 0.46663369 0.43612303 0.40704816 0.37942703 0.35325965
 0.32853148]",30
3153,53247,53247,9,"[1.         1.8        2.43       2.916      3.2805     3.54294
 3.720087   3.8263752  3.87420489]",8
3154,156580,156580,60,"[0.25       0.45       0.6075     0.729      0.820125   0.885735
 0.93002175 0.9565938  0.96855122 0.96855122 0.95886571 0.94143179
 0.91789599 0.88965304 0.85787972 0.82356453 0.78753358 0.75047318
 0.71294952 0.67542586 0.63827744 0.60180444 0.56624327 0.53177629
 0.49854027 0.46663369 0.43612303 0.40704816 0.37942703 0.35325965
 0.32853148 0.30521634 0.28327892 0.26267681 0.24336234 0.225284
 0.2083877  0.19261782 0.17791804 0.16423203 0.15150405 0.13967934
 0.12870454 0.1185279  0.10909954 0.10037158 0.09229821 0.08483581
 0.0779429  0.07158021 0.06571063 0.06029917 0.05531289 0.05072088
 0.04649414 0.04260554 0.03902972 0.035743   0.03272334 0.02995017
 0.02740441]",60
3155,47070,47070,30,"[0.25       0.45       0.6075     0.729      0.820125   0.885735
 0.93002175 0.9565938  0.96855122 0.96855122 0.95886571 0.94143179
 0.91789599 0.88965304 0.85787972 0.82356453 0.78753358 0.75047318
 0.71294952 0.67542586 0.63827744 0.60180444 0.56624327 0.53177629
 0.49854027 0.46663369 0.43612303 0.40704816 0.37942703 0.35325965
 0.32853148]",30
3156,93602,93602,30,"[0.25       0.45       0.6075     0.729      0.820125   0.885735
 0.93002175 0.9565938  0.96855122 0.96855122 0.95886571 0.94143179
 0.91789599 0.88965304 0.85787972 0.82356453 0.78753358 0.75047318
 0.71294952 0.67542586 0.63827744 0.60180444 0.56624327 0.53177629
 0.49854027 0.46663369 0.43612303 0.40704816 0.37942703 0.35325965
 0.32853148]",30
3157,187328,187328,6,[1.       1.8      2.43     2.916    3.2805   3.54294  3.720087],6
3158,202105,202105,30,"[0.25       0.45       0.6075     0.729      0.820125   0.885735
 0.93002175 0.9565938  0.96855122 0.96855122 0.95886571 0.94143179
 0.91789599 0.88965304 0.85787972 0.82356453 0.78753358 0.75047318
 0.71294952 0.67542586 0.63827744 0.60180444 0.56624327 0.53177629
 0.49854027 0.46663369 0.43612303 0.40704816 0.37942703 0.35325965
 0.32853148]",30
3159,98661,98661,1,[1.  1.8],1
3160,148891,148891,3,[0.29411765 0.52941176 0.71470588 0.85764706],3
3161,88600,88600,9,"[1.         1.8        2.43       2.916      3.2805     3.54294
 3.720087   3.8263752  3.87420489]",8
3162,94708,94708,9,"[1.         1.8        2.43       2.916      3.2805     3.54294
 3.720087   3.8263752  3.87420489]",8
3163,214549,214549,9,"[1.         1.8        2.43       2.916      3.2805     3.54294
 3.720087   3.8263752  3.87420489]",8
3164,20990,20990,9,"[1.         1.8        2.43       2.916      3.2805     3.54294
 3.720087   3.8263752  3.87420489]",8
3165,61078,61078,1,[1.  1.8],1
3166,170283,170283,3,[0.29411765 0.52941176 0.71470588 0.85764706],3
3167,11338,11338,60,"[0.25       0.45       0.6075     0.729      0.820125   0.885735
 0.93002175 0.9565938  0.96855122 0.96855122 0.95886571 0.94143179
 0.91789599 0.88965304 0.85787972 0.82356453 0.78753358 0.75047318
 0.71294952 0.67542586 0.63827744 0.60180444 0.56624327 0.53177629
 0.49854027 0.46663369 0.43612303 0.40704816 0.37942703 0.35325965
 0.32853148 0.30521634 0.28327892 0.26267681 0.24336234 0.225284
 0.2083877  0.19261782 0.17791804 0.16423203 0.15150405 0.13967934
 0.12870454 0.1185279  0.10909954 0.10037158 0.09229821 0.08483581
 0.0779429  0.07158021 0.06571063 0.06029917 0.05531289 0.05072088
 0.04649414 0.04260554 0.03902972 0.035743   0.03272334 0.02995017
 0.02740441]",60
3168,120557,120557,9,"[1.         1.8        2.43       2.916      3.2805     3.54294
 3.720087   3.8263752  3.87420489]",8
3169,253927,253927,9,"[1.         1.8        2.43       2.916      3.2805     3.54294
 3.720087   3.8263752  3.87420489]",8
3170,98600,98600,9,"[1.         1.8        2.43       2.916      3.2805     3.54294
 3.720087   3.8263752  3.87420489]",8
3171,21017,21017,60,"[0.25       0.45       0.6075     0.729      0.820125   0.885735
 0.93002175 0.9565938  0.96855122 0.96855122 0.95886571 0.94143179
 0.91789599 0.88965304 0.85787972 0.82356453 0.78753358 0.75047318
 0.71294952 0.67542586 0.63827744 0.60180444 0.56624327 0.53177629
 0.49854027 0.46663369 0.43612303 0.40704816 0.37942703 0.35325965
 0.32853148 0.30521634 0.28327892 0.26267681 0.24336234 0.225284
 0.2083877  0.19261782 0.17791804 0.16423203 0.15150405 0.13967934
 0.12870454 0.1185279  0.10909954 0.10037158 0.09229821 0.08483581
 0.0779429  0.07158021 0.06571063 0.06029917 0.05531289 0.05072088
 0.04649414 0.04260554 0.03902972 0.035743   0.03272334 0.02995017
 0.02740441]",60
3172,202536,202536,6,[1.       1.8      2.43     2.916    3.2805   3.54294  3.720087],6
3173,262035,262035,6,[1.       1.8      2.43     2.916    3.2805   3.54294  3.720087],6
3174,196774,196774,6,[1.       1.8      2.43     2.916    3.2805   3.54294  3.720087],6
3175,187422,187422,9,"[1.         1.8        2.43       2.916      3.2805     3.54294
 3.720087   3.8263752  3.87420489]",8
3176,208549,208549,1,[1.  1.8],1
3177,55020,55020,30,"[0.25       0.45       0.6075     0.729      0.820125   0.885735
 0.93002175 0.9565938  0.96855122 0.96855122 0.95886571 0.94143179
 0.91789599 0.88965304 0.85787972 0.82356453 0.78753358 0.75047318
 0.71294952 0.67542586 0.63827744 0.60180444 0.56624327 0.53177629
 0.49854027 0.46663369 0.43612303 0.40704816 0.37942703 0.35325965
 0.32853148]",30
3178,296723,296723,60,"[0.25       0.45       0.6075     0.729      0.820125   0.885735
 0.93002175 0.9565938  0.96855122 0.96855122 0.95886571 0.94143179
 0.91789599 0.88965304 0.85787972 0.82356453 0.78753358 0.75047318
 0.71294952 0.67542586 0.63827744 0.60180444 0.56624327 0.53177629
 0.49854027 0.46663369 0.43612303 0.40704816 0.37942703 0.35325965
 0.32853148 0.30521634 0.28327892 0.26267681 0.24336234 0.225284
 0.2083877  0.19261782 0.17791804 0.16423203 0.15150405 0.13967934
 0.12870454 0.1185279  0.10909954 0.10037158 0.09229821 0.08483581
 0.0779429  0.07158021 0.06571063 0.06029917 0.05531289 0.05072088
 0.04649414 0.04260554 0.03902972 0.035743   0.03272334 0.02995017
 0.02740441]",60
3179,312783,312783,30,"[0.25       0.45       0.6075     0.729      0.820125   0.885735
 0.93002175 0.9565938  0.96855122 0.96855122 0.95886571 0.94143179
 0.91789599 0.88965304 0.85787972 0.82356453 0.78753358 0.75047318
 0.71294952 0.67542586 0.63827744 0.60180444 0.56624327 0.53177629
 0.49854027 0.46663369 0.43612303 0.40704816 0.37942703 0.35325965
 0.32853148]",30
3180,204456,204456,3,[0.29411765 0.52941176 0.71470588 0.85764706],3
3181,89143,89143,60,"[0.25       0.45       0.6075     0.729      0.820125   0.885735
 0.93002175 0.9565938  0.96855122 0.96855122 0.95886571 0.94143179
 0.91789599 0.88965304 0.85787972 0.82356453 0.78753358 0.75047318
 0.71294952 0.67542586 0.63827744 0.60180444 0.56624327 0.53177629
 0.49854027 0.46663369 0.43612303 0.40704816 0.37942703 0.35325965
 0.32853148 0.30521634 0.28327892 0.26267681 0.24336234 0.225284
 0.2083877  0.19261782 0.17791804 0.16423203 0.15150405 0.13967934
 0.12870454 0.1185279  0.10909954 0.10037158 0.09229821 0.08483581
 0.0779429  0.07158021 0.06571063 0.06029917 0.05531289 0.05072088
 0.04649414 0.04260554 0.03902972 0.035743   0.03272334 0.02995017
 0.02740441]",60
3182,221788,221788,30,"[0.25       0.45       0.6075     0.729      0.820125   0.885735
 0.93002175 0.9565938  0.96855122 0.96855122 0.95886571 0.94143179
 0.91789599 0.88965304 0.85787972 0.82356453 0.78753358 0.75047318
 0.71294952 0.67542586 0.63827744 0.60180444 0.56624327 0.53177629
 0.49854027 0.46663369 0.43612303 0.40704816 0.37942703 0.35325965
 0.32853148]",30
3183,260801,260801,30,"[0.25       0.45       0.6075     0.729      0.820125   0.885735
 0.93002175 0.9565938  0.96855122 0.96855122 0.95886571 0.94143179
 0.91789599 0.88965304 0.85787972 0.82356453 0.78753358 0.75047318
 0.71294952 0.67542586 0.63827744 0.60180444 0.56624327 0.53177629
 0.49854027 0.46663369 0.43612303 0.40704816 0.37942703 0.35325965
 0.32853148]",30
3184,119236,119236,30,"[0.25       0.45       0.6075     0.729      0.820125   0.885735
 0.93002175 0.9565938  0.96855122 0.96855122 0.95886571 0.94143179
 0.91789599 0.88965304 0.85787972 0.82356453 0.78753358 0.75047318
 0.71294952 0.67542586 0.63827744 0.60180444 0.56624327 0.53177629
 0.49854027 0.46663369 0.43612303 0.40704816 0.37942703 0.35325965
 0.32853148]",30
3185,82259,82259,30,"[0.25       0.45       0.6075     0.729      0.820125   0.885735
 0.93002175 0.9565938  0.96855122 0.96855122 0.95886571 0.94143179
 0.91789599 0.88965304 0.85787972 0.82356453 0.78753358 0.75047318
 0.71294952 0.67542586 0.63827744 0.60180444 0.56624327 0.53177629
 0.49854027 0.46663369 0.43612303 0.40704816 0.37942703 0.35325965
 0.32853148]",30
3186,132269,132269,9,"[1.         1.8        2.43       2.916      3.2805     3.54294
 3.720087   3.8263752  3.87420489]",8
3187,286633,286633,3,[0.29411765 0.52941176 0.71470588 0.85764706],3
3188,35516,35516,3,[0.29411765 0.52941176 0.71470588 0.85764706],3
3189,148055,148055,1,[1.  1.8],1
3190,62461,62461,1,[1.  1.8],1
3191,194639,194639,60,"[0.25       0.45       0.6075     0.729      0.820125   0.885735
 0.93002175 0.9565938  0.96855122 0.96855122 0.95886571 0.94143179
 0.91789599 0.88965304 0.85787972 0.82356453 0.78753358 0.75047318
 0.71294952 0.67542586 0.63827744 0.60180444 0.56624327 0.53177629
 0.49854027 0.46663369 0.43612303 0.40704816 0.37942703 0.35325965
 0.32853148 0.30521634 0.28327892 0.26267681 0.24336234 0.225284
 0.2083877  0.19261782 0.17791804 0.16423203 0.15150405 0.13967934
 0.12870454 0.1185279  0.10909954 0.10037158 0.09229821 0.08483581
 0.0779429  0.07158021 0.06571063 0.06029917 0.05531289 0.05072088
 0.04649414 0.04260554 0.03902972 0.035743   0.03272334 0.02995017
 0.02740441]",60
3192,158457,158457,6,[1.       1.8      2.43     2.916    3.2805   3.54294  3.720087],6
3193,118442,118442,3,[0.29411765 0.52941176 0.71470588 0.85764706],3
3194,34630,34630,60,"[0.25       0.45       0.6075     0.729      0.820125   0.885735
 0.93002175 0.9565938  0.96855122 0.96855122 0.95886571 0.94143179
 0.91789599 0.88965304 0.85787972 0.82356453 0.78753358 0.75047318
 0.71294952 0.67542586 0.63827744 0.60180444 0.56624327 0.53177629
 0.49854027 0.46663369 0.43612303 0.40704816 0.37942703 0.35325965
 0.32853148 0.30521634 0.28327892 0.26267681 0.24336234 0.225284
 0.2083877  0.19261782 0.17791804 0.16423203 0.15150405 0.13967934
 0.12870454 0.1185279  0.10909954 0.10037158 0.09229821 0.08483581
 0.0779429  0.07158021 0.06571063 0.06029917 0.05531289 0.05072088
 0.04649414 0.04260554 0.03902972 0.035743   0.03272334 0.02995017
 0.02740441]",60
3195,306075,306075,6,[1.       1.8      2.43     2.916    3.2805   3.54294  3.720087],6
3196,169037,169037,30,"[0.25       0.45       0.6075     0.729      0.820125   0.885735
 0.93002175 0.9565938  0.96855122 0.96855122 0.95886571 0.94143179
 0.91789599 0.88965304 0.85787972 0.82356453 0.78753358 0.75047318
 0.71294952 0.67542586 0.63827744 0.60180444 0.56624327 0.53177629
 0.49854027 0.46663369 0.43612303 0.40704816 0.37942703 0.35325965
 0.32853148]",30
3197,40588,40588,9,"[1.         1.8        2.43       2.916      3.2805     3.54294
 3.720087   3.8263752  3.87420489]",8
3198,341210,341210,3,[0.29411765 0.52941176 0.71470588 0.85764706],3
3199,340697,340697,60,"[0.25       0.45       0.6075     0.729      0.820125   0.885735
 0.93002175 0.9565938  0.96855122 0.96855122 0.95886571 0.94143179
 0.91789599 0.88965304 0.85787972 0.82356453 0.78753358 0.75047318
 0.71294952 0.67542586 0.63827744 0.60180444 0.56624327 0.53177629
 0.49854027 0.46663369 0.43612303 0.40704816 0.37942703 0.35325965
 0.32853148 0.30521634 0.28327892 0.26267681 0.24336234 0.225284
 0.2083877  0.19261782 0.17791804 0.16423203 0.15150405 0.13967934
 0.12870454 0.1185279  0.10909954 0.10037158 0.09229821 0.08483581
 0.0779429  0.07158021 0.06571063 0.06029917 0.05531289 0.05072088
 0.04649414 0.04260554 0.03902972 0.035743   0.03272334 0.02995017
 0.02740441]",60
3200,323482,323482,30,"[0.25       0.45       0.6075     0.729      0.820125   0.885735
 0.93002175 0.9565938  0.96855122 0.96855122 0.95886571 0.94143179
 0.91789599 0.88965304 0.85787972 0.82356453 0.78753358 0.75047318
 0.71294952 0.67542586 0.63827744 0.60180444 0.56624327 0.53177629
 0.49854027 0.46663369 0.43612303 0.40704816 0.37942703 0.35325965
 0.32853148]",30
3201,312996,312996,1,[1.  1.8],1
3202,332049,332049,6,[1.       1.8      2.43     2.916    3.2805   3.54294  3.720087],6
3203,154229,154229,30,"[0.25       0.45       0.6075     0.729      0.820125   0.885735
 0.93002175 0.9565938  0.96855122 0.96855122 0.95886571 0.94143179
 0.91789599 0.88965304 0.85787972 0.82356453 0.78753358 0.75047318
 0.71294952 0.67542586 0.63827744 0.60180444 0.56624327 0.53177629
 0.49854027 0.46663369 0.43612303 0.40704816 0.37942703 0.35325965
 0.32853148]",30
3204,348286,348286,30,"[0.25       0.45       0.6075     0.729      0.820125   0.885735
 0.93002175 0.9565938  0.96855122 0.96855122 0.95886571 0.94143179
 0.91789599 0.88965304 0.85787972 0.82356453 0.78753358 0.75047318
 0.71294952 0.67542586 0.63827744 0.60180444 0.56624327 0.53177629
 0.49854027 0.46663369 0.43612303 0.40704816 0.37942703 0.35325965
 0.32853148]",30
3205,55200,55200,3,[0.29411765 0.52941176 0.71470588 0.85764706],3
3206,217360,217360,60,"[0.25       0.45       0.6075     0.729      0.820125   0.885735
 0.93002175 0.9565938  0.96855122 0.96855122 0.95886571 0.94143179
 0.91789599 0.88965304 0.85787972 0.82356453 0.78753358 0.75047318
 0.71294952 0.67542586 0.63827744 0.60180444 0.56624327 0.53177629
 0.49854027 0.46663369 0.43612303 0.40704816 0.37942703 0.35325965
 0.32853148 0.30521634 0.28327892 0.26267681 0.24336234 0.225284
 0.2083877  0.19261782 0.17791804 0.16423203 0.15150405 0.13967934
 0.12870454 0.1185279  0.10909954 0.10037158 0.09229821 0.08483581
 0.0779429  0.07158021 0.06571063 0.06029917 0.05531289 0.05072088
 0.04649414 0.04260554 0.03902972 0.035743   0.03272334 0.02995017
 0.02740441]",60
3207,190974,190974,6,[1.       1.8      2.43     2.916    3.2805   3.54294  3.720087],6
3208,99313,99313,30,"[0.25       0.45       0.6075     0.729      0.820125   0.885735
 0.93002175 0.9565938  0.96855122 0.96855122 0.95886571 0.94143179
 0.91789599 0.88965304 0.85787972 0.82356453 0.78753358 0.75047318
 0.71294952 0.67542586 0.63827744 0.60180444 0.56624327 0.53177629
 0.49854027 0.46663369 0.43612303 0.40704816 0.37942703 0.35325965
 0.32853148]",30
3209,252743,252743,9,"[1.         1.8        2.43       2.916      3.2805     3.54294
 3.720087   3.8263752  3.87420489]",8
3210,285699,285699,30,"[0.25       0.45       0.6075     0.729      0.820125   0.885735
 0.93002175 0.9565938  0.96855122 0.96855122 0.95886571 0.94143179
 0.91789599 0.88965304 0.85787972 0.82356453 0.78753358 0.75047318
 0.71294952 0.67542586 0.63827744 0.60180444 0.56624327 0.53177629
 0.49854027 0.46663369 0.43612303 0.40704816 0.37942703 0.35325965
 0.32853148]",30
3211,271905,271905,60,"[0.25       0.45       0.6075     0.729      0.820125   0.885735
 0.93002175 0.9565938  0.96855122 0.96855122 0.95886571 0.94143179
 0.91789599 0.88965304 0.85787972 0.82356453 0.78753358 0.75047318
 0.71294952 0.67542586 0.63827744 0.60180444 0.56624327 0.53177629
 0.49854027 0.46663369 0.43612303 0.40704816 0.37942703 0.35325965
 0.32853148 0.30521634 0.28327892 0.26267681 0.24336234 0.225284
 0.2083877  0.19261782 0.17791804 0.16423203 0.15150405 0.13967934
 0.12870454 0.1185279  0.10909954 0.10037158 0.09229821 0.08483581
 0.0779429  0.07158021 0.06571063 0.06029917 0.05531289 0.05072088
 0.04649414 0.04260554 0.03902972 0.035743   0.03272334 0.02995017
 0.02740441]",60
3212,299884,299884,60,"[0.25       0.45       0.6075     0.729      0.820125   0.885735
 0.93002175 0.9565938  0.96855122 0.96855122 0.95886571 0.94143179
 0.91789599 0.88965304 0.85787972 0.82356453 0.78753358 0.75047318
 0.71294952 0.67542586 0.63827744 0.60180444 0.56624327 0.53177629
 0.49854027 0.46663369 0.43612303 0.40704816 0.37942703 0.35325965
 0.32853148 0.30521634 0.28327892 0.26267681 0.24336234 0.225284
 0.2083877  0.19261782 0.17791804 0.16423203 0.15150405 0.13967934
 0.12870454 0.1185279  0.10909954 0.10037158 0.09229821 0.08483581
 0.0779429  0.07158021 0.06571063 0.06029917 0.05531289 0.05072088
 0.04649414 0.04260554 0.03902972 0.035743   0.03272334 0.02995017
 0.02740441]",60
3213,84982,84982,3,[0.29411765 0.52941176 0.71470588 0.85764706],3
3214,196587,196587,30,"[0.25       0.45       0.6075     0.729      0.820125   0.885735
 0.93002175 0.9565938  0.96855122 0.96855122 0.95886571 0.94143179
 0.91789599 0.88965304 0.85787972 0.82356453 0.78753358 0.75047318
 0.71294952 0.67542586 0.63827744 0.60180444 0.56624327 0.53177629
 0.49854027 0.46663369 0.43612303 0.40704816 0.37942703 0.35325965
 0.32853148]",30
3215,155756,155756,1,[1.  1.8],1
3216,52358,52358,3,[0.29411765 0.52941176 0.71470588 0.85764706],3
3217,275506,275506,6,[1.       1.8      2.43     2.916    3.2805   3.54294  3.720087],6
3218,156975,156975,30,"[0.25       0.45       0.6075     0.729      0.820125   0.885735
 0.93002175 0.9565938  0.96855122 0.96855122 0.95886571 0.94143179
 0.91789599 0.88965304 0.85787972 0.82356453 0.78753358 0.75047318
 0.71294952 0.67542586 0.63827744 0.60180444 0.56624327 0.53177629
 0.49854027 0.46663369 0.43612303 0.40704816 0.37942703 0.35325965
 0.32853148]",30
3219,347682,347682,9,"[1.         1.8        2.43       2.916      3.2805     3.54294
 3.720087   3.8263752  3.87420489]",8
3220,132751,132751,60,"[0.25       0.45       0.6075     0.729      0.820125   0.885735
 0.93002175 0.9565938  0.96855122 0.96855122 0.95886571 0.94143179
 0.91789599 0.88965304 0.85787972 0.82356453 0.78753358 0.75047318
 0.71294952 0.67542586 0.63827744 0.60180444 0.56624327 0.53177629
 0.49854027 0.46663369 0.43612303 0.40704816 0.37942703 0.35325965
 0.32853148 0.30521634 0.28327892 0.26267681 0.24336234 0.225284
 0.2083877  0.19261782 0.17791804 0.16423203 0.15150405 0.13967934
 0.12870454 0.1185279  0.10909954 0.10037158 0.09229821 0.08483581
 0.0779429  0.07158021 0.06571063 0.06029917 0.05531289 0.05072088
 0.04649414 0.04260554 0.03902972 0.035743   0.03272334 0.02995017
 0.02740441]",60
3221,185639,185639,30,"[0.25       0.45       0.6075     0.729      0.820125   0.885735
 0.93002175 0.9565938  0.96855122 0.96855122 0.95886571 0.94143179
 0.91789599 0.88965304 0.85787972 0.82356453 0.78753358 0.75047318
 0.71294952 0.67542586 0.63827744 0.60180444 0.56624327 0.53177629
 0.49854027 0.46663369 0.43612303 0.40704816 0.37942703 0.35325965
 0.32853148]",30
3222,194541,194541,1,[1.  1.8],1
3223,155060,155060,1,[1.  1.8],1
3224,301657,301657,9,"[1.         1.8        2.43       2.916      3.2805     3.54294
 3.720087   3.8263752  3.87420489]",8
3225,145282,145282,3,[0.29411765 0.52941176 0.71470588 0.85764706],3
3226,71924,71924,60,"[0.25       0.45       0.6075     0.729      0.820125   0.885735
 0.93002175 0.9565938  0.96855122 0.96855122 0.95886571 0.94143179
 0.91789599 0.88965304 0.85787972 0.82356453 0.78753358 0.75047318
 0.71294952 0.67542586 0.63827744 0.60180444 0.56624327 0.53177629
 0.49854027 0.46663369 0.43612303 0.40704816 0.37942703 0.35325965
 0.32853148 0.30521634 0.28327892 0.26267681 0.24336234 0.225284
 0.2083877  0.19261782 0.17791804 0.16423203 0.15150405 0.13967934
 0.12870454 0.1185279  0.10909954 0.10037158 0.09229821 0.08483581
 0.0779429  0.07158021 0.06571063 0.06029917 0.05531289 0.05072088
 0.04649414 0.04260554 0.03902972 0.035743   0.03272334 0.02995017
 0.02740441]",60
3227,132166,132166,9,"[1.         1.8        2.43       2.916      3.2805     3.54294
 3.720087   3.8263752  3.87420489]",8
3228,326418,326418,1,[1.  1.8],1
3229,130429,130429,6,[1.       1.8      2.43     2.916    3.2805   3.54294  3.720087],6
3230,249237,249237,60,"[0.25       0.45       0.6075     0.729      0.820125   0.885735
 0.93002175 0.9565938  0.96855122 0.96855122 0.95886571 0.94143179
 0.91789599 0.88965304 0.85787972 0.82356453 0.78753358 0.75047318
 0.71294952 0.67542586 0.63827744 0.60180444 0.56624327 0.53177629
 0.49854027 0.46663369 0.43612303 0.40704816 0.37942703 0.35325965
 0.32853148 0.30521634 0.28327892 0.26267681 0.24336234 0.225284
 0.2083877  0.19261782 0.17791804 0.16423203 0.15150405 0.13967934
 0.12870454 0.1185279  0.10909954 0.10037158 0.09229821 0.08483581
 0.0779429  0.07158021 0.06571063 0.06029917 0.05531289 0.05072088
 0.04649414 0.04260554 0.03902972 0.035743   0.03272334 0.02995017
 0.02740441]",60
3231,342455,342455,6,[1.       1.8      2.43     2.916    3.2805   3.54294  3.720087],6
3232,286860,286860,6,[1.       1.8      2.43     2.916    3.2805   3.54294  3.720087],6
3233,178189,178189,1,[1.  1.8],1
3234,131533,131533,3,[0.29411765 0.52941176 0.71470588 0.85764706],3
3235,264632,264632,9,"[1.         1.8        2.43       2.916      3.2805     3.54294
 3.720087   3.8263752  3.87420489]",8
3236,170997,170997,3,[0.29411765 0.52941176 0.71470588 0.85764706],3
3237,260421,260421,6,[1.       1.8      2.43     2.916    3.2805   3.54294  3.720087],6
3238,59493,59493,9,"[1.         1.8        2.43       2.916      3.2805     3.54294
 3.720087   3.8263752  3.87420489]",8
3239,114717,114717,1,[1.  1.8],1
3240,32483,32483,3,[0.29411765 0.52941176 0.71470588 0.85764706],3
3241,126109,126109,30,"[0.25       0.45       0.6075     0.729      0.820125   0.885735
 0.93002175 0.9565938  0.96855122 0.96855122 0.95886571 0.94143179
 0.91789599 0.88965304 0.85787972 0.82356453 0.78753358 0.75047318
 0.71294952 0.67542586 0.63827744 0.60180444 0.56624327 0.53177629
 0.49854027 0.46663369 0.43612303 0.40704816 0.37942703 0.35325965
 0.32853148]",30
3242,24829,24829,1,[1.  1.8],1
3243,198942,198942,3,[0.29411765 0.52941176 0.71470588 0.85764706],3
3244,117707,117707,3,[0.29411765 0.52941176 0.71470588 0.85764706],3
3245,277422,277422,60,"[0.25       0.45       0.6075     0.729      0.820125   0.885735
 0.93002175 0.9565938  0.96855122 0.96855122 0.95886571 0.94143179
 0.91789599 0.88965304 0.85787972 0.82356453 0.78753358 0.75047318
 0.71294952 0.67542586 0.63827744 0.60180444 0.56624327 0.53177629
 0.49854027 0.46663369 0.43612303 0.40704816 0.37942703 0.35325965
 0.32853148 0.30521634 0.28327892 0.26267681 0.24336234 0.225284
 0.2083877  0.19261782 0.17791804 0.16423203 0.15150405 0.13967934
 0.12870454 0.1185279  0.10909954 0.10037158 0.09229821 0.08483581
 0.0779429  0.07158021 0.06571063 0.06029917 0.05531289 0.05072088
 0.04649414 0.04260554 0.03902972 0.035743   0.03272334 0.02995017
 0.02740441]",60
3246,172830,172830,3,[0.29411765 0.52941176 0.71470588 0.85764706],3
3247,113604,113604,1,[1.  1.8],1
3248,159695,159695,9,"[1.         1.8        2.43       2.916      3.2805     3.54294
 3.720087   3.8263752  3.87420489]",8
3249,31595,31595,3,[0.29411765 0.52941176 0.71470588 0.85764706],3
3250,198628,198628,9,"[1.         1.8        2.43       2.916      3.2805     3.54294
 3.720087   3.8263752  3.87420489]",8
3251,9903,9903,1,[1.  1.8],1
3252,175897,175897,9,"[1.         1.8        2.43       2.916      3.2805     3.54294
 3.720087   3.8263752  3.87420489]",8
3253,35835,35835,30,"[0.25       0.45       0.6075     0.729      0.820125   0.885735
 0.93002175 0.9565938  0.96855122 0.96855122 0.95886571 0.94143179
 0.91789599 0.88965304 0.85787972 0.82356453 0.78753358 0.75047318
 0.71294952 0.67542586 0.63827744 0.60180444 0.56624327 0.53177629
 0.49854027 0.46663369 0.43612303 0.40704816 0.37942703 0.35325965
 0.32853148]",30
3254,76667,76667,30,"[0.25       0.45       0.6075     0.729      0.820125   0.885735
 0.93002175 0.9565938  0.96855122 0.96855122 0.95886571 0.94143179
 0.91789599 0.88965304 0.85787972 0.82356453 0.78753358 0.75047318
 0.71294952 0.67542586 0.63827744 0.60180444 0.56624327 0.53177629
 0.49854027 0.46663369 0.43612303 0.40704816 0.37942703 0.35325965
 0.32853148]",30
3255,143969,143969,9,"[1.         1.8        2.43       2.916      3.2805     3.54294
 3.720087   3.8263752  3.87420489]",8
3256,185118,185118,3,[0.29411765 0.52941176 0.71470588 0.85764706],3
3257,206278,206278,3,[0.29411765 0.52941176 0.71470588 0.85764706],3
3258,282556,282556,30,"[0.25       0.45       0.6075     0.729      0.820125   0.885735
 0.93002175 0.9565938  0.96855122 0.96855122 0.95886571 0.94143179
 0.91789599 0.88965304 0.85787972 0.82356453 0.78753358 0.75047318
 0.71294952 0.67542586 0.63827744 0.60180444 0.56624327 0.53177629
 0.49854027 0.46663369 0.43612303 0.40704816 0.37942703 0.35325965
 0.32853148]",30
3259,32419,32419,9,"[1.         1.8        2.43       2.916      3.2805     3.54294
 3.720087   3.8263752  3.87420489]",8
3260,53659,53659,30,"[0.25       0.45       0.6075     0.729      0.820125   0.885735
 0.93002175 0.9565938  0.96855122 0.96855122 0.95886571 0.94143179
 0.91789599 0.88965304 0.85787972 0.82356453 0.78753358 0.75047318
 0.71294952 0.67542586 0.63827744 0.60180444 0.56624327 0.53177629
 0.49854027 0.46663369 0.43612303 0.40704816 0.37942703 0.35325965
 0.32853148]",30
3261,42594,42594,9,"[1.         1.8        2.43       2.916      3.2805     3.54294
 3.720087   3.8263752  3.87420489]",8
3262,198680,198680,30,"[0.25       0.45       0.6075     0.729      0.820125   0.885735
 0.93002175 0.9565938  0.96855122 0.96855122 0.95886571 0.94143179
 0.91789599 0.88965304 0.85787972 0.82356453 0.78753358 0.75047318
 0.71294952 0.67542586 0.63827744 0.60180444 0.56624327 0.53177629
 0.49854027 0.46663369 0.43612303 0.40704816 0.37942703 0.35325965
 0.32853148]",30
3263,6284,6284,1,[1.  1.8],1
3264,229665,229665,6,[1.       1.8      2.43     2.916    3.2805   3.54294  3.720087],6
3265,188736,188736,3,[0.29411765 0.52941176 0.71470588 0.85764706],3
3266,347657,347657,9,"[1.         1.8        2.43       2.916      3.2805     3.54294
 3.720087   3.8263752  3.87420489]",8
3267,271473,271473,60,"[0.25       0.45       0.6075     0.729      0.820125   0.885735
 0.93002175 0.9565938  0.96855122 0.96855122 0.95886571 0.94143179
 0.91789599 0.88965304 0.85787972 0.82356453 0.78753358 0.75047318
 0.71294952 0.67542586 0.63827744 0.60180444 0.56624327 0.53177629
 0.49854027 0.46663369 0.43612303 0.40704816 0.37942703 0.35325965
 0.32853148 0.30521634 0.28327892 0.26267681 0.24336234 0.225284
 0.2083877  0.19261782 0.17791804 0.16423203 0.15150405 0.13967934
 0.12870454 0.1185279  0.10909954 0.10037158 0.09229821 0.08483581
 0.0779429  0.07158021 0.06571063 0.06029917 0.05531289 0.05072088
 0.04649414 0.04260554 0.03902972 0.035743   0.03272334 0.02995017
 0.02740441]",60
3268,98368,98368,60,"[0.25       0.45       0.6075     0.729      0.820125   0.885735
 0.93002175 0.9565938  0.96855122 0.96855122 0.95886571 0.94143179
 0.91789599 0.88965304 0.85787972 0.82356453 0.78753358 0.75047318
 0.71294952 0.67542586 0.63827744 0.60180444 0.56624327 0.53177629
 0.49854027 0.46663369 0.43612303 0.40704816 0.37942703 0.35325965
 0.32853148 0.30521634 0.28327892 0.26267681 0.24336234 0.225284
 0.2083877  0.19261782 0.17791804 0.16423203 0.15150405 0.13967934
 0.12870454 0.1185279  0.10909954 0.10037158 0.09229821 0.08483581
 0.0779429  0.07158021 0.06571063 0.06029917 0.05531289 0.05072088
 0.04649414 0.04260554 0.03902972 0.035743   0.03272334 0.02995017
 0.02740441]",60
3269,19220,19220,9,"[1.         1.8        2.43       2.916      3.2805     3.54294
 3.720087   3.8263752  3.87420489]",8
3270,229081,229081,3,[0.29411765 0.52941176 0.71470588 0.85764706],3
3271,119503,119503,6,[1.       1.8      2.43     2.916    3.2805   3.54294  3.720087],6
3272,288194,288194,3,[0.29411765 0.52941176 0.71470588 0.85764706],3
3273,55940,55940,1,[1.  1.8],1
3274,343145,343145,6,[1.       1.8      2.43     2.916    3.2805   3.54294  3.720087],6
3275,19139,19139,9,"[1.         1.8        2.43       2.916      3.2805     3.54294
 3.720087   3.8263752  3.87420489]",8
3276,84806,84806,30,"[0.25       0.45       0.6075     0.729      0.820125   0.885735
 0.93002175 0.9565938  0.96855122 0.96855122 0.95886571 0.94143179
 0.91789599 0.88965304 0.85787972 0.82356453 0.78753358 0.75047318
 0.71294952 0.67542586 0.63827744 0.60180444 0.56624327 0.53177629
 0.49854027 0.46663369 0.43612303 0.40704816 0.37942703 0.35325965
 0.32853148]",30
3277,39548,39548,9,"[1.         1.8        2.43       2.916      3.2805     3.54294
 3.720087   3.8263752  3.87420489]",8
3278,143218,143218,9,"[1.         1.8        2.43       2.916      3.2805     3.54294
 3.720087   3.8263752  3.87420489]",8
3279,272336,272336,6,[1.       1.8      2.43     2.916    3.2805   3.54294  3.720087],6
3280,343650,343650,60,"[0.25       0.45       0.6075     0.729      0.820125   0.885735
 0.93002175 0.9565938  0.96855122 0.96855122 0.95886571 0.94143179
 0.91789599 0.88965304 0.85787972 0.82356453 0.78753358 0.75047318
 0.71294952 0.67542586 0.63827744 0.60180444 0.56624327 0.53177629
 0.49854027 0.46663369 0.43612303 0.40704816 0.37942703 0.35325965
 0.32853148 0.30521634 0.28327892 0.26267681 0.24336234 0.225284
 0.2083877  0.19261782 0.17791804 0.16423203 0.15150405 0.13967934
 0.12870454 0.1185279  0.10909954 0.10037158 0.09229821 0.08483581
 0.0779429  0.07158021 0.06571063 0.06029917 0.05531289 0.05072088
 0.04649414 0.04260554 0.03902972 0.035743   0.03272334 0.02995017
 0.02740441]",60
3281,259438,259438,60,"[0.25       0.45       0.6075     0.729      0.820125   0.885735
 0.93002175 0.9565938  0.96855122 0.96855122 0.95886571 0.94143179
 0.91789599 0.88965304 0.85787972 0.82356453 0.78753358 0.75047318
 0.71294952 0.67542586 0.63827744 0.60180444 0.56624327 0.53177629
 0.49854027 0.46663369 0.43612303 0.40704816 0.37942703 0.35325965
 0.32853148 0.30521634 0.28327892 0.26267681 0.24336234 0.225284
 0.2083877  0.19261782 0.17791804 0.16423203 0.15150405 0.13967934
 0.12870454 0.1185279  0.10909954 0.10037158 0.09229821 0.08483581
 0.0779429  0.07158021 0.06571063 0.06029917 0.05531289 0.05072088
 0.04649414 0.04260554 0.03902972 0.035743   0.03272334 0.02995017
 0.02740441]",60
3282,247761,247761,6,[1.       1.8      2.43     2.916    3.2805   3.54294  3.720087],6
3283,239449,239449,30,"[0.25       0.45       0.6075     0.729      0.820125   0.885735
 0.93002175 0.9565938  0.96855122 0.96855122 0.95886571 0.94143179
 0.91789599 0.88965304 0.85787972 0.82356453 0.78753358 0.75047318
 0.71294952 0.67542586 0.63827744 0.60180444 0.56624327 0.53177629
 0.49854027 0.46663369 0.43612303 0.40704816 0.37942703 0.35325965
 0.32853148]",30
3284,35380,35380,30,"[0.25       0.45       0.6075     0.729      0.820125   0.885735
 0.93002175 0.9565938  0.96855122 0.96855122 0.95886571 0.94143179
 0.91789599 0.88965304 0.85787972 0.82356453 0.78753358 0.75047318
 0.71294952 0.67542586 0.63827744 0.60180444 0.56624327 0.53177629
 0.49854027 0.46663369 0.43612303 0.40704816 0.37942703 0.35325965
 0.32853148]",30
3285,127375,127375,30,"[0.25       0.45       0.6075     0.729      0.820125   0.885735
 0.93002175 0.9565938  0.96855122 0.96855122 0.95886571 0.94143179
 0.91789599 0.88965304 0.85787972 0.82356453 0.78753358 0.75047318
 0.71294952 0.67542586 0.63827744 0.60180444 0.56624327 0.53177629
 0.49854027 0.46663369 0.43612303 0.40704816 0.37942703 0.35325965
 0.32853148]",30
3286,315458,315458,1,[1.  1.8],1
3287,202188,202188,9,"[1.         1.8        2.43       2.916      3.2805     3.54294
 3.720087   3.8263752  3.87420489]",8
3288,135394,135394,3,[0.29411765 0.52941176 0.71470588 0.85764706],3
3289,265567,265567,1,[1.  1.8],1
3290,76659,76659,3,[0.29411765 0.52941176 0.71470588 0.85764706],3
3291,98627,98627,30,"[0.25       0.45       0.6075     0.729      0.820125   0.885735
 0.93002175 0.9565938  0.96855122 0.96855122 0.95886571 0.94143179
 0.91789599 0.88965304 0.85787972 0.82356453 0.78753358 0.75047318
 0.71294952 0.67542586 0.63827744 0.60180444 0.56624327 0.53177629
 0.49854027 0.46663369 0.43612303 0.40704816 0.37942703 0.35325965
 0.32853148]",30
3292,13936,13936,60,"[0.25       0.45       0.6075     0.729      0.820125   0.885735
 0.93002175 0.9565938  0.96855122 0.96855122 0.95886571 0.94143179
 0.91789599 0.88965304 0.85787972 0.82356453 0.78753358 0.75047318
 0.71294952 0.67542586 0.63827744 0.60180444 0.56624327 0.53177629
 0.49854027 0.46663369 0.43612303 0.40704816 0.37942703 0.35325965
 0.32853148 0.30521634 0.28327892 0.26267681 0.24336234 0.225284
 0.2083877  0.19261782 0.17791804 0.16423203 0.15150405 0.13967934
 0.12870454 0.1185279  0.10909954 0.10037158 0.09229821 0.08483581
 0.0779429  0.07158021 0.06571063 0.06029917 0.05531289 0.05072088
 0.04649414 0.04260554 0.03902972 0.035743   0.03272334 0.02995017
 0.02740441]",60
3293,82610,82610,1,[1.  1.8],1
3294,119559,119559,3,[0.29411765 0.52941176 0.71470588 0.85764706],3
3295,122312,122312,1,[1.  1.8],1
3296,105198,105198,1,[1.  1.8],1
3297,48780,48780,6,[1.       1.8      2.43     2.916    3.2805   3.54294  3.720087],6
3298,126826,126826,6,[1.       1.8      2.43     2.916    3.2805   3.54294  3.720087],6
3299,118776,118776,3,[0.29411765 0.52941176 0.71470588 0.85764706],3
3300,102034,102034,6,[1.       1.8      2.43     2.916    3.2805   3.54294  3.720087],6
3301,214474,214474,9,"[1.         1.8        2.43       2.916      3.2805     3.54294
 3.720087   3.8263752  3.87420489]",8
3302,30322,30322,3,[0.29411765 0.52941176 0.71470588 0.85764706],3
3303,107425,107425,6,[1.       1.8      2.43     2.916    3.2805   3.54294  3.720087],6
3304,273485,273485,9,"[1.         1.8        2.43       2.916      3.2805     3.54294
 3.720087   3.8263752  3.87420489]",8
3305,192356,192356,9,"[1.         1.8        2.43       2.916      3.2805     3.54294
 3.720087   3.8263752  3.87420489]",8
3306,68013,68013,60,"[0.25       0.45       0.6075     0.729      0.820125   0.885735
 0.93002175 0.9565938  0.96855122 0.96855122 0.95886571 0.94143179
 0.91789599 0.88965304 0.85787972 0.82356453 0.78753358 0.75047318
 0.71294952 0.67542586 0.63827744 0.60180444 0.56624327 0.53177629
 0.49854027 0.46663369 0.43612303 0.40704816 0.37942703 0.35325965
 0.32853148 0.30521634 0.28327892 0.26267681 0.24336234 0.225284
 0.2083877  0.19261782 0.17791804 0.16423203 0.15150405 0.13967934
 0.12870454 0.1185279  0.10909954 0.10037158 0.09229821 0.08483581
 0.0779429  0.07158021 0.06571063 0.06029917 0.05531289 0.05072088
 0.04649414 0.04260554 0.03902972 0.035743   0.03272334 0.02995017
 0.02740441]",60
3307,35980,35980,30,"[0.25       0.45       0.6075     0.729      0.820125   0.885735
 0.93002175 0.9565938  0.96855122 0.96855122 0.95886571 0.94143179
 0.91789599 0.88965304 0.85787972 0.82356453 0.78753358 0.75047318
 0.71294952 0.67542586 0.63827744 0.60180444 0.56624327 0.53177629
 0.49854027 0.46663369 0.43612303 0.40704816 0.37942703 0.35325965
 0.32853148]",30
3308,281253,281253,30,"[0.25       0.45       0.6075     0.729      0.820125   0.885735
 0.93002175 0.9565938  0.96855122 0.96855122 0.95886571 0.94143179
 0.91789599 0.88965304 0.85787972 0.82356453 0.78753358 0.75047318
 0.71294952 0.67542586 0.63827744 0.60180444 0.56624327 0.53177629
 0.49854027 0.46663369 0.43612303 0.40704816 0.37942703 0.35325965
 0.32853148]",30
3309,219604,219604,60,"[0.25       0.45       0.6075     0.729      0.820125   0.885735
 0.93002175 0.9565938  0.96855122 0.96855122 0.95886571 0.94143179
 0.91789599 0.88965304 0.85787972 0.82356453 0.78753358 0.75047318
 0.71294952 0.67542586 0.63827744 0.60180444 0.56624327 0.53177629
 0.49854027 0.46663369 0.43612303 0.40704816 0.37942703 0.35325965
 0.32853148 0.30521634 0.28327892 0.26267681 0.24336234 0.225284
 0.2083877  0.19261782 0.17791804 0.16423203 0.15150405 0.13967934
 0.12870454 0.1185279  0.10909954 0.10037158 0.09229821 0.08483581
 0.0779429  0.07158021 0.06571063 0.06029917 0.05531289 0.05072088
 0.04649414 0.04260554 0.03902972 0.035743   0.03272334 0.02995017
 0.02740441]",60
3310,323851,323851,9,"[1.         1.8        2.43       2.916      3.2805     3.54294
 3.720087   3.8263752  3.87420489]",8
3311,187423,187423,1,[1.  1.8],1
3312,80155,80155,6,[1.       1.8      2.43     2.916    3.2805   3.54294  3.720087],6
3313,32013,32013,60,"[0.25       0.45       0.6075     0.729      0.820125   0.885735
 0.93002175 0.9565938  0.96855122 0.96855122 0.95886571 0.94143179
 0.91789599 0.88965304 0.85787972 0.82356453 0.78753358 0.75047318
 0.71294952 0.67542586 0.63827744 0.60180444 0.56624327 0.53177629
 0.49854027 0.46663369 0.43612303 0.40704816 0.37942703 0.35325965
 0.32853148 0.30521634 0.28327892 0.26267681 0.24336234 0.225284
 0.2083877  0.19261782 0.17791804 0.16423203 0.15150405 0.13967934
 0.12870454 0.1185279  0.10909954 0.10037158 0.09229821 0.08483581
 0.0779429  0.07158021 0.06571063 0.06029917 0.05531289 0.05072088
 0.04649414 0.04260554 0.03902972 0.035743   0.03272334 0.02995017
 0.02740441]",60
3314,226966,226966,60,"[0.25       0.45       0.6075     0.729      0.820125   0.885735
 0.93002175 0.9565938  0.96855122 0.96855122 0.95886571 0.94143179
 0.91789599 0.88965304 0.85787972 0.82356453 0.78753358 0.75047318
 0.71294952 0.67542586 0.63827744 0.60180444 0.56624327 0.53177629
 0.49854027 0.46663369 0.43612303 0.40704816 0.37942703 0.35325965
 0.32853148 0.30521634 0.28327892 0.26267681 0.24336234 0.225284
 0.2083877  0.19261782 0.17791804 0.16423203 0.15150405 0.13967934
 0.12870454 0.1185279  0.10909954 0.10037158 0.09229821 0.08483581
 0.0779429  0.07158021 0.06571063 0.06029917 0.05531289 0.05072088
 0.04649414 0.04260554 0.03902972 0.035743   0.03272334 0.02995017
 0.02740441]",60
3315,119582,119582,30,"[0.25       0.45       0.6075     0.729      0.820125   0.885735
 0.93002175 0.9565938  0.96855122 0.96855122 0.95886571 0.94143179
 0.91789599 0.88965304 0.85787972 0.82356453 0.78753358 0.75047318
 0.71294952 0.67542586 0.63827744 0.60180444 0.56624327 0.53177629
 0.49854027 0.46663369 0.43612303 0.40704816 0.37942703 0.35325965
 0.32853148]",30
3316,65357,65357,3,[0.29411765 0.52941176 0.71470588 0.85764706],3
3317,176043,176043,3,[0.29411765 0.52941176 0.71470588 0.85764706],3
3318,50474,50474,60,"[0.25       0.45       0.6075     0.729      0.820125   0.885735
 0.93002175 0.9565938  0.96855122 0.96855122 0.95886571 0.94143179
 0.91789599 0.88965304 0.85787972 0.82356453 0.78753358 0.75047318
 0.71294952 0.67542586 0.63827744 0.60180444 0.56624327 0.53177629
 0.49854027 0.46663369 0.43612303 0.40704816 0.37942703 0.35325965
 0.32853148 0.30521634 0.28327892 0.26267681 0.24336234 0.225284
 0.2083877  0.19261782 0.17791804 0.16423203 0.15150405 0.13967934
 0.12870454 0.1185279  0.10909954 0.10037158 0.09229821 0.08483581
 0.0779429  0.07158021 0.06571063 0.06029917 0.05531289 0.05072088
 0.04649414 0.04260554 0.03902972 0.035743   0.03272334 0.02995017
 0.02740441]",60
3319,107638,107638,1,[1.  1.8],1
3320,340476,340476,3,[0.29411765 0.52941176 0.71470588 0.85764706],3
3321,109590,109590,3,[0.29411765 0.52941176 0.71470588 0.85764706],3
3322,15595,15595,3,[0.29411765 0.52941176 0.71470588 0.85764706],3
3323,176551,176551,60,"[0.25       0.45       0.6075     0.729      0.820125   0.885735
 0.93002175 0.9565938  0.96855122 0.96855122 0.95886571 0.94143179
 0.91789599 0.88965304 0.85787972 0.82356453 0.78753358 0.75047318
 0.71294952 0.67542586 0.63827744 0.60180444 0.56624327 0.53177629
 0.49854027 0.46663369 0.43612303 0.40704816 0.37942703 0.35325965
 0.32853148 0.30521634 0.28327892 0.26267681 0.24336234 0.225284
 0.2083877  0.19261782 0.17791804 0.16423203 0.15150405 0.13967934
 0.12870454 0.1185279  0.10909954 0.10037158 0.09229821 0.08483581
 0.0779429  0.07158021 0.06571063 0.06029917 0.05531289 0.05072088
 0.04649414 0.04260554 0.03902972 0.035743   0.03272334 0.02995017
 0.02740441]",60
3324,306303,306303,3,[0.29411765 0.52941176 0.71470588 0.85764706],3
3325,94703,94703,9,"[1.         1.8        2.43       2.916      3.2805     3.54294
 3.720087   3.8263752  3.87420489]",8
3326,275398,275398,6,[1.       1.8      2.43     2.916    3.2805   3.54294  3.720087],6
3327,186526,186526,9,"[1.         1.8        2.43       2.916      3.2805     3.54294
 3.720087   3.8263752  3.87420489]",8
3328,273710,273710,6,[1.       1.8      2.43     2.916    3.2805   3.54294  3.720087],6
3329,235912,235912,3,[0.29411765 0.52941176 0.71470588 0.85764706],3
3330,270141,270141,6,[1.       1.8      2.43     2.916    3.2805   3.54294  3.720087],6
3331,252860,252860,30,"[0.25       0.45       0.6075     0.729      0.820125   0.885735
 0.93002175 0.9565938  0.96855122 0.96855122 0.95886571 0.94143179
 0.91789599 0.88965304 0.85787972 0.82356453 0.78753358 0.75047318
 0.71294952 0.67542586 0.63827744 0.60180444 0.56624327 0.53177629
 0.49854027 0.46663369 0.43612303 0.40704816 0.37942703 0.35325965
 0.32853148]",30
3332,74479,74479,3,[0.29411765 0.52941176 0.71470588 0.85764706],3
3333,335178,335178,3,[0.29411765 0.52941176 0.71470588 0.85764706],3
3334,146291,146291,1,[1.  1.8],1
3335,64943,64943,30,"[0.25       0.45       0.6075     0.729      0.820125   0.885735
 0.93002175 0.9565938  0.96855122 0.96855122 0.95886571 0.94143179
 0.91789599 0.88965304 0.85787972 0.82356453 0.78753358 0.75047318
 0.71294952 0.67542586 0.63827744 0.60180444 0.56624327 0.53177629
 0.49854027 0.46663369 0.43612303 0.40704816 0.37942703 0.35325965
 0.32853148]",30
3336,116483,116483,1,[1.  1.8],1
3337,339065,339065,3,[0.29411765 0.52941176 0.71470588 0.85764706],3
3338,177195,177195,1,[1.  1.8],1
3339,152671,152671,60,"[0.25       0.45       0.6075     0.729      0.820125   0.885735
 0.93002175 0.9565938  0.96855122 0.96855122 0.95886571 0.94143179
 0.91789599 0.88965304 0.85787972 0.82356453 0.78753358 0.75047318
 0.71294952 0.67542586 0.63827744 0.60180444 0.56624327 0.53177629
 0.49854027 0.46663369 0.43612303 0.40704816 0.37942703 0.35325965
 0.32853148 0.30521634 0.28327892 0.26267681 0.24336234 0.225284
 0.2083877  0.19261782 0.17791804 0.16423203 0.15150405 0.13967934
 0.12870454 0.1185279  0.10909954 0.10037158 0.09229821 0.08483581
 0.0779429  0.07158021 0.06571063 0.06029917 0.05531289 0.05072088
 0.04649414 0.04260554 0.03902972 0.035743   0.03272334 0.02995017
 0.02740441]",60
3340,220299,220299,9,"[1.         1.8        2.43       2.916      3.2805     3.54294
 3.720087   3.8263752  3.87420489]",8
3341,4655,4655,6,[1.       1.8      2.43     2.916    3.2805   3.54294  3.720087],6
3342,254167,254167,1,[1.  1.8],1
3343,268979,268979,1,[1.  1.8],1
3344,109688,109688,1,[1.  1.8],1
3345,102023,102023,30,"[0.25       0.45       0.6075     0.729      0.820125   0.885735
 0.93002175 0.9565938  0.96855122 0.96855122 0.95886571 0.94143179
 0.91789599 0.88965304 0.85787972 0.82356453 0.78753358 0.75047318
 0.71294952 0.67542586 0.63827744 0.60180444 0.56624327 0.53177629
 0.49854027 0.46663369 0.43612303 0.40704816 0.37942703 0.35325965
 0.32853148]",30
3346,48271,48271,60,"[0.25       0.45       0.6075     0.729      0.820125   0.885735
 0.93002175 0.9565938  0.96855122 0.96855122 0.95886571 0.94143179
 0.91789599 0.88965304 0.85787972 0.82356453 0.78753358 0.75047318
 0.71294952 0.67542586 0.63827744 0.60180444 0.56624327 0.53177629
 0.49854027 0.46663369 0.43612303 0.40704816 0.37942703 0.35325965
 0.32853148 0.30521634 0.28327892 0.26267681 0.24336234 0.225284
 0.2083877  0.19261782 0.17791804 0.16423203 0.15150405 0.13967934
 0.12870454 0.1185279  0.10909954 0.10037158 0.09229821 0.08483581
 0.0779429  0.07158021 0.06571063 0.06029917 0.05531289 0.05072088
 0.04649414 0.04260554 0.03902972 0.035743   0.03272334 0.02995017
 0.02740441]",60
3347,164149,164149,3,[0.29411765 0.52941176 0.71470588 0.85764706],3
3348,233296,233296,9,"[1.         1.8        2.43       2.916      3.2805     3.54294
 3.720087   3.8263752  3.87420489]",8
3349,159610,159610,60,"[0.25       0.45       0.6075     0.729      0.820125   0.885735
 0.93002175 0.9565938  0.96855122 0.96855122 0.95886571 0.94143179
 0.91789599 0.88965304 0.85787972 0.82356453 0.78753358 0.75047318
 0.71294952 0.67542586 0.63827744 0.60180444 0.56624327 0.53177629
 0.49854027 0.46663369 0.43612303 0.40704816 0.37942703 0.35325965
 0.32853148 0.30521634 0.28327892 0.26267681 0.24336234 0.225284
 0.2083877  0.19261782 0.17791804 0.16423203 0.15150405 0.13967934
 0.12870454 0.1185279  0.10909954 0.10037158 0.09229821 0.08483581
 0.0779429  0.07158021 0.06571063 0.06029917 0.05531289 0.05072088
 0.04649414 0.04260554 0.03902972 0.035743   0.03272334 0.02995017
 0.02740441]",60
3350,163819,163819,3,[0.29411765 0.52941176 0.71470588 0.85764706],3
3351,18100,18100,30,"[0.25       0.45       0.6075     0.729      0.820125   0.885735
 0.93002175 0.9565938  0.96855122 0.96855122 0.95886571 0.94143179
 0.91789599 0.88965304 0.85787972 0.82356453 0.78753358 0.75047318
 0.71294952 0.67542586 0.63827744 0.60180444 0.56624327 0.53177629
 0.49854027 0.46663369 0.43612303 0.40704816 0.37942703 0.35325965
 0.32853148]",30
3352,120967,120967,30,"[0.25       0.45       0.6075     0.729      0.820125   0.885735
 0.93002175 0.9565938  0.96855122 0.96855122 0.95886571 0.94143179
 0.91789599 0.88965304 0.85787972 0.82356453 0.78753358 0.75047318
 0.71294952 0.67542586 0.63827744 0.60180444 0.56624327 0.53177629
 0.49854027 0.46663369 0.43612303 0.40704816 0.37942703 0.35325965
 0.32853148]",30
3353,122150,122150,1,[1.  1.8],1
3354,220125,220125,6,[1.       1.8      2.43     2.916    3.2805   3.54294  3.720087],6
3355,300374,300374,1,[1.  1.8],1
3356,225882,225882,60,"[0.25       0.45       0.6075     0.729      0.820125   0.885735
 0.93002175 0.9565938  0.96855122 0.96855122 0.95886571 0.94143179
 0.91789599 0.88965304 0.85787972 0.82356453 0.78753358 0.75047318
 0.71294952 0.67542586 0.63827744 0.60180444 0.56624327 0.53177629
 0.49854027 0.46663369 0.43612303 0.40704816 0.37942703 0.35325965
 0.32853148 0.30521634 0.28327892 0.26267681 0.24336234 0.225284
 0.2083877  0.19261782 0.17791804 0.16423203 0.15150405 0.13967934
 0.12870454 0.1185279  0.10909954 0.10037158 0.09229821 0.08483581
 0.0779429  0.07158021 0.06571063 0.06029917 0.05531289 0.05072088
 0.04649414 0.04260554 0.03902972 0.035743   0.03272334 0.02995017
 0.02740441]",60
3357,267462,267462,30,"[0.25       0.45       0.6075     0.729      0.820125   0.885735
 0.93002175 0.9565938  0.96855122 0.96855122 0.95886571 0.94143179
 0.91789599 0.88965304 0.85787972 0.82356453 0.78753358 0.75047318
 0.71294952 0.67542586 0.63827744 0.60180444 0.56624327 0.53177629
 0.49854027 0.46663369 0.43612303 0.40704816 0.37942703 0.35325965
 0.32853148]",30
3358,247353,247353,9,"[1.         1.8        2.43       2.916      3.2805     3.54294
 3.720087   3.8263752  3.87420489]",8
3359,176514,176514,3,[0.29411765 0.52941176 0.71470588 0.85764706],3
3360,291473,291473,30,"[0.25       0.45       0.6075     0.729      0.820125   0.885735
 0.93002175 0.9565938  0.96855122 0.96855122 0.95886571 0.94143179
 0.91789599 0.88965304 0.85787972 0.82356453 0.78753358 0.75047318
 0.71294952 0.67542586 0.63827744 0.60180444 0.56624327 0.53177629
 0.49854027 0.46663369 0.43612303 0.40704816 0.37942703 0.35325965
 0.32853148]",30
3361,67877,67877,30,"[0.25       0.45       0.6075     0.729      0.820125   0.885735
 0.93002175 0.9565938  0.96855122 0.96855122 0.95886571 0.94143179
 0.91789599 0.88965304 0.85787972 0.82356453 0.78753358 0.75047318
 0.71294952 0.67542586 0.63827744 0.60180444 0.56624327 0.53177629
 0.49854027 0.46663369 0.43612303 0.40704816 0.37942703 0.35325965
 0.32853148]",30
3362,100685,100685,30,"[0.25       0.45       0.6075     0.729      0.820125   0.885735
 0.93002175 0.9565938  0.96855122 0.96855122 0.95886571 0.94143179
 0.91789599 0.88965304 0.85787972 0.82356453 0.78753358 0.75047318
 0.71294952 0.67542586 0.63827744 0.60180444 0.56624327 0.53177629
 0.49854027 0.46663369 0.43612303 0.40704816 0.37942703 0.35325965
 0.32853148]",30
3363,186734,186734,60,"[0.25       0.45       0.6075     0.729      0.820125   0.885735
 0.93002175 0.9565938  0.96855122 0.96855122 0.95886571 0.94143179
 0.91789599 0.88965304 0.85787972 0.82356453 0.78753358 0.75047318
 0.71294952 0.67542586 0.63827744 0.60180444 0.56624327 0.53177629
 0.49854027 0.46663369 0.43612303 0.40704816 0.37942703 0.35325965
 0.32853148 0.30521634 0.28327892 0.26267681 0.24336234 0.225284
 0.2083877  0.19261782 0.17791804 0.16423203 0.15150405 0.13967934
 0.12870454 0.1185279  0.10909954 0.10037158 0.09229821 0.08483581
 0.0779429  0.07158021 0.06571063 0.06029917 0.05531289 0.05072088
 0.04649414 0.04260554 0.03902972 0.035743   0.03272334 0.02995017
 0.02740441]",60
3364,308613,308613,60,"[0.25       0.45       0.6075     0.729      0.820125   0.885735
 0.93002175 0.9565938  0.96855122 0.96855122 0.95886571 0.94143179
 0.91789599 0.88965304 0.85787972 0.82356453 0.78753358 0.75047318
 0.71294952 0.67542586 0.63827744 0.60180444 0.56624327 0.53177629
 0.49854027 0.46663369 0.43612303 0.40704816 0.37942703 0.35325965
 0.32853148 0.30521634 0.28327892 0.26267681 0.24336234 0.225284
 0.2083877  0.19261782 0.17791804 0.16423203 0.15150405 0.13967934
 0.12870454 0.1185279  0.10909954 0.10037158 0.09229821 0.08483581
 0.0779429  0.07158021 0.06571063 0.06029917 0.05531289 0.05072088
 0.04649414 0.04260554 0.03902972 0.035743   0.03272334 0.02995017
 0.02740441]",60
3365,64316,64316,30,"[0.25       0.45       0.6075     0.729      0.820125   0.885735
 0.93002175 0.9565938  0.96855122 0.96855122 0.95886571 0.94143179
 0.91789599 0.88965304 0.85787972 0.82356453 0.78753358 0.75047318
 0.71294952 0.67542586 0.63827744 0.60180444 0.56624327 0.53177629
 0.49854027 0.46663369 0.43612303 0.40704816 0.37942703 0.35325965
 0.32853148]",30
3366,133548,133548,1,[1.  1.8],1
3367,35818,35818,6,[1.       1.8      2.43     2.916    3.2805   3.54294  3.720087],6
3368,48514,48514,9,"[1.         1.8        2.43       2.916      3.2805     3.54294
 3.720087   3.8263752  3.87420489]",8
3369,216897,216897,3,[0.29411765 0.52941176 0.71470588 0.85764706],3
3370,327101,327101,60,"[0.25       0.45       0.6075     0.729      0.820125   0.885735
 0.93002175 0.9565938  0.96855122 0.96855122 0.95886571 0.94143179
 0.91789599 0.88965304 0.85787972 0.82356453 0.78753358 0.75047318
 0.71294952 0.67542586 0.63827744 0.60180444 0.56624327 0.53177629
 0.49854027 0.46663369 0.43612303 0.40704816 0.37942703 0.35325965
 0.32853148 0.30521634 0.28327892 0.26267681 0.24336234 0.225284
 0.2083877  0.19261782 0.17791804 0.16423203 0.15150405 0.13967934
 0.12870454 0.1185279  0.10909954 0.10037158 0.09229821 0.08483581
 0.0779429  0.07158021 0.06571063 0.06029917 0.05531289 0.05072088
 0.04649414 0.04260554 0.03902972 0.035743   0.03272334 0.02995017
 0.02740441]",60
3371,343695,343695,1,[1.  1.8],1
3372,45604,45604,9,"[1.         1.8        2.43       2.916      3.2805     3.54294
 3.720087   3.8263752  3.87420489]",8
3373,218569,218569,60,"[0.25       0.45       0.6075     0.729      0.820125   0.885735
 0.93002175 0.9565938  0.96855122 0.96855122 0.95886571 0.94143179
 0.91789599 0.88965304 0.85787972 0.82356453 0.78753358 0.75047318
 0.71294952 0.67542586 0.63827744 0.60180444 0.56624327 0.53177629
 0.49854027 0.46663369 0.43612303 0.40704816 0.37942703 0.35325965
 0.32853148 0.30521634 0.28327892 0.26267681 0.24336234 0.225284
 0.2083877  0.19261782 0.17791804 0.16423203 0.15150405 0.13967934
 0.12870454 0.1185279  0.10909954 0.10037158 0.09229821 0.08483581
 0.0779429  0.07158021 0.06571063 0.06029917 0.05531289 0.05072088
 0.04649414 0.04260554 0.03902972 0.035743   0.03272334 0.02995017
 0.02740441]",60
3374,312286,312286,3,[0.29411765 0.52941176 0.71470588 0.85764706],3
3375,225732,225732,9,"[1.         1.8        2.43       2.916      3.2805     3.54294
 3.720087   3.8263752  3.87420489]",8
3376,13333,13333,9,"[1.         1.8        2.43       2.916      3.2805     3.54294
 3.720087   3.8263752  3.87420489]",8
3377,71357,71357,3,[0.29411765 0.52941176 0.71470588 0.85764706],3
3378,89344,89344,60,"[0.25       0.45       0.6075     0.729      0.820125   0.885735
 0.93002175 0.9565938  0.96855122 0.96855122 0.95886571 0.94143179
 0.91789599 0.88965304 0.85787972 0.82356453 0.78753358 0.75047318
 0.71294952 0.67542586 0.63827744 0.60180444 0.56624327 0.53177629
 0.49854027 0.46663369 0.43612303 0.40704816 0.37942703 0.35325965
 0.32853148 0.30521634 0.28327892 0.26267681 0.24336234 0.225284
 0.2083877  0.19261782 0.17791804 0.16423203 0.15150405 0.13967934
 0.12870454 0.1185279  0.10909954 0.10037158 0.09229821 0.08483581
 0.0779429  0.07158021 0.06571063 0.06029917 0.05531289 0.05072088
 0.04649414 0.04260554 0.03902972 0.035743   0.03272334 0.02995017
 0.02740441]",60
3379,237017,237017,3,[0.29411765 0.52941176 0.71470588 0.85764706],3
3380,334531,334531,30,"[0.25       0.45       0.6075     0.729      0.820125   0.885735
 0.93002175 0.9565938  0.96855122 0.96855122 0.95886571 0.94143179
 0.91789599 0.88965304 0.85787972 0.82356453 0.78753358 0.75047318
 0.71294952 0.67542586 0.63827744 0.60180444 0.56624327 0.53177629
 0.49854027 0.46663369 0.43612303 0.40704816 0.37942703 0.35325965
 0.32853148]",30
3381,245705,245705,60,"[0.25       0.45       0.6075     0.729      0.820125   0.885735
 0.93002175 0.9565938  0.96855122 0.96855122 0.95886571 0.94143179
 0.91789599 0.88965304 0.85787972 0.82356453 0.78753358 0.75047318
 0.71294952 0.67542586 0.63827744 0.60180444 0.56624327 0.53177629
 0.49854027 0.46663369 0.43612303 0.40704816 0.37942703 0.35325965
 0.32853148 0.30521634 0.28327892 0.26267681 0.24336234 0.225284
 0.2083877  0.19261782 0.17791804 0.16423203 0.15150405 0.13967934
 0.12870454 0.1185279  0.10909954 0.10037158 0.09229821 0.08483581
 0.0779429  0.07158021 0.06571063 0.06029917 0.05531289 0.05072088
 0.04649414 0.04260554 0.03902972 0.035743   0.03272334 0.02995017
 0.02740441]",60
3382,224089,224089,1,[1.  1.8],1
3383,254767,254767,6,[1.       1.8      2.43     2.916    3.2805   3.54294  3.720087],6
3384,63282,63282,9,"[1.         1.8        2.43       2.916      3.2805     3.54294
 3.720087   3.8263752  3.87420489]",8
3385,283521,283521,3,[0.29411765 0.52941176 0.71470588 0.85764706],3
3386,49374,49374,6,[1.       1.8      2.43     2.916    3.2805   3.54294  3.720087],6
3387,29179,29179,3,[0.29411765 0.52941176 0.71470588 0.85764706],3
3388,54579,54579,30,"[0.25       0.45       0.6075     0.729      0.820125   0.885735
 0.93002175 0.9565938  0.96855122 0.96855122 0.95886571 0.94143179
 0.91789599 0.88965304 0.85787972 0.82356453 0.78753358 0.75047318
 0.71294952 0.67542586 0.63827744 0.60180444 0.56624327 0.53177629
 0.49854027 0.46663369 0.43612303 0.40704816 0.37942703 0.35325965
 0.32853148]",30
3389,158999,158999,1,[1.  1.8],1
3390,68442,68442,6,[1.       1.8      2.43     2.916    3.2805   3.54294  3.720087],6
3391,2193,2193,60,"[0.25       0.45       0.6075     0.729      0.820125   0.885735
 0.93002175 0.9565938  0.96855122 0.96855122 0.95886571 0.94143179
 0.91789599 0.88965304 0.85787972 0.82356453 0.78753358 0.75047318
 0.71294952 0.67542586 0.63827744 0.60180444 0.56624327 0.53177629
 0.49854027 0.46663369 0.43612303 0.40704816 0.37942703 0.35325965
 0.32853148 0.30521634 0.28327892 0.26267681 0.24336234 0.225284
 0.2083877  0.19261782 0.17791804 0.16423203 0.15150405 0.13967934
 0.12870454 0.1185279  0.10909954 0.10037158 0.09229821 0.08483581
 0.0779429  0.07158021 0.06571063 0.06029917 0.05531289 0.05072088
 0.04649414 0.04260554 0.03902972 0.035743   0.03272334 0.02995017
 0.02740441]",60
3392,88153,88153,9,"[1.         1.8        2.43       2.916      3.2805     3.54294
 3.720087   3.8263752  3.87420489]",8
3393,299948,299948,6,[1.       1.8      2.43     2.916    3.2805   3.54294  3.720087],6
3394,58396,58396,30,"[0.25       0.45       0.6075     0.729      0.820125   0.885735
 0.93002175 0.9565938  0.96855122 0.96855122 0.95886571 0.94143179
 0.91789599 0.88965304 0.85787972 0.82356453 0.78753358 0.75047318
 0.71294952 0.67542586 0.63827744 0.60180444 0.56624327 0.53177629
 0.49854027 0.46663369 0.43612303 0.40704816 0.37942703 0.35325965
 0.32853148]",30
3395,19220,19220,30,"[0.25       0.45       0.6075     0.729      0.820125   0.885735
 0.93002175 0.9565938  0.96855122 0.96855122 0.95886571 0.94143179
 0.91789599 0.88965304 0.85787972 0.82356453 0.78753358 0.75047318
 0.71294952 0.67542586 0.63827744 0.60180444 0.56624327 0.53177629
 0.49854027 0.46663369 0.43612303 0.40704816 0.37942703 0.35325965
 0.32853148]",30
3396,246235,246235,6,[1.       1.8      2.43     2.916    3.2805   3.54294  3.720087],6
3397,29675,29675,9,"[1.         1.8        2.43       2.916      3.2805     3.54294
 3.720087   3.8263752  3.87420489]",8
3398,57154,57154,6,[1.       1.8      2.43     2.916    3.2805   3.54294  3.720087],6
3399,296130,296130,30,"[0.25       0.45       0.6075     0.729      0.820125   0.885735
 0.93002175 0.9565938  0.96855122 0.96855122 0.95886571 0.94143179
 0.91789599 0.88965304 0.85787972 0.82356453 0.78753358 0.75047318
 0.71294952 0.67542586 0.63827744 0.60180444 0.56624327 0.53177629
 0.49854027 0.46663369 0.43612303 0.40704816 0.37942703 0.35325965
 0.32853148]",30
3400,95867,95867,6,[1.       1.8      2.43     2.916    3.2805   3.54294  3.720087],6
3401,333506,333506,30,"[0.25       0.45       0.6075     0.729      0.820125   0.885735
 0.93002175 0.9565938  0.96855122 0.96855122 0.95886571 0.94143179
 0.91789599 0.88965304 0.85787972 0.82356453 0.78753358 0.75047318
 0.71294952 0.67542586 0.63827744 0.60180444 0.56624327 0.53177629
 0.49854027 0.46663369 0.43612303 0.40704816 0.37942703 0.35325965
 0.32853148]",30
3402,347941,347941,6,[1.       1.8      2.43     2.916    3.2805   3.54294  3.720087],6
3403,324534,324534,3,[0.29411765 0.52941176 0.71470588 0.85764706],3
3404,909,909,30,"[0.25       0.45       0.6075     0.729      0.820125   0.885735
 0.93002175 0.9565938  0.96855122 0.96855122 0.95886571 0.94143179
 0.91789599 0.88965304 0.85787972 0.82356453 0.78753358 0.75047318
 0.71294952 0.67542586 0.63827744 0.60180444 0.56624327 0.53177629
 0.49854027 0.46663369 0.43612303 0.40704816 0.37942703 0.35325965
 0.32853148]",30
3405,177195,177195,1,[1.  1.8],1
3406,331306,331306,3,[0.29411765 0.52941176 0.71470588 0.85764706],3
3407,83209,83209,6,[1.       1.8      2.43     2.916    3.2805   3.54294  3.720087],6
3408,255525,255525,9,"[1.         1.8        2.43       2.916      3.2805     3.54294
 3.720087   3.8263752  3.87420489]",8
3409,165615,165615,60,"[0.25       0.45       0.6075     0.729      0.820125   0.885735
 0.93002175 0.9565938  0.96855122 0.96855122 0.95886571 0.94143179
 0.91789599 0.88965304 0.85787972 0.82356453 0.78753358 0.75047318
 0.71294952 0.67542586 0.63827744 0.60180444 0.56624327 0.53177629
 0.49854027 0.46663369 0.43612303 0.40704816 0.37942703 0.35325965
 0.32853148 0.30521634 0.28327892 0.26267681 0.24336234 0.225284
 0.2083877  0.19261782 0.17791804 0.16423203 0.15150405 0.13967934
 0.12870454 0.1185279  0.10909954 0.10037158 0.09229821 0.08483581
 0.0779429  0.07158021 0.06571063 0.06029917 0.05531289 0.05072088
 0.04649414 0.04260554 0.03902972 0.035743   0.03272334 0.02995017
 0.02740441]",60
3410,303172,303172,1,[1.  1.8],1
3411,280840,280840,60,"[0.25       0.45       0.6075     0.729      0.820125   0.885735
 0.93002175 0.9565938  0.96855122 0.96855122 0.95886571 0.94143179
 0.91789599 0.88965304 0.85787972 0.82356453 0.78753358 0.75047318
 0.71294952 0.67542586 0.63827744 0.60180444 0.56624327 0.53177629
 0.49854027 0.46663369 0.43612303 0.40704816 0.37942703 0.35325965
 0.32853148 0.30521634 0.28327892 0.26267681 0.24336234 0.225284
 0.2083877  0.19261782 0.17791804 0.16423203 0.15150405 0.13967934
 0.12870454 0.1185279  0.10909954 0.10037158 0.09229821 0.08483581
 0.0779429  0.07158021 0.06571063 0.06029917 0.05531289 0.05072088
 0.04649414 0.04260554 0.03902972 0.035743   0.03272334 0.02995017
 0.02740441]",60
3412,166981,166981,60,"[0.25       0.45       0.6075     0.729      0.820125   0.885735
 0.93002175 0.9565938  0.96855122 0.96855122 0.95886571 0.94143179
 0.91789599 0.88965304 0.85787972 0.82356453 0.78753358 0.75047318
 0.71294952 0.67542586 0.63827744 0.60180444 0.56624327 0.53177629
 0.49854027 0.46663369 0.43612303 0.40704816 0.37942703 0.35325965
 0.32853148 0.30521634 0.28327892 0.26267681 0.24336234 0.225284
 0.2083877  0.19261782 0.17791804 0.16423203 0.15150405 0.13967934
 0.12870454 0.1185279  0.10909954 0.10037158 0.09229821 0.08483581
 0.0779429  0.07158021 0.06571063 0.06029917 0.05531289 0.05072088
 0.04649414 0.04260554 0.03902972 0.035743   0.03272334 0.02995017
 0.02740441]",60
3413,349007,349007,60,"[0.25       0.45       0.6075     0.729      0.820125   0.885735
 0.93002175 0.9565938  0.96855122 0.96855122 0.95886571 0.94143179
 0.91789599 0.88965304 0.85787972 0.82356453 0.78753358 0.75047318
 0.71294952 0.67542586 0.63827744 0.60180444 0.56624327 0.53177629
 0.49854027 0.46663369 0.43612303 0.40704816 0.37942703 0.35325965
 0.32853148 0.30521634 0.28327892 0.26267681 0.24336234 0.225284
 0.2083877  0.19261782 0.17791804 0.16423203 0.15150405 0.13967934
 0.12870454 0.1185279  0.10909954 0.10037158 0.09229821 0.08483581
 0.0779429  0.07158021 0.06571063 0.06029917 0.05531289 0.05072088
 0.04649414 0.04260554 0.03902972 0.035743   0.03272334 0.02995017
 0.02740441]",60
3414,302645,302645,60,"[0.25       0.45       0.6075     0.729      0.820125   0.885735
 0.93002175 0.9565938  0.96855122 0.96855122 0.95886571 0.94143179
 0.91789599 0.88965304 0.85787972 0.82356453 0.78753358 0.75047318
 0.71294952 0.67542586 0.63827744 0.60180444 0.56624327 0.53177629
 0.49854027 0.46663369 0.43612303 0.40704816 0.37942703 0.35325965
 0.32853148 0.30521634 0.28327892 0.26267681 0.24336234 0.225284
 0.2083877  0.19261782 0.17791804 0.16423203 0.15150405 0.13967934
 0.12870454 0.1185279  0.10909954 0.10037158 0.09229821 0.08483581
 0.0779429  0.07158021 0.06571063 0.06029917 0.05531289 0.05072088
 0.04649414 0.04260554 0.03902972 0.035743   0.03272334 0.02995017
 0.02740441]",60
3415,54872,54872,60,"[0.25       0.45       0.6075     0.729      0.820125   0.885735
 0.93002175 0.9565938  0.96855122 0.96855122 0.95886571 0.94143179
 0.91789599 0.88965304 0.85787972 0.82356453 0.78753358 0.75047318
 0.71294952 0.67542586 0.63827744 0.60180444 0.56624327 0.53177629
 0.49854027 0.46663369 0.43612303 0.40704816 0.37942703 0.35325965
 0.32853148 0.30521634 0.28327892 0.26267681 0.24336234 0.225284
 0.2083877  0.19261782 0.17791804 0.16423203 0.15150405 0.13967934
 0.12870454 0.1185279  0.10909954 0.10037158 0.09229821 0.08483581
 0.0779429  0.07158021 0.06571063 0.06029917 0.05531289 0.05072088
 0.04649414 0.04260554 0.03902972 0.035743   0.03272334 0.02995017
 0.02740441]",60
3416,256535,256535,6,[1.       1.8      2.43     2.916    3.2805   3.54294  3.720087],6
3417,148877,148877,30,"[0.25       0.45       0.6075     0.729      0.820125   0.885735
 0.93002175 0.9565938  0.96855122 0.96855122 0.95886571 0.94143179
 0.91789599 0.88965304 0.85787972 0.82356453 0.78753358 0.75047318
 0.71294952 0.67542586 0.63827744 0.60180444 0.56624327 0.53177629
 0.49854027 0.46663369 0.43612303 0.40704816 0.37942703 0.35325965
 0.32853148]",30
3418,164753,164753,60,"[0.25       0.45       0.6075     0.729      0.820125   0.885735
 0.93002175 0.9565938  0.96855122 0.96855122 0.95886571 0.94143179
 0.91789599 0.88965304 0.85787972 0.82356453 0.78753358 0.75047318
 0.71294952 0.67542586 0.63827744 0.60180444 0.56624327 0.53177629
 0.49854027 0.46663369 0.43612303 0.40704816 0.37942703 0.35325965
 0.32853148 0.30521634 0.28327892 0.26267681 0.24336234 0.225284
 0.2083877  0.19261782 0.17791804 0.16423203 0.15150405 0.13967934
 0.12870454 0.1185279  0.10909954 0.10037158 0.09229821 0.08483581
 0.0779429  0.07158021 0.06571063 0.06029917 0.05531289 0.05072088
 0.04649414 0.04260554 0.03902972 0.035743   0.03272334 0.02995017
 0.02740441]",60
3419,128604,128604,30,"[0.25       0.45       0.6075     0.729      0.820125   0.885735
 0.93002175 0.9565938  0.96855122 0.96855122 0.95886571 0.94143179
 0.91789599 0.88965304 0.85787972 0.82356453 0.78753358 0.75047318
 0.71294952 0.67542586 0.63827744 0.60180444 0.56624327 0.53177629
 0.49854027 0.46663369 0.43612303 0.40704816 0.37942703 0.35325965
 0.32853148]",30
3420,188618,188618,60,"[0.25       0.45       0.6075     0.729      0.820125   0.885735
 0.93002175 0.9565938  0.96855122 0.96855122 0.95886571 0.94143179
 0.91789599 0.88965304 0.85787972 0.82356453 0.78753358 0.75047318
 0.71294952 0.67542586 0.63827744 0.60180444 0.56624327 0.53177629
 0.49854027 0.46663369 0.43612303 0.40704816 0.37942703 0.35325965
 0.32853148 0.30521634 0.28327892 0.26267681 0.24336234 0.225284
 0.2083877  0.19261782 0.17791804 0.16423203 0.15150405 0.13967934
 0.12870454 0.1185279  0.10909954 0.10037158 0.09229821 0.08483581
 0.0779429  0.07158021 0.06571063 0.06029917 0.05531289 0.05072088
 0.04649414 0.04260554 0.03902972 0.035743   0.03272334 0.02995017
 0.02740441]",60
3421,120161,120161,6,[1.       1.8      2.43     2.916    3.2805   3.54294  3.720087],6
3422,186940,186940,3,[0.29411765 0.52941176 0.71470588 0.85764706],3
3423,104090,104090,1,[1.  1.8],1
3424,334959,334959,9,"[1.         1.8        2.43       2.916      3.2805     3.54294
 3.720087   3.8263752  3.87420489]",8
3425,11951,11951,9,"[1.         1.8        2.43       2.916      3.2805     3.54294
 3.720087   3.8263752  3.87420489]",8
3426,290399,290399,60,"[0.25       0.45       0.6075     0.729      0.820125   0.885735
 0.93002175 0.9565938  0.96855122 0.96855122 0.95886571 0.94143179
 0.91789599 0.88965304 0.85787972 0.82356453 0.78753358 0.75047318
 0.71294952 0.67542586 0.63827744 0.60180444 0.56624327 0.53177629
 0.49854027 0.46663369 0.43612303 0.40704816 0.37942703 0.35325965
 0.32853148 0.30521634 0.28327892 0.26267681 0.24336234 0.225284
 0.2083877  0.19261782 0.17791804 0.16423203 0.15150405 0.13967934
 0.12870454 0.1185279  0.10909954 0.10037158 0.09229821 0.08483581
 0.0779429  0.07158021 0.06571063 0.06029917 0.05531289 0.05072088
 0.04649414 0.04260554 0.03902972 0.035743   0.03272334 0.02995017
 0.02740441]",60
3427,107023,107023,30,"[0.25       0.45       0.6075     0.729      0.820125   0.885735
 0.93002175 0.9565938  0.96855122 0.96855122 0.95886571 0.94143179
 0.91789599 0.88965304 0.85787972 0.82356453 0.78753358 0.75047318
 0.71294952 0.67542586 0.63827744 0.60180444 0.56624327 0.53177629
 0.49854027 0.46663369 0.43612303 0.40704816 0.37942703 0.35325965
 0.32853148]",30
3428,169942,169942,3,[0.29411765 0.52941176 0.71470588 0.85764706],3
3429,119226,119226,6,[1.       1.8      2.43     2.916    3.2805   3.54294  3.720087],6
3430,167490,167490,60,"[0.25       0.45       0.6075     0.729      0.820125   0.885735
 0.93002175 0.9565938  0.96855122 0.96855122 0.95886571 0.94143179
 0.91789599 0.88965304 0.85787972 0.82356453 0.78753358 0.75047318
 0.71294952 0.67542586 0.63827744 0.60180444 0.56624327 0.53177629
 0.49854027 0.46663369 0.43612303 0.40704816 0.37942703 0.35325965
 0.32853148 0.30521634 0.28327892 0.26267681 0.24336234 0.225284
 0.2083877  0.19261782 0.17791804 0.16423203 0.15150405 0.13967934
 0.12870454 0.1185279  0.10909954 0.10037158 0.09229821 0.08483581
 0.0779429  0.07158021 0.06571063 0.06029917 0.05531289 0.05072088
 0.04649414 0.04260554 0.03902972 0.035743   0.03272334 0.02995017
 0.02740441]",60
3431,157056,157056,3,[0.29411765 0.52941176 0.71470588 0.85764706],3
3432,56345,56345,6,[1.       1.8      2.43     2.916    3.2805   3.54294  3.720087],6
3433,328983,328983,1,[1.  1.8],1
3434,202742,202742,6,[1.       1.8      2.43     2.916    3.2805   3.54294  3.720087],6
3435,28242,28242,30,"[0.25       0.45       0.6075     0.729      0.820125   0.885735
 0.93002175 0.9565938  0.96855122 0.96855122 0.95886571 0.94143179
 0.91789599 0.88965304 0.85787972 0.82356453 0.78753358 0.75047318
 0.71294952 0.67542586 0.63827744 0.60180444 0.56624327 0.53177629
 0.49854027 0.46663369 0.43612303 0.40704816 0.37942703 0.35325965
 0.32853148]",30
3436,141291,141291,3,[0.29411765 0.52941176 0.71470588 0.85764706],3
3437,281410,281410,6,[1.       1.8      2.43     2.916    3.2805   3.54294  3.720087],6
3438,296827,296827,1,[1.  1.8],1
3439,285791,285791,30,"[0.25       0.45       0.6075     0.729      0.820125   0.885735
 0.93002175 0.9565938  0.96855122 0.96855122 0.95886571 0.94143179
 0.91789599 0.88965304 0.85787972 0.82356453 0.78753358 0.75047318
 0.71294952 0.67542586 0.63827744 0.60180444 0.56624327 0.53177629
 0.49854027 0.46663369 0.43612303 0.40704816 0.37942703 0.35325965
 0.32853148]",30
3440,4556,4556,3,[0.29411765 0.52941176 0.71470588 0.85764706],3
3441,1220,1220,1,[1.  1.8],1
3442,83674,83674,60,"[0.25       0.45       0.6075     0.729      0.820125   0.885735
 0.93002175 0.9565938  0.96855122 0.96855122 0.95886571 0.94143179
 0.91789599 0.88965304 0.85787972 0.82356453 0.78753358 0.75047318
 0.71294952 0.67542586 0.63827744 0.60180444 0.56624327 0.53177629
 0.49854027 0.46663369 0.43612303 0.40704816 0.37942703 0.35325965
 0.32853148 0.30521634 0.28327892 0.26267681 0.24336234 0.225284
 0.2083877  0.19261782 0.17791804 0.16423203 0.15150405 0.13967934
 0.12870454 0.1185279  0.10909954 0.10037158 0.09229821 0.08483581
 0.0779429  0.07158021 0.06571063 0.06029917 0.05531289 0.05072088
 0.04649414 0.04260554 0.03902972 0.035743   0.03272334 0.02995017
 0.02740441]",60
3443,247025,247025,30,"[0.25       0.45       0.6075     0.729      0.820125   0.885735
 0.93002175 0.9565938  0.96855122 0.96855122 0.95886571 0.94143179
 0.91789599 0.88965304 0.85787972 0.82356453 0.78753358 0.75047318
 0.71294952 0.67542586 0.63827744 0.60180444 0.56624327 0.53177629
 0.49854027 0.46663369 0.43612303 0.40704816 0.37942703 0.35325965
 0.32853148]",30
3444,242034,242034,3,[0.29411765 0.52941176 0.71470588 0.85764706],3
3445,130569,130569,3,[0.29411765 0.52941176 0.71470588 0.85764706],3
3446,165785,165785,9,"[1.         1.8        2.43       2.916      3.2805     3.54294
 3.720087   3.8263752  3.87420489]",8
3447,813,813,1,[1.  1.8],1
3448,111100,111100,6,[1.       1.8      2.43     2.916    3.2805   3.54294  3.720087],6
3449,287897,287897,6,[1.       1.8      2.43     2.916    3.2805   3.54294  3.720087],6
3450,347072,347072,30,"[0.25       0.45       0.6075     0.729      0.820125   0.885735
 0.93002175 0.9565938  0.96855122 0.96855122 0.95886571 0.94143179
 0.91789599 0.88965304 0.85787972 0.82356453 0.78753358 0.75047318
 0.71294952 0.67542586 0.63827744 0.60180444 0.56624327 0.53177629
 0.49854027 0.46663369 0.43612303 0.40704816 0.37942703 0.35325965
 0.32853148]",30
3451,63405,63405,9,"[1.         1.8        2.43       2.916      3.2805     3.54294
 3.720087   3.8263752  3.87420489]",8
3452,2772,2772,60,"[0.25       0.45       0.6075     0.729      0.820125   0.885735
 0.93002175 0.9565938  0.96855122 0.96855122 0.95886571 0.94143179
 0.91789599 0.88965304 0.85787972 0.82356453 0.78753358 0.75047318
 0.71294952 0.67542586 0.63827744 0.60180444 0.56624327 0.53177629
 0.49854027 0.46663369 0.43612303 0.40704816 0.37942703 0.35325965
 0.32853148 0.30521634 0.28327892 0.26267681 0.24336234 0.225284
 0.2083877  0.19261782 0.17791804 0.16423203 0.15150405 0.13967934
 0.12870454 0.1185279  0.10909954 0.10037158 0.09229821 0.08483581
 0.0779429  0.07158021 0.06571063 0.06029917 0.05531289 0.05072088
 0.04649414 0.04260554 0.03902972 0.035743   0.03272334 0.02995017
 0.02740441]",60
3453,257625,257625,1,[1.  1.8],1
3454,350858,350858,1,[1.  1.8],1
3455,345439,345439,6,[1.       1.8      2.43     2.916    3.2805   3.54294  3.720087],6
3456,224523,224523,60,"[0.25       0.45       0.6075     0.729      0.820125   0.885735
 0.93002175 0.9565938  0.96855122 0.96855122 0.95886571 0.94143179
 0.91789599 0.88965304 0.85787972 0.82356453 0.78753358 0.75047318
 0.71294952 0.67542586 0.63827744 0.60180444 0.56624327 0.53177629
 0.49854027 0.46663369 0.43612303 0.40704816 0.37942703 0.35325965
 0.32853148 0.30521634 0.28327892 0.26267681 0.24336234 0.225284
 0.2083877  0.19261782 0.17791804 0.16423203 0.15150405 0.13967934
 0.12870454 0.1185279  0.10909954 0.10037158 0.09229821 0.08483581
 0.0779429  0.07158021 0.06571063 0.06029917 0.05531289 0.05072088
 0.04649414 0.04260554 0.03902972 0.035743   0.03272334 0.02995017
 0.02740441]",60
3457,259517,259517,60,"[0.25       0.45       0.6075     0.729      0.820125   0.885735
 0.93002175 0.9565938  0.96855122 0.96855122 0.95886571 0.94143179
 0.91789599 0.88965304 0.85787972 0.82356453 0.78753358 0.75047318
 0.71294952 0.67542586 0.63827744 0.60180444 0.56624327 0.53177629
 0.49854027 0.46663369 0.43612303 0.40704816 0.37942703 0.35325965
 0.32853148 0.30521634 0.28327892 0.26267681 0.24336234 0.225284
 0.2083877  0.19261782 0.17791804 0.16423203 0.15150405 0.13967934
 0.12870454 0.1185279  0.10909954 0.10037158 0.09229821 0.08483581
 0.0779429  0.07158021 0.06571063 0.06029917 0.05531289 0.05072088
 0.04649414 0.04260554 0.03902972 0.035743   0.03272334 0.02995017
 0.02740441]",60
3458,150791,150791,3,[0.29411765 0.52941176 0.71470588 0.85764706],3
3459,238700,238700,9,"[1.         1.8        2.43       2.916      3.2805     3.54294
 3.720087   3.8263752  3.87420489]",8
3460,182653,182653,6,[1.       1.8      2.43     2.916    3.2805   3.54294  3.720087],6
3461,7769,7769,60,"[0.25       0.45       0.6075     0.729      0.820125   0.885735
 0.93002175 0.9565938  0.96855122 0.96855122 0.95886571 0.94143179
 0.91789599 0.88965304 0.85787972 0.82356453 0.78753358 0.75047318
 0.71294952 0.67542586 0.63827744 0.60180444 0.56624327 0.53177629
 0.49854027 0.46663369 0.43612303 0.40704816 0.37942703 0.35325965
 0.32853148 0.30521634 0.28327892 0.26267681 0.24336234 0.225284
 0.2083877  0.19261782 0.17791804 0.16423203 0.15150405 0.13967934
 0.12870454 0.1185279  0.10909954 0.10037158 0.09229821 0.08483581
 0.0779429  0.07158021 0.06571063 0.06029917 0.05531289 0.05072088
 0.04649414 0.04260554 0.03902972 0.035743   0.03272334 0.02995017
 0.02740441]",60
3462,56696,56696,9,"[1.         1.8        2.43       2.916      3.2805     3.54294
 3.720087   3.8263752  3.87420489]",8
3463,182312,182312,30,"[0.25       0.45       0.6075     0.729      0.820125   0.885735
 0.93002175 0.9565938  0.96855122 0.96855122 0.95886571 0.94143179
 0.91789599 0.88965304 0.85787972 0.82356453 0.78753358 0.75047318
 0.71294952 0.67542586 0.63827744 0.60180444 0.56624327 0.53177629
 0.49854027 0.46663369 0.43612303 0.40704816 0.37942703 0.35325965
 0.32853148]",30
3464,42139,42139,30,"[0.25       0.45       0.6075     0.729      0.820125   0.885735
 0.93002175 0.9565938  0.96855122 0.96855122 0.95886571 0.94143179
 0.91789599 0.88965304 0.85787972 0.82356453 0.78753358 0.75047318
 0.71294952 0.67542586 0.63827744 0.60180444 0.56624327 0.53177629
 0.49854027 0.46663369 0.43612303 0.40704816 0.37942703 0.35325965
 0.32853148]",30
3465,3640,3640,9,"[1.         1.8        2.43       2.916      3.2805     3.54294
 3.720087   3.8263752  3.87420489]",8
3466,117809,117809,3,[0.29411765 0.52941176 0.71470588 0.85764706],3
3467,48021,48021,9,"[1.         1.8        2.43       2.916      3.2805     3.54294
 3.720087   3.8263752  3.87420489]",8
3468,217712,217712,3,[0.29411765 0.52941176 0.71470588 0.85764706],3
3469,348484,348484,60,"[0.25       0.45       0.6075     0.729      0.820125   0.885735
 0.93002175 0.9565938  0.96855122 0.96855122 0.95886571 0.94143179
 0.91789599 0.88965304 0.85787972 0.82356453 0.78753358 0.75047318
 0.71294952 0.67542586 0.63827744 0.60180444 0.56624327 0.53177629
 0.49854027 0.46663369 0.43612303 0.40704816 0.37942703 0.35325965
 0.32853148 0.30521634 0.28327892 0.26267681 0.24336234 0.225284
 0.2083877  0.19261782 0.17791804 0.16423203 0.15150405 0.13967934
 0.12870454 0.1185279  0.10909954 0.10037158 0.09229821 0.08483581
 0.0779429  0.07158021 0.06571063 0.06029917 0.05531289 0.05072088
 0.04649414 0.04260554 0.03902972 0.035743   0.03272334 0.02995017
 0.02740441]",60
3470,300289,300289,1,[1.  1.8],1
3471,78207,78207,60,"[0.25       0.45       0.6075     0.729      0.820125   0.885735
 0.93002175 0.9565938  0.96855122 0.96855122 0.95886571 0.94143179
 0.91789599 0.88965304 0.85787972 0.82356453 0.78753358 0.75047318
 0.71294952 0.67542586 0.63827744 0.60180444 0.56624327 0.53177629
 0.49854027 0.46663369 0.43612303 0.40704816 0.37942703 0.35325965
 0.32853148 0.30521634 0.28327892 0.26267681 0.24336234 0.225284
 0.2083877  0.19261782 0.17791804 0.16423203 0.15150405 0.13967934
 0.12870454 0.1185279  0.10909954 0.10037158 0.09229821 0.08483581
 0.0779429  0.07158021 0.06571063 0.06029917 0.05531289 0.05072088
 0.04649414 0.04260554 0.03902972 0.035743   0.03272334 0.02995017
 0.02740441]",60
3472,332718,332718,3,[0.29411765 0.52941176 0.71470588 0.85764706],3
3473,23344,23344,60,"[0.25       0.45       0.6075     0.729      0.820125   0.885735
 0.93002175 0.9565938  0.96855122 0.96855122 0.95886571 0.94143179
 0.91789599 0.88965304 0.85787972 0.82356453 0.78753358 0.75047318
 0.71294952 0.67542586 0.63827744 0.60180444 0.56624327 0.53177629
 0.49854027 0.46663369 0.43612303 0.40704816 0.37942703 0.35325965
 0.32853148 0.30521634 0.28327892 0.26267681 0.24336234 0.225284
 0.2083877  0.19261782 0.17791804 0.16423203 0.15150405 0.13967934
 0.12870454 0.1185279  0.10909954 0.10037158 0.09229821 0.08483581
 0.0779429  0.07158021 0.06571063 0.06029917 0.05531289 0.05072088
 0.04649414 0.04260554 0.03902972 0.035743   0.03272334 0.02995017
 0.02740441]",60
3474,140102,140102,9,"[1.         1.8        2.43       2.916      3.2805     3.54294
 3.720087   3.8263752  3.87420489]",8
3475,136836,136836,6,[1.       1.8      2.43     2.916    3.2805   3.54294  3.720087],6
3476,302909,302909,9,"[1.         1.8        2.43       2.916      3.2805     3.54294
 3.720087   3.8263752  3.87420489]",8
3477,87826,87826,60,"[0.25       0.45       0.6075     0.729      0.820125   0.885735
 0.93002175 0.9565938  0.96855122 0.96855122 0.95886571 0.94143179
 0.91789599 0.88965304 0.85787972 0.82356453 0.78753358 0.75047318
 0.71294952 0.67542586 0.63827744 0.60180444 0.56624327 0.53177629
 0.49854027 0.46663369 0.43612303 0.40704816 0.37942703 0.35325965
 0.32853148 0.30521634 0.28327892 0.26267681 0.24336234 0.225284
 0.2083877  0.19261782 0.17791804 0.16423203 0.15150405 0.13967934
 0.12870454 0.1185279  0.10909954 0.10037158 0.09229821 0.08483581
 0.0779429  0.07158021 0.06571063 0.06029917 0.05531289 0.05072088
 0.04649414 0.04260554 0.03902972 0.035743   0.03272334 0.02995017
 0.02740441]",60
3478,251920,251920,60,"[0.25       0.45       0.6075     0.729      0.820125   0.885735
 0.93002175 0.9565938  0.96855122 0.96855122 0.95886571 0.94143179
 0.91789599 0.88965304 0.85787972 0.82356453 0.78753358 0.75047318
 0.71294952 0.67542586 0.63827744 0.60180444 0.56624327 0.53177629
 0.49854027 0.46663369 0.43612303 0.40704816 0.37942703 0.35325965
 0.32853148 0.30521634 0.28327892 0.26267681 0.24336234 0.225284
 0.2083877  0.19261782 0.17791804 0.16423203 0.15150405 0.13967934
 0.12870454 0.1185279  0.10909954 0.10037158 0.09229821 0.08483581
 0.0779429  0.07158021 0.06571063 0.06029917 0.05531289 0.05072088
 0.04649414 0.04260554 0.03902972 0.035743   0.03272334 0.02995017
 0.02740441]",60
3479,326168,326168,9,"[1.         1.8        2.43       2.916      3.2805     3.54294
 3.720087   3.8263752  3.87420489]",8
3480,123859,123859,3,[0.29411765 0.52941176 0.71470588 0.85764706],3
3481,125364,125364,60,"[0.25       0.45       0.6075     0.729      0.820125   0.885735
 0.93002175 0.9565938  0.96855122 0.96855122 0.95886571 0.94143179
 0.91789599 0.88965304 0.85787972 0.82356453 0.78753358 0.75047318
 0.71294952 0.67542586 0.63827744 0.60180444 0.56624327 0.53177629
 0.49854027 0.46663369 0.43612303 0.40704816 0.37942703 0.35325965
 0.32853148 0.30521634 0.28327892 0.26267681 0.24336234 0.225284
 0.2083877  0.19261782 0.17791804 0.16423203 0.15150405 0.13967934
 0.12870454 0.1185279  0.10909954 0.10037158 0.09229821 0.08483581
 0.0779429  0.07158021 0.06571063 0.06029917 0.05531289 0.05072088
 0.04649414 0.04260554 0.03902972 0.035743   0.03272334 0.02995017
 0.02740441]",60
3482,256436,256436,9,"[1.         1.8        2.43       2.916      3.2805     3.54294
 3.720087   3.8263752  3.87420489]",8
3483,21864,21864,60,"[0.25       0.45       0.6075     0.729      0.820125   0.885735
 0.93002175 0.9565938  0.96855122 0.96855122 0.95886571 0.94143179
 0.91789599 0.88965304 0.85787972 0.82356453 0.78753358 0.75047318
 0.71294952 0.67542586 0.63827744 0.60180444 0.56624327 0.53177629
 0.49854027 0.46663369 0.43612303 0.40704816 0.37942703 0.35325965
 0.32853148 0.30521634 0.28327892 0.26267681 0.24336234 0.225284
 0.2083877  0.19261782 0.17791804 0.16423203 0.15150405 0.13967934
 0.12870454 0.1185279  0.10909954 0.10037158 0.09229821 0.08483581
 0.0779429  0.07158021 0.06571063 0.06029917 0.05531289 0.05072088
 0.04649414 0.04260554 0.03902972 0.035743   0.03272334 0.02995017
 0.02740441]",60
3484,118170,118170,9,"[1.         1.8        2.43       2.916      3.2805     3.54294
 3.720087   3.8263752  3.87420489]",8
3485,225429,225429,6,[1.       1.8      2.43     2.916    3.2805   3.54294  3.720087],6
3486,24671,24671,30,"[0.25       0.45       0.6075     0.729      0.820125   0.885735
 0.93002175 0.9565938  0.96855122 0.96855122 0.95886571 0.94143179
 0.91789599 0.88965304 0.85787972 0.82356453 0.78753358 0.75047318
 0.71294952 0.67542586 0.63827744 0.60180444 0.56624327 0.53177629
 0.49854027 0.46663369 0.43612303 0.40704816 0.37942703 0.35325965
 0.32853148]",30
3487,231991,231991,60,"[0.25       0.45       0.6075     0.729      0.820125   0.885735
 0.93002175 0.9565938  0.96855122 0.96855122 0.95886571 0.94143179
 0.91789599 0.88965304 0.85787972 0.82356453 0.78753358 0.75047318
 0.71294952 0.67542586 0.63827744 0.60180444 0.56624327 0.53177629
 0.49854027 0.46663369 0.43612303 0.40704816 0.37942703 0.35325965
 0.32853148 0.30521634 0.28327892 0.26267681 0.24336234 0.225284
 0.2083877  0.19261782 0.17791804 0.16423203 0.15150405 0.13967934
 0.12870454 0.1185279  0.10909954 0.10037158 0.09229821 0.08483581
 0.0779429  0.07158021 0.06571063 0.06029917 0.05531289 0.05072088
 0.04649414 0.04260554 0.03902972 0.035743   0.03272334 0.02995017
 0.02740441]",60
3488,130789,130789,1,[1.  1.8],1
3489,200127,200127,3,[0.29411765 0.52941176 0.71470588 0.85764706],3
3490,132570,132570,6,[1.       1.8      2.43     2.916    3.2805   3.54294  3.720087],6
3491,345972,345972,1,[1.  1.8],1
3492,55921,55921,9,"[1.         1.8        2.43       2.916      3.2805     3.54294
 3.720087   3.8263752  3.87420489]",8
3493,275540,275540,1,[1.  1.8],1
3494,34619,34619,3,[0.29411765 0.52941176 0.71470588 0.85764706],3
3495,122579,122579,9,"[1.         1.8        2.43       2.916      3.2805     3.54294
 3.720087   3.8263752  3.87420489]",8
3496,310221,310221,60,"[0.25       0.45       0.6075     0.729      0.820125   0.885735
 0.93002175 0.9565938  0.96855122 0.96855122 0.95886571 0.94143179
 0.91789599 0.88965304 0.85787972 0.82356453 0.78753358 0.75047318
 0.71294952 0.67542586 0.63827744 0.60180444 0.56624327 0.53177629
 0.49854027 0.46663369 0.43612303 0.40704816 0.37942703 0.35325965
 0.32853148 0.30521634 0.28327892 0.26267681 0.24336234 0.225284
 0.2083877  0.19261782 0.17791804 0.16423203 0.15150405 0.13967934
 0.12870454 0.1185279  0.10909954 0.10037158 0.09229821 0.08483581
 0.0779429  0.07158021 0.06571063 0.06029917 0.05531289 0.05072088
 0.04649414 0.04260554 0.03902972 0.035743   0.03272334 0.02995017
 0.02740441]",60
3497,305669,305669,6,[1.       1.8      2.43     2.916    3.2805   3.54294  3.720087],6
3498,329330,329330,60,"[0.25       0.45       0.6075     0.729      0.820125   0.885735
 0.93002175 0.9565938  0.96855122 0.96855122 0.95886571 0.94143179
 0.91789599 0.88965304 0.85787972 0.82356453 0.78753358 0.75047318
 0.71294952 0.67542586 0.63827744 0.60180444 0.56624327 0.53177629
 0.49854027 0.46663369 0.43612303 0.40704816 0.37942703 0.35325965
 0.32853148 0.30521634 0.28327892 0.26267681 0.24336234 0.225284
 0.2083877  0.19261782 0.17791804 0.16423203 0.15150405 0.13967934
 0.12870454 0.1185279  0.10909954 0.10037158 0.09229821 0.08483581
 0.0779429  0.07158021 0.06571063 0.06029917 0.05531289 0.05072088
 0.04649414 0.04260554 0.03902972 0.035743   0.03272334 0.02995017
 0.02740441]",60
3499,75633,75633,60,"[0.25       0.45       0.6075     0.729      0.820125   0.885735
 0.93002175 0.9565938  0.96855122 0.96855122 0.95886571 0.94143179
 0.91789599 0.88965304 0.85787972 0.82356453 0.78753358 0.75047318
 0.71294952 0.67542586 0.63827744 0.60180444 0.56624327 0.53177629
 0.49854027 0.46663369 0.43612303 0.40704816 0.37942703 0.35325965
 0.32853148 0.30521634 0.28327892 0.26267681 0.24336234 0.225284
 0.2083877  0.19261782 0.17791804 0.16423203 0.15150405 0.13967934
 0.12870454 0.1185279  0.10909954 0.10037158 0.09229821 0.08483581
 0.0779429  0.07158021 0.06571063 0.06029917 0.05531289 0.05072088
 0.04649414 0.04260554 0.03902972 0.035743   0.03272334 0.02995017
 0.02740441]",60
3500,274603,274603,60,"[0.25       0.45       0.6075     0.729      0.820125   0.885735
 0.93002175 0.9565938  0.96855122 0.96855122 0.95886571 0.94143179
 0.91789599 0.88965304 0.85787972 0.82356453 0.78753358 0.75047318
 0.71294952 0.67542586 0.63827744 0.60180444 0.56624327 0.53177629
 0.49854027 0.46663369 0.43612303 0.40704816 0.37942703 0.35325965
 0.32853148 0.30521634 0.28327892 0.26267681 0.24336234 0.225284
 0.2083877  0.19261782 0.17791804 0.16423203 0.15150405 0.13967934
 0.12870454 0.1185279  0.10909954 0.10037158 0.09229821 0.08483581
 0.0779429  0.07158021 0.06571063 0.06029917 0.05531289 0.05072088
 0.04649414 0.04260554 0.03902972 0.035743   0.03272334 0.02995017
 0.02740441]",60
3501,193647,193647,9,"[1.         1.8        2.43       2.916      3.2805     3.54294
 3.720087   3.8263752  3.87420489]",8
3502,52220,52220,3,[0.29411765 0.52941176 0.71470588 0.85764706],3
3503,318492,318492,6,[1.       1.8      2.43     2.916    3.2805   3.54294  3.720087],6
3504,289530,289530,30,"[0.25       0.45       0.6075     0.729      0.820125   0.885735
 0.93002175 0.9565938  0.96855122 0.96855122 0.95886571 0.94143179
 0.91789599 0.88965304 0.85787972 0.82356453 0.78753358 0.75047318
 0.71294952 0.67542586 0.63827744 0.60180444 0.56624327 0.53177629
 0.49854027 0.46663369 0.43612303 0.40704816 0.37942703 0.35325965
 0.32853148]",30
3505,29551,29551,3,[0.29411765 0.52941176 0.71470588 0.85764706],3
3506,65213,65213,3,[0.29411765 0.52941176 0.71470588 0.85764706],3
3507,132687,132687,3,[0.29411765 0.52941176 0.71470588 0.85764706],3
3508,68312,68312,9,"[1.         1.8        2.43       2.916      3.2805     3.54294
 3.720087   3.8263752  3.87420489]",8
3509,224546,224546,60,"[0.25       0.45       0.6075     0.729      0.820125   0.885735
 0.93002175 0.9565938  0.96855122 0.96855122 0.95886571 0.94143179
 0.91789599 0.88965304 0.85787972 0.82356453 0.78753358 0.75047318
 0.71294952 0.67542586 0.63827744 0.60180444 0.56624327 0.53177629
 0.49854027 0.46663369 0.43612303 0.40704816 0.37942703 0.35325965
 0.32853148 0.30521634 0.28327892 0.26267681 0.24336234 0.225284
 0.2083877  0.19261782 0.17791804 0.16423203 0.15150405 0.13967934
 0.12870454 0.1185279  0.10909954 0.10037158 0.09229821 0.08483581
 0.0779429  0.07158021 0.06571063 0.06029917 0.05531289 0.05072088
 0.04649414 0.04260554 0.03902972 0.035743   0.03272334 0.02995017
 0.02740441]",60
3510,12861,12861,30,"[0.25       0.45       0.6075     0.729      0.820125   0.885735
 0.93002175 0.9565938  0.96855122 0.96855122 0.95886571 0.94143179
 0.91789599 0.88965304 0.85787972 0.82356453 0.78753358 0.75047318
 0.71294952 0.67542586 0.63827744 0.60180444 0.56624327 0.53177629
 0.49854027 0.46663369 0.43612303 0.40704816 0.37942703 0.35325965
 0.32853148]",30
3511,18465,18465,6,[1.       1.8      2.43     2.916    3.2805   3.54294  3.720087],6
3512,124538,124538,60,"[0.25       0.45       0.6075     0.729      0.820125   0.885735
 0.93002175 0.9565938  0.96855122 0.96855122 0.95886571 0.94143179
 0.91789599 0.88965304 0.85787972 0.82356453 0.78753358 0.75047318
 0.71294952 0.67542586 0.63827744 0.60180444 0.56624327 0.53177629
 0.49854027 0.46663369 0.43612303 0.40704816 0.37942703 0.35325965
 0.32853148 0.30521634 0.28327892 0.26267681 0.24336234 0.225284
 0.2083877  0.19261782 0.17791804 0.16423203 0.15150405 0.13967934
 0.12870454 0.1185279  0.10909954 0.10037158 0.09229821 0.08483581
 0.0779429  0.07158021 0.06571063 0.06029917 0.05531289 0.05072088
 0.04649414 0.04260554 0.03902972 0.035743   0.03272334 0.02995017
 0.02740441]",60
3513,158829,158829,9,"[1.         1.8        2.43       2.916      3.2805     3.54294
 3.720087   3.8263752  3.87420489]",8
3514,54061,54061,30,"[0.25       0.45       0.6075     0.729      0.820125   0.885735
 0.93002175 0.9565938  0.96855122 0.96855122 0.95886571 0.94143179
 0.91789599 0.88965304 0.85787972 0.82356453 0.78753358 0.75047318
 0.71294952 0.67542586 0.63827744 0.60180444 0.56624327 0.53177629
 0.49854027 0.46663369 0.43612303 0.40704816 0.37942703 0.35325965
 0.32853148]",30
3515,102840,102840,6,[1.       1.8      2.43     2.916    3.2805   3.54294  3.720087],6
3516,195311,195311,3,[0.29411765 0.52941176 0.71470588 0.85764706],3
3517,311042,311042,1,[1.  1.8],1
3518,38148,38148,60,"[0.25       0.45       0.6075     0.729      0.820125   0.885735
 0.93002175 0.9565938  0.96855122 0.96855122 0.95886571 0.94143179
 0.91789599 0.88965304 0.85787972 0.82356453 0.78753358 0.75047318
 0.71294952 0.67542586 0.63827744 0.60180444 0.56624327 0.53177629
 0.49854027 0.46663369 0.43612303 0.40704816 0.37942703 0.35325965
 0.32853148 0.30521634 0.28327892 0.26267681 0.24336234 0.225284
 0.2083877  0.19261782 0.17791804 0.16423203 0.15150405 0.13967934
 0.12870454 0.1185279  0.10909954 0.10037158 0.09229821 0.08483581
 0.0779429  0.07158021 0.06571063 0.06029917 0.05531289 0.05072088
 0.04649414 0.04260554 0.03902972 0.035743   0.03272334 0.02995017
 0.02740441]",60
3519,185661,185661,30,"[0.25       0.45       0.6075     0.729      0.820125   0.885735
 0.93002175 0.9565938  0.96855122 0.96855122 0.95886571 0.94143179
 0.91789599 0.88965304 0.85787972 0.82356453 0.78753358 0.75047318
 0.71294952 0.67542586 0.63827744 0.60180444 0.56624327 0.53177629
 0.49854027 0.46663369 0.43612303 0.40704816 0.37942703 0.35325965
 0.32853148]",30
3520,106173,106173,6,[1.       1.8      2.43     2.916    3.2805   3.54294  3.720087],6
3521,49799,49799,60,"[0.25       0.45       0.6075     0.729      0.820125   0.885735
 0.93002175 0.9565938  0.96855122 0.96855122 0.95886571 0.94143179
 0.91789599 0.88965304 0.85787972 0.82356453 0.78753358 0.75047318
 0.71294952 0.67542586 0.63827744 0.60180444 0.56624327 0.53177629
 0.49854027 0.46663369 0.43612303 0.40704816 0.37942703 0.35325965
 0.32853148 0.30521634 0.28327892 0.26267681 0.24336234 0.225284
 0.2083877  0.19261782 0.17791804 0.16423203 0.15150405 0.13967934
 0.12870454 0.1185279  0.10909954 0.10037158 0.09229821 0.08483581
 0.0779429  0.07158021 0.06571063 0.06029917 0.05531289 0.05072088
 0.04649414 0.04260554 0.03902972 0.035743   0.03272334 0.02995017
 0.02740441]",60
3522,116235,116235,1,[1.  1.8],1
3523,310752,310752,30,"[0.25       0.45       0.6075     0.729      0.820125   0.885735
 0.93002175 0.9565938  0.96855122 0.96855122 0.95886571 0.94143179
 0.91789599 0.88965304 0.85787972 0.82356453 0.78753358 0.75047318
 0.71294952 0.67542586 0.63827744 0.60180444 0.56624327 0.53177629
 0.49854027 0.46663369 0.43612303 0.40704816 0.37942703 0.35325965
 0.32853148]",30
3524,283701,283701,9,"[1.         1.8        2.43       2.916      3.2805     3.54294
 3.720087   3.8263752  3.87420489]",8
3525,140533,140533,6,[1.       1.8      2.43     2.916    3.2805   3.54294  3.720087],6
3526,318261,318261,3,[0.29411765 0.52941176 0.71470588 0.85764706],3
3527,350116,350116,9,"[1.         1.8        2.43       2.916      3.2805     3.54294
 3.720087   3.8263752  3.87420489]",8
3528,122312,122312,60,"[0.25       0.45       0.6075     0.729      0.820125   0.885735
 0.93002175 0.9565938  0.96855122 0.96855122 0.95886571 0.94143179
 0.91789599 0.88965304 0.85787972 0.82356453 0.78753358 0.75047318
 0.71294952 0.67542586 0.63827744 0.60180444 0.56624327 0.53177629
 0.49854027 0.46663369 0.43612303 0.40704816 0.37942703 0.35325965
 0.32853148 0.30521634 0.28327892 0.26267681 0.24336234 0.225284
 0.2083877  0.19261782 0.17791804 0.16423203 0.15150405 0.13967934
 0.12870454 0.1185279  0.10909954 0.10037158 0.09229821 0.08483581
 0.0779429  0.07158021 0.06571063 0.06029917 0.05531289 0.05072088
 0.04649414 0.04260554 0.03902972 0.035743   0.03272334 0.02995017
 0.02740441]",60
3529,151783,151783,9,"[1.         1.8        2.43       2.916      3.2805     3.54294
 3.720087   3.8263752  3.87420489]",8
3530,325720,325720,60,"[0.25       0.45       0.6075     0.729      0.820125   0.885735
 0.93002175 0.9565938  0.96855122 0.96855122 0.95886571 0.94143179
 0.91789599 0.88965304 0.85787972 0.82356453 0.78753358 0.75047318
 0.71294952 0.67542586 0.63827744 0.60180444 0.56624327 0.53177629
 0.49854027 0.46663369 0.43612303 0.40704816 0.37942703 0.35325965
 0.32853148 0.30521634 0.28327892 0.26267681 0.24336234 0.225284
 0.2083877  0.19261782 0.17791804 0.16423203 0.15150405 0.13967934
 0.12870454 0.1185279  0.10909954 0.10037158 0.09229821 0.08483581
 0.0779429  0.07158021 0.06571063 0.06029917 0.05531289 0.05072088
 0.04649414 0.04260554 0.03902972 0.035743   0.03272334 0.02995017
 0.02740441]",60
3531,346521,346521,9,"[1.         1.8        2.43       2.916      3.2805     3.54294
 3.720087   3.8263752  3.87420489]",8
3532,20834,20834,3,[0.29411765 0.52941176 0.71470588 0.85764706],3
3533,214050,214050,6,[1.       1.8      2.43     2.916    3.2805   3.54294  3.720087],6
3534,222414,222414,3,[0.29411765 0.52941176 0.71470588 0.85764706],3
3535,256718,256718,60,"[0.25       0.45       0.6075     0.729      0.820125   0.885735
 0.93002175 0.9565938  0.96855122 0.96855122 0.95886571 0.94143179
 0.91789599 0.88965304 0.85787972 0.82356453 0.78753358 0.75047318
 0.71294952 0.67542586 0.63827744 0.60180444 0.56624327 0.53177629
 0.49854027 0.46663369 0.43612303 0.40704816 0.37942703 0.35325965
 0.32853148 0.30521634 0.28327892 0.26267681 0.24336234 0.225284
 0.2083877  0.19261782 0.17791804 0.16423203 0.15150405 0.13967934
 0.12870454 0.1185279  0.10909954 0.10037158 0.09229821 0.08483581
 0.0779429  0.07158021 0.06571063 0.06029917 0.05531289 0.05072088
 0.04649414 0.04260554 0.03902972 0.035743   0.03272334 0.02995017
 0.02740441]",60
3536,302104,302104,60,"[0.25       0.45       0.6075     0.729      0.820125   0.885735
 0.93002175 0.9565938  0.96855122 0.96855122 0.95886571 0.94143179
 0.91789599 0.88965304 0.85787972 0.82356453 0.78753358 0.75047318
 0.71294952 0.67542586 0.63827744 0.60180444 0.56624327 0.53177629
 0.49854027 0.46663369 0.43612303 0.40704816 0.37942703 0.35325965
 0.32853148 0.30521634 0.28327892 0.26267681 0.24336234 0.225284
 0.2083877  0.19261782 0.17791804 0.16423203 0.15150405 0.13967934
 0.12870454 0.1185279  0.10909954 0.10037158 0.09229821 0.08483581
 0.0779429  0.07158021 0.06571063 0.06029917 0.05531289 0.05072088
 0.04649414 0.04260554 0.03902972 0.035743   0.03272334 0.02995017
 0.02740441]",60
3537,253369,253369,60,"[0.25       0.45       0.6075     0.729      0.820125   0.885735
 0.93002175 0.9565938  0.96855122 0.96855122 0.95886571 0.94143179
 0.91789599 0.88965304 0.85787972 0.82356453 0.78753358 0.75047318
 0.71294952 0.67542586 0.63827744 0.60180444 0.56624327 0.53177629
 0.49854027 0.46663369 0.43612303 0.40704816 0.37942703 0.35325965
 0.32853148 0.30521634 0.28327892 0.26267681 0.24336234 0.225284
 0.2083877  0.19261782 0.17791804 0.16423203 0.15150405 0.13967934
 0.12870454 0.1185279  0.10909954 0.10037158 0.09229821 0.08483581
 0.0779429  0.07158021 0.06571063 0.06029917 0.05531289 0.05072088
 0.04649414 0.04260554 0.03902972 0.035743   0.03272334 0.02995017
 0.02740441]",60
3538,4916,4916,9,"[1.         1.8        2.43       2.916      3.2805     3.54294
 3.720087   3.8263752  3.87420489]",8
3539,73158,73158,30,"[0.25       0.45       0.6075     0.729      0.820125   0.885735
 0.93002175 0.9565938  0.96855122 0.96855122 0.95886571 0.94143179
 0.91789599 0.88965304 0.85787972 0.82356453 0.78753358 0.75047318
 0.71294952 0.67542586 0.63827744 0.60180444 0.56624327 0.53177629
 0.49854027 0.46663369 0.43612303 0.40704816 0.37942703 0.35325965
 0.32853148]",30
3540,339739,339739,9,"[1.         1.8        2.43       2.916      3.2805     3.54294
 3.720087   3.8263752  3.87420489]",8
3541,223286,223286,9,"[1.         1.8        2.43       2.916      3.2805     3.54294
 3.720087   3.8263752  3.87420489]",8
3542,31926,31926,60,"[0.25       0.45       0.6075     0.729      0.820125   0.885735
 0.93002175 0.9565938  0.96855122 0.96855122 0.95886571 0.94143179
 0.91789599 0.88965304 0.85787972 0.82356453 0.78753358 0.75047318
 0.71294952 0.67542586 0.63827744 0.60180444 0.56624327 0.53177629
 0.49854027 0.46663369 0.43612303 0.40704816 0.37942703 0.35325965
 0.32853148 0.30521634 0.28327892 0.26267681 0.24336234 0.225284
 0.2083877  0.19261782 0.17791804 0.16423203 0.15150405 0.13967934
 0.12870454 0.1185279  0.10909954 0.10037158 0.09229821 0.08483581
 0.0779429  0.07158021 0.06571063 0.06029917 0.05531289 0.05072088
 0.04649414 0.04260554 0.03902972 0.035743   0.03272334 0.02995017
 0.02740441]",60
3543,342701,342701,6,[1.       1.8      2.43     2.916    3.2805   3.54294  3.720087],6
3544,178106,178106,60,"[0.25       0.45       0.6075     0.729      0.820125   0.885735
 0.93002175 0.9565938  0.96855122 0.96855122 0.95886571 0.94143179
 0.91789599 0.88965304 0.85787972 0.82356453 0.78753358 0.75047318
 0.71294952 0.67542586 0.63827744 0.60180444 0.56624327 0.53177629
 0.49854027 0.46663369 0.43612303 0.40704816 0.37942703 0.35325965
 0.32853148 0.30521634 0.28327892 0.26267681 0.24336234 0.225284
 0.2083877  0.19261782 0.17791804 0.16423203 0.15150405 0.13967934
 0.12870454 0.1185279  0.10909954 0.10037158 0.09229821 0.08483581
 0.0779429  0.07158021 0.06571063 0.06029917 0.05531289 0.05072088
 0.04649414 0.04260554 0.03902972 0.035743   0.03272334 0.02995017
 0.02740441]",60
3545,258558,258558,1,[1.  1.8],1
3546,32540,32540,6,[1.       1.8      2.43     2.916    3.2805   3.54294  3.720087],6
3547,56187,56187,30,"[0.25       0.45       0.6075     0.729      0.820125   0.885735
 0.93002175 0.9565938  0.96855122 0.96855122 0.95886571 0.94143179
 0.91789599 0.88965304 0.85787972 0.82356453 0.78753358 0.75047318
 0.71294952 0.67542586 0.63827744 0.60180444 0.56624327 0.53177629
 0.49854027 0.46663369 0.43612303 0.40704816 0.37942703 0.35325965
 0.32853148]",30
3548,79846,79846,1,[1.  1.8],1
3549,177571,177571,6,[1.       1.8      2.43     2.916    3.2805   3.54294  3.720087],6
3550,216179,216179,9,"[1.         1.8        2.43       2.916      3.2805     3.54294
 3.720087   3.8263752  3.87420489]",8
3551,118557,118557,9,"[1.         1.8        2.43       2.916      3.2805     3.54294
 3.720087   3.8263752  3.87420489]",8
3552,63691,63691,9,"[1.         1.8        2.43       2.916      3.2805     3.54294
 3.720087   3.8263752  3.87420489]",8
3553,107575,107575,1,[1.  1.8],1
3554,272176,272176,1,[1.  1.8],1
3555,336893,336893,6,[1.       1.8      2.43     2.916    3.2805   3.54294  3.720087],6
3556,28702,28702,6,[1.       1.8      2.43     2.916    3.2805   3.54294  3.720087],6
3557,127204,127204,1,[1.  1.8],1
3558,334492,334492,6,[1.       1.8      2.43     2.916    3.2805   3.54294  3.720087],6
3559,155350,155350,6,[1.       1.8      2.43     2.916    3.2805   3.54294  3.720087],6
3560,14039,14039,9,"[1.         1.8        2.43       2.916      3.2805     3.54294
 3.720087   3.8263752  3.87420489]",8
3561,37146,37146,60,"[0.25       0.45       0.6075     0.729      0.820125   0.885735
 0.93002175 0.9565938  0.96855122 0.96855122 0.95886571 0.94143179
 0.91789599 0.88965304 0.85787972 0.82356453 0.78753358 0.75047318
 0.71294952 0.67542586 0.63827744 0.60180444 0.56624327 0.53177629
 0.49854027 0.46663369 0.43612303 0.40704816 0.37942703 0.35325965
 0.32853148 0.30521634 0.28327892 0.26267681 0.24336234 0.225284
 0.2083877  0.19261782 0.17791804 0.16423203 0.15150405 0.13967934
 0.12870454 0.1185279  0.10909954 0.10037158 0.09229821 0.08483581
 0.0779429  0.07158021 0.06571063 0.06029917 0.05531289 0.05072088
 0.04649414 0.04260554 0.03902972 0.035743   0.03272334 0.02995017
 0.02740441]",60
3562,323655,323655,1,[1.  1.8],1
3563,177131,177131,9,"[1.         1.8        2.43       2.916      3.2805     3.54294
 3.720087   3.8263752  3.87420489]",8
3564,47899,47899,60,"[0.25       0.45       0.6075     0.729      0.820125   0.885735
 0.93002175 0.9565938  0.96855122 0.96855122 0.95886571 0.94143179
 0.91789599 0.88965304 0.85787972 0.82356453 0.78753358 0.75047318
 0.71294952 0.67542586 0.63827744 0.60180444 0.56624327 0.53177629
 0.49854027 0.46663369 0.43612303 0.40704816 0.37942703 0.35325965
 0.32853148 0.30521634 0.28327892 0.26267681 0.24336234 0.225284
 0.2083877  0.19261782 0.17791804 0.16423203 0.15150405 0.13967934
 0.12870454 0.1185279  0.10909954 0.10037158 0.09229821 0.08483581
 0.0779429  0.07158021 0.06571063 0.06029917 0.05531289 0.05072088
 0.04649414 0.04260554 0.03902972 0.035743   0.03272334 0.02995017
 0.02740441]",60
3565,246410,246410,1,[1.  1.8],1
3566,236782,236782,1,[1.  1.8],1
3567,165559,165559,3,[0.29411765 0.52941176 0.71470588 0.85764706],3
3568,2443,2443,1,[1.  1.8],1
3569,263704,263704,9,"[1.         1.8        2.43       2.916      3.2805     3.54294
 3.720087   3.8263752  3.87420489]",8
3570,236744,236744,6,[1.       1.8      2.43     2.916    3.2805   3.54294  3.720087],6
3571,132570,132570,60,"[0.25       0.45       0.6075     0.729      0.820125   0.885735
 0.93002175 0.9565938  0.96855122 0.96855122 0.95886571 0.94143179
 0.91789599 0.88965304 0.85787972 0.82356453 0.78753358 0.75047318
 0.71294952 0.67542586 0.63827744 0.60180444 0.56624327 0.53177629
 0.49854027 0.46663369 0.43612303 0.40704816 0.37942703 0.35325965
 0.32853148 0.30521634 0.28327892 0.26267681 0.24336234 0.225284
 0.2083877  0.19261782 0.17791804 0.16423203 0.15150405 0.13967934
 0.12870454 0.1185279  0.10909954 0.10037158 0.09229821 0.08483581
 0.0779429  0.07158021 0.06571063 0.06029917 0.05531289 0.05072088
 0.04649414 0.04260554 0.03902972 0.035743   0.03272334 0.02995017
 0.02740441]",60
3572,295989,295989,30,"[0.25       0.45       0.6075     0.729      0.820125   0.885735
 0.93002175 0.9565938  0.96855122 0.96855122 0.95886571 0.94143179
 0.91789599 0.88965304 0.85787972 0.82356453 0.78753358 0.75047318
 0.71294952 0.67542586 0.63827744 0.60180444 0.56624327 0.53177629
 0.49854027 0.46663369 0.43612303 0.40704816 0.37942703 0.35325965
 0.32853148]",30
3573,199125,199125,30,"[0.25       0.45       0.6075     0.729      0.820125   0.885735
 0.93002175 0.9565938  0.96855122 0.96855122 0.95886571 0.94143179
 0.91789599 0.88965304 0.85787972 0.82356453 0.78753358 0.75047318
 0.71294952 0.67542586 0.63827744 0.60180444 0.56624327 0.53177629
 0.49854027 0.46663369 0.43612303 0.40704816 0.37942703 0.35325965
 0.32853148]",30
3574,61698,61698,6,[1.       1.8      2.43     2.916    3.2805   3.54294  3.720087],6
3575,113797,113797,9,"[1.         1.8        2.43       2.916      3.2805     3.54294
 3.720087   3.8263752  3.87420489]",8
3576,169160,169160,1,[1.  1.8],1
3577,221039,221039,9,"[1.         1.8        2.43       2.916      3.2805     3.54294
 3.720087   3.8263752  3.87420489]",8
3578,242869,242869,3,[0.29411765 0.52941176 0.71470588 0.85764706],3
3579,130880,130880,9,"[1.         1.8        2.43       2.916      3.2805     3.54294
 3.720087   3.8263752  3.87420489]",8
3580,241994,241994,1,[1.  1.8],1
3581,130677,130677,60,"[0.25       0.45       0.6075     0.729      0.820125   0.885735
 0.93002175 0.9565938  0.96855122 0.96855122 0.95886571 0.94143179
 0.91789599 0.88965304 0.85787972 0.82356453 0.78753358 0.75047318
 0.71294952 0.67542586 0.63827744 0.60180444 0.56624327 0.53177629
 0.49854027 0.46663369 0.43612303 0.40704816 0.37942703 0.35325965
 0.32853148 0.30521634 0.28327892 0.26267681 0.24336234 0.225284
 0.2083877  0.19261782 0.17791804 0.16423203 0.15150405 0.13967934
 0.12870454 0.1185279  0.10909954 0.10037158 0.09229821 0.08483581
 0.0779429  0.07158021 0.06571063 0.06029917 0.05531289 0.05072088
 0.04649414 0.04260554 0.03902972 0.035743   0.03272334 0.02995017
 0.02740441]",60
3582,103263,103263,6,[1.       1.8      2.43     2.916    3.2805   3.54294  3.720087],6
3583,228799,228799,3,[0.29411765 0.52941176 0.71470588 0.85764706],3
3584,244431,244431,60,"[0.25       0.45       0.6075     0.729      0.820125   0.885735
 0.93002175 0.9565938  0.96855122 0.96855122 0.95886571 0.94143179
 0.91789599 0.88965304 0.85787972 0.82356453 0.78753358 0.75047318
 0.71294952 0.67542586 0.63827744 0.60180444 0.56624327 0.53177629
 0.49854027 0.46663369 0.43612303 0.40704816 0.37942703 0.35325965
 0.32853148 0.30521634 0.28327892 0.26267681 0.24336234 0.225284
 0.2083877  0.19261782 0.17791804 0.16423203 0.15150405 0.13967934
 0.12870454 0.1185279  0.10909954 0.10037158 0.09229821 0.08483581
 0.0779429  0.07158021 0.06571063 0.06029917 0.05531289 0.05072088
 0.04649414 0.04260554 0.03902972 0.035743   0.03272334 0.02995017
 0.02740441]",60
3585,196821,196821,60,"[0.25       0.45       0.6075     0.729      0.820125   0.885735
 0.93002175 0.9565938  0.96855122 0.96855122 0.95886571 0.94143179
 0.91789599 0.88965304 0.85787972 0.82356453 0.78753358 0.75047318
 0.71294952 0.67542586 0.63827744 0.60180444 0.56624327 0.53177629
 0.49854027 0.46663369 0.43612303 0.40704816 0.37942703 0.35325965
 0.32853148 0.30521634 0.28327892 0.26267681 0.24336234 0.225284
 0.2083877  0.19261782 0.17791804 0.16423203 0.15150405 0.13967934
 0.12870454 0.1185279  0.10909954 0.10037158 0.09229821 0.08483581
 0.0779429  0.07158021 0.06571063 0.06029917 0.05531289 0.05072088
 0.04649414 0.04260554 0.03902972 0.035743   0.03272334 0.02995017
 0.02740441]",60
3586,173634,173634,30,"[0.25       0.45       0.6075     0.729      0.820125   0.885735
 0.93002175 0.9565938  0.96855122 0.96855122 0.95886571 0.94143179
 0.91789599 0.88965304 0.85787972 0.82356453 0.78753358 0.75047318
 0.71294952 0.67542586 0.63827744 0.60180444 0.56624327 0.53177629
 0.49854027 0.46663369 0.43612303 0.40704816 0.37942703 0.35325965
 0.32853148]",30
3587,70051,70051,1,[1.  1.8],1
3588,73348,73348,30,"[0.25       0.45       0.6075     0.729      0.820125   0.885735
 0.93002175 0.9565938  0.96855122 0.96855122 0.95886571 0.94143179
 0.91789599 0.88965304 0.85787972 0.82356453 0.78753358 0.75047318
 0.71294952 0.67542586 0.63827744 0.60180444 0.56624327 0.53177629
 0.49854027 0.46663369 0.43612303 0.40704816 0.37942703 0.35325965
 0.32853148]",30
3589,176032,176032,30,"[0.25       0.45       0.6075     0.729      0.820125   0.885735
 0.93002175 0.9565938  0.96855122 0.96855122 0.95886571 0.94143179
 0.91789599 0.88965304 0.85787972 0.82356453 0.78753358 0.75047318
 0.71294952 0.67542586 0.63827744 0.60180444 0.56624327 0.53177629
 0.49854027 0.46663369 0.43612303 0.40704816 0.37942703 0.35325965
 0.32853148]",30
3590,309569,309569,60,"[0.25       0.45       0.6075     0.729      0.820125   0.885735
 0.93002175 0.9565938  0.96855122 0.96855122 0.95886571 0.94143179
 0.91789599 0.88965304 0.85787972 0.82356453 0.78753358 0.75047318
 0.71294952 0.67542586 0.63827744 0.60180444 0.56624327 0.53177629
 0.49854027 0.46663369 0.43612303 0.40704816 0.37942703 0.35325965
 0.32853148 0.30521634 0.28327892 0.26267681 0.24336234 0.225284
 0.2083877  0.19261782 0.17791804 0.16423203 0.15150405 0.13967934
 0.12870454 0.1185279  0.10909954 0.10037158 0.09229821 0.08483581
 0.0779429  0.07158021 0.06571063 0.06029917 0.05531289 0.05072088
 0.04649414 0.04260554 0.03902972 0.035743   0.03272334 0.02995017
 0.02740441]",60
3591,334099,334099,1,[1.  1.8],1
3592,311728,311728,1,[1.  1.8],1
3593,207786,207786,30,"[0.25       0.45       0.6075     0.729      0.820125   0.885735
 0.93002175 0.9565938  0.96855122 0.96855122 0.95886571 0.94143179
 0.91789599 0.88965304 0.85787972 0.82356453 0.78753358 0.75047318
 0.71294952 0.67542586 0.63827744 0.60180444 0.56624327 0.53177629
 0.49854027 0.46663369 0.43612303 0.40704816 0.37942703 0.35325965
 0.32853148]",30
3594,145091,145091,6,[1.       1.8      2.43     2.916    3.2805   3.54294  3.720087],6
3595,107818,107818,1,[1.  1.8],1
3596,127892,127892,9,"[1.         1.8        2.43       2.916      3.2805     3.54294
 3.720087   3.8263752  3.87420489]",8
3597,75660,75660,30,"[0.25       0.45       0.6075     0.729      0.820125   0.885735
 0.93002175 0.9565938  0.96855122 0.96855122 0.95886571 0.94143179
 0.91789599 0.88965304 0.85787972 0.82356453 0.78753358 0.75047318
 0.71294952 0.67542586 0.63827744 0.60180444 0.56624327 0.53177629
 0.49854027 0.46663369 0.43612303 0.40704816 0.37942703 0.35325965
 0.32853148]",30
3598,166944,166944,6,[1.       1.8      2.43     2.916    3.2805   3.54294  3.720087],6
3599,77145,77145,9,"[1.         1.8        2.43       2.916      3.2805     3.54294
 3.720087   3.8263752  3.87420489]",8
3600,251570,251570,6,[1.       1.8      2.43     2.916    3.2805   3.54294  3.720087],6
3601,52067,52067,30,"[0.25       0.45       0.6075     0.729      0.820125   0.885735
 0.93002175 0.9565938  0.96855122 0.96855122 0.95886571 0.94143179
 0.91789599 0.88965304 0.85787972 0.82356453 0.78753358 0.75047318
 0.71294952 0.67542586 0.63827744 0.60180444 0.56624327 0.53177629
 0.49854027 0.46663369 0.43612303 0.40704816 0.37942703 0.35325965
 0.32853148]",30
3602,70435,70435,9,"[1.         1.8        2.43       2.916      3.2805     3.54294
 3.720087   3.8263752  3.87420489]",8
3603,323278,323278,30,"[0.25       0.45       0.6075     0.729      0.820125   0.885735
 0.93002175 0.9565938  0.96855122 0.96855122 0.95886571 0.94143179
 0.91789599 0.88965304 0.85787972 0.82356453 0.78753358 0.75047318
 0.71294952 0.67542586 0.63827744 0.60180444 0.56624327 0.53177629
 0.49854027 0.46663369 0.43612303 0.40704816 0.37942703 0.35325965
 0.32853148]",30
3604,146207,146207,60,"[0.25       0.45       0.6075     0.729      0.820125   0.885735
 0.93002175 0.9565938  0.96855122 0.96855122 0.95886571 0.94143179
 0.91789599 0.88965304 0.85787972 0.82356453 0.78753358 0.75047318
 0.71294952 0.67542586 0.63827744 0.60180444 0.56624327 0.53177629
 0.49854027 0.46663369 0.43612303 0.40704816 0.37942703 0.35325965
 0.32853148 0.30521634 0.28327892 0.26267681 0.24336234 0.225284
 0.2083877  0.19261782 0.17791804 0.16423203 0.15150405 0.13967934
 0.12870454 0.1185279  0.10909954 0.10037158 0.09229821 0.08483581
 0.0779429  0.07158021 0.06571063 0.06029917 0.05531289 0.05072088
 0.04649414 0.04260554 0.03902972 0.035743   0.03272334 0.02995017
 0.02740441]",60
3605,327063,327063,1,[1.  1.8],1
3606,10500,10500,3,[0.29411765 0.52941176 0.71470588 0.85764706],3
3607,136223,136223,60,"[0.25       0.45       0.6075     0.729      0.820125   0.885735
 0.93002175 0.9565938  0.96855122 0.96855122 0.95886571 0.94143179
 0.91789599 0.88965304 0.85787972 0.82356453 0.78753358 0.75047318
 0.71294952 0.67542586 0.63827744 0.60180444 0.56624327 0.53177629
 0.49854027 0.46663369 0.43612303 0.40704816 0.37942703 0.35325965
 0.32853148 0.30521634 0.28327892 0.26267681 0.24336234 0.225284
 0.2083877  0.19261782 0.17791804 0.16423203 0.15150405 0.13967934
 0.12870454 0.1185279  0.10909954 0.10037158 0.09229821 0.08483581
 0.0779429  0.07158021 0.06571063 0.06029917 0.05531289 0.05072088
 0.04649414 0.04260554 0.03902972 0.035743   0.03272334 0.02995017
 0.02740441]",60
3608,314493,314493,9,"[1.         1.8        2.43       2.916      3.2805     3.54294
 3.720087   3.8263752  3.87420489]",8
3609,75894,75894,60,"[0.25       0.45       0.6075     0.729      0.820125   0.885735
 0.93002175 0.9565938  0.96855122 0.96855122 0.95886571 0.94143179
 0.91789599 0.88965304 0.85787972 0.82356453 0.78753358 0.75047318
 0.71294952 0.67542586 0.63827744 0.60180444 0.56624327 0.53177629
 0.49854027 0.46663369 0.43612303 0.40704816 0.37942703 0.35325965
 0.32853148 0.30521634 0.28327892 0.26267681 0.24336234 0.225284
 0.2083877  0.19261782 0.17791804 0.16423203 0.15150405 0.13967934
 0.12870454 0.1185279  0.10909954 0.10037158 0.09229821 0.08483581
 0.0779429  0.07158021 0.06571063 0.06029917 0.05531289 0.05072088
 0.04649414 0.04260554 0.03902972 0.035743   0.03272334 0.02995017
 0.02740441]",60
3610,38373,38373,9,"[1.         1.8        2.43       2.916      3.2805     3.54294
 3.720087   3.8263752  3.87420489]",8
3611,128467,128467,30,"[0.25       0.45       0.6075     0.729      0.820125   0.885735
 0.93002175 0.9565938  0.96855122 0.96855122 0.95886571 0.94143179
 0.91789599 0.88965304 0.85787972 0.82356453 0.78753358 0.75047318
 0.71294952 0.67542586 0.63827744 0.60180444 0.56624327 0.53177629
 0.49854027 0.46663369 0.43612303 0.40704816 0.37942703 0.35325965
 0.32853148]",30
3612,166636,166636,3,[0.29411765 0.52941176 0.71470588 0.85764706],3
3613,24665,24665,1,[1.  1.8],1
3614,58751,58751,1,[1.  1.8],1
3615,192419,192419,3,[0.29411765 0.52941176 0.71470588 0.85764706],3
3616,9845,9845,3,[0.29411765 0.52941176 0.71470588 0.85764706],3
3617,882,882,6,[1.       1.8      2.43     2.916    3.2805   3.54294  3.720087],6
3618,236235,236235,3,[0.29411765 0.52941176 0.71470588 0.85764706],3
3619,327623,327623,1,[1.  1.8],1
3620,116605,116605,3,[0.29411765 0.52941176 0.71470588 0.85764706],3
3621,239218,239218,3,[0.29411765 0.52941176 0.71470588 0.85764706],3
3622,131368,131368,60,"[0.25       0.45       0.6075     0.729      0.820125   0.885735
 0.93002175 0.9565938  0.96855122 0.96855122 0.95886571 0.94143179
 0.91789599 0.88965304 0.85787972 0.82356453 0.78753358 0.75047318
 0.71294952 0.67542586 0.63827744 0.60180444 0.56624327 0.53177629
 0.49854027 0.46663369 0.43612303 0.40704816 0.37942703 0.35325965
 0.32853148 0.30521634 0.28327892 0.26267681 0.24336234 0.225284
 0.2083877  0.19261782 0.17791804 0.16423203 0.15150405 0.13967934
 0.12870454 0.1185279  0.10909954 0.10037158 0.09229821 0.08483581
 0.0779429  0.07158021 0.06571063 0.06029917 0.05531289 0.05072088
 0.04649414 0.04260554 0.03902972 0.035743   0.03272334 0.02995017
 0.02740441]",60
3623,148714,148714,60,"[0.25       0.45       0.6075     0.729      0.820125   0.885735
 0.93002175 0.9565938  0.96855122 0.96855122 0.95886571 0.94143179
 0.91789599 0.88965304 0.85787972 0.82356453 0.78753358 0.75047318
 0.71294952 0.67542586 0.63827744 0.60180444 0.56624327 0.53177629
 0.49854027 0.46663369 0.43612303 0.40704816 0.37942703 0.35325965
 0.32853148 0.30521634 0.28327892 0.26267681 0.24336234 0.225284
 0.2083877  0.19261782 0.17791804 0.16423203 0.15150405 0.13967934
 0.12870454 0.1185279  0.10909954 0.10037158 0.09229821 0.08483581
 0.0779429  0.07158021 0.06571063 0.06029917 0.05531289 0.05072088
 0.04649414 0.04260554 0.03902972 0.035743   0.03272334 0.02995017
 0.02740441]",60
3624,188453,188453,6,[1.       1.8      2.43     2.916    3.2805   3.54294  3.720087],6
3625,3054,3054,1,[1.  1.8],1
3626,228799,228799,9,"[1.         1.8        2.43       2.916      3.2805     3.54294
 3.720087   3.8263752  3.87420489]",8
3627,3005,3005,6,[1.       1.8      2.43     2.916    3.2805   3.54294  3.720087],6
3628,44738,44738,1,[1.  1.8],1
3629,187497,187497,6,[1.       1.8      2.43     2.916    3.2805   3.54294  3.720087],6
3630,168443,168443,60,"[0.25       0.45       0.6075     0.729      0.820125   0.885735
 0.93002175 0.9565938  0.96855122 0.96855122 0.95886571 0.94143179
 0.91789599 0.88965304 0.85787972 0.82356453 0.78753358 0.75047318
 0.71294952 0.67542586 0.63827744 0.60180444 0.56624327 0.53177629
 0.49854027 0.46663369 0.43612303 0.40704816 0.37942703 0.35325965
 0.32853148 0.30521634 0.28327892 0.26267681 0.24336234 0.225284
 0.2083877  0.19261782 0.17791804 0.16423203 0.15150405 0.13967934
 0.12870454 0.1185279  0.10909954 0.10037158 0.09229821 0.08483581
 0.0779429  0.07158021 0.06571063 0.06029917 0.05531289 0.05072088
 0.04649414 0.04260554 0.03902972 0.035743   0.03272334 0.02995017
 0.02740441]",60
3631,273805,273805,30,"[0.25       0.45       0.6075     0.729      0.820125   0.885735
 0.93002175 0.9565938  0.96855122 0.96855122 0.95886571 0.94143179
 0.91789599 0.88965304 0.85787972 0.82356453 0.78753358 0.75047318
 0.71294952 0.67542586 0.63827744 0.60180444 0.56624327 0.53177629
 0.49854027 0.46663369 0.43612303 0.40704816 0.37942703 0.35325965
 0.32853148]",30
3632,228679,228679,3,[0.29411765 0.52941176 0.71470588 0.85764706],3
3633,110484,110484,9,"[1.         1.8        2.43       2.916      3.2805     3.54294
 3.720087   3.8263752  3.87420489]",8
3634,58430,58430,30,"[0.25       0.45       0.6075     0.729      0.820125   0.885735
 0.93002175 0.9565938  0.96855122 0.96855122 0.95886571 0.94143179
 0.91789599 0.88965304 0.85787972 0.82356453 0.78753358 0.75047318
 0.71294952 0.67542586 0.63827744 0.60180444 0.56624327 0.53177629
 0.49854027 0.46663369 0.43612303 0.40704816 0.37942703 0.35325965
 0.32853148]",30
3635,299309,299309,1,[1.  1.8],1
3636,328874,328874,60,"[0.25       0.45       0.6075     0.729      0.820125   0.885735
 0.93002175 0.9565938  0.96855122 0.96855122 0.95886571 0.94143179
 0.91789599 0.88965304 0.85787972 0.82356453 0.78753358 0.75047318
 0.71294952 0.67542586 0.63827744 0.60180444 0.56624327 0.53177629
 0.49854027 0.46663369 0.43612303 0.40704816 0.37942703 0.35325965
 0.32853148 0.30521634 0.28327892 0.26267681 0.24336234 0.225284
 0.2083877  0.19261782 0.17791804 0.16423203 0.15150405 0.13967934
 0.12870454 0.1185279  0.10909954 0.10037158 0.09229821 0.08483581
 0.0779429  0.07158021 0.06571063 0.06029917 0.05531289 0.05072088
 0.04649414 0.04260554 0.03902972 0.035743   0.03272334 0.02995017
 0.02740441]",60
3637,4437,4437,9,"[1.         1.8        2.43       2.916      3.2805     3.54294
 3.720087   3.8263752  3.87420489]",8
3638,268179,268179,60,"[0.25       0.45       0.6075     0.729      0.820125   0.885735
 0.93002175 0.9565938  0.96855122 0.96855122 0.95886571 0.94143179
 0.91789599 0.88965304 0.85787972 0.82356453 0.78753358 0.75047318
 0.71294952 0.67542586 0.63827744 0.60180444 0.56624327 0.53177629
 0.49854027 0.46663369 0.43612303 0.40704816 0.37942703 0.35325965
 0.32853148 0.30521634 0.28327892 0.26267681 0.24336234 0.225284
 0.2083877  0.19261782 0.17791804 0.16423203 0.15150405 0.13967934
 0.12870454 0.1185279  0.10909954 0.10037158 0.09229821 0.08483581
 0.0779429  0.07158021 0.06571063 0.06029917 0.05531289 0.05072088
 0.04649414 0.04260554 0.03902972 0.035743   0.03272334 0.02995017
 0.02740441]",60
3639,48246,48246,6,[1.       1.8      2.43     2.916    3.2805   3.54294  3.720087],6
3640,106473,106473,3,[0.29411765 0.52941176 0.71470588 0.85764706],3
3641,340487,340487,3,[0.29411765 0.52941176 0.71470588 0.85764706],3
3642,216473,216473,9,"[1.         1.8        2.43       2.916      3.2805     3.54294
 3.720087   3.8263752  3.87420489]",8
3643,16321,16321,30,"[0.25       0.45       0.6075     0.729      0.820125   0.885735
 0.93002175 0.9565938  0.96855122 0.96855122 0.95886571 0.94143179
 0.91789599 0.88965304 0.85787972 0.82356453 0.78753358 0.75047318
 0.71294952 0.67542586 0.63827744 0.60180444 0.56624327 0.53177629
 0.49854027 0.46663369 0.43612303 0.40704816 0.37942703 0.35325965
 0.32853148]",30
3644,347174,347174,1,[1.  1.8],1
3645,273587,273587,6,[1.       1.8      2.43     2.916    3.2805   3.54294  3.720087],6
3646,277329,277329,30,"[0.25       0.45       0.6075     0.729      0.820125   0.885735
 0.93002175 0.9565938  0.96855122 0.96855122 0.95886571 0.94143179
 0.91789599 0.88965304 0.85787972 0.82356453 0.78753358 0.75047318
 0.71294952 0.67542586 0.63827744 0.60180444 0.56624327 0.53177629
 0.49854027 0.46663369 0.43612303 0.40704816 0.37942703 0.35325965
 0.32853148]",30
3647,345070,345070,30,"[0.25       0.45       0.6075     0.729      0.820125   0.885735
 0.93002175 0.9565938  0.96855122 0.96855122 0.95886571 0.94143179
 0.91789599 0.88965304 0.85787972 0.82356453 0.78753358 0.75047318
 0.71294952 0.67542586 0.63827744 0.60180444 0.56624327 0.53177629
 0.49854027 0.46663369 0.43612303 0.40704816 0.37942703 0.35325965
 0.32853148]",30
3648,311090,311090,30,"[0.25       0.45       0.6075     0.729      0.820125   0.885735
 0.93002175 0.9565938  0.96855122 0.96855122 0.95886571 0.94143179
 0.91789599 0.88965304 0.85787972 0.82356453 0.78753358 0.75047318
 0.71294952 0.67542586 0.63827744 0.60180444 0.56624327 0.53177629
 0.49854027 0.46663369 0.43612303 0.40704816 0.37942703 0.35325965
 0.32853148]",30
3649,272137,272137,1,[1.  1.8],1
3650,266246,266246,30,"[0.25       0.45       0.6075     0.729      0.820125   0.885735
 0.93002175 0.9565938  0.96855122 0.96855122 0.95886571 0.94143179
 0.91789599 0.88965304 0.85787972 0.82356453 0.78753358 0.75047318
 0.71294952 0.67542586 0.63827744 0.60180444 0.56624327 0.53177629
 0.49854027 0.46663369 0.43612303 0.40704816 0.37942703 0.35325965
 0.32853148]",30
3651,75028,75028,60,"[0.25       0.45       0.6075     0.729      0.820125   0.885735
 0.93002175 0.9565938  0.96855122 0.96855122 0.95886571 0.94143179
 0.91789599 0.88965304 0.85787972 0.82356453 0.78753358 0.75047318
 0.71294952 0.67542586 0.63827744 0.60180444 0.56624327 0.53177629
 0.49854027 0.46663369 0.43612303 0.40704816 0.37942703 0.35325965
 0.32853148 0.30521634 0.28327892 0.26267681 0.24336234 0.225284
 0.2083877  0.19261782 0.17791804 0.16423203 0.15150405 0.13967934
 0.12870454 0.1185279  0.10909954 0.10037158 0.09229821 0.08483581
 0.0779429  0.07158021 0.06571063 0.06029917 0.05531289 0.05072088
 0.04649414 0.04260554 0.03902972 0.035743   0.03272334 0.02995017
 0.02740441]",60
3652,222591,222591,6,[1.       1.8      2.43     2.916    3.2805   3.54294  3.720087],6
3653,48390,48390,6,[1.       1.8      2.43     2.916    3.2805   3.54294  3.720087],6
3654,3342,3342,30,"[0.25       0.45       0.6075     0.729      0.820125   0.885735
 0.93002175 0.9565938  0.96855122 0.96855122 0.95886571 0.94143179
 0.91789599 0.88965304 0.85787972 0.82356453 0.78753358 0.75047318
 0.71294952 0.67542586 0.63827744 0.60180444 0.56624327 0.53177629
 0.49854027 0.46663369 0.43612303 0.40704816 0.37942703 0.35325965
 0.32853148]",30
3655,123302,123302,1,[1.  1.8],1
3656,200019,200019,1,[1.  1.8],1
3657,77091,77091,6,[1.       1.8      2.43     2.916    3.2805   3.54294  3.720087],6
3658,207863,207863,9,"[1.         1.8        2.43       2.916      3.2805     3.54294
 3.720087   3.8263752  3.87420489]",8
3659,243932,243932,6,[1.       1.8      2.43     2.916    3.2805   3.54294  3.720087],6
3660,243565,243565,6,[1.       1.8      2.43     2.916    3.2805   3.54294  3.720087],6
3661,329723,329723,60,"[0.25       0.45       0.6075     0.729      0.820125   0.885735
 0.93002175 0.9565938  0.96855122 0.96855122 0.95886571 0.94143179
 0.91789599 0.88965304 0.85787972 0.82356453 0.78753358 0.75047318
 0.71294952 0.67542586 0.63827744 0.60180444 0.56624327 0.53177629
 0.49854027 0.46663369 0.43612303 0.40704816 0.37942703 0.35325965
 0.32853148 0.30521634 0.28327892 0.26267681 0.24336234 0.225284
 0.2083877  0.19261782 0.17791804 0.16423203 0.15150405 0.13967934
 0.12870454 0.1185279  0.10909954 0.10037158 0.09229821 0.08483581
 0.0779429  0.07158021 0.06571063 0.06029917 0.05531289 0.05072088
 0.04649414 0.04260554 0.03902972 0.035743   0.03272334 0.02995017
 0.02740441]",60
3662,308026,308026,60,"[0.25       0.45       0.6075     0.729      0.820125   0.885735
 0.93002175 0.9565938  0.96855122 0.96855122 0.95886571 0.94143179
 0.91789599 0.88965304 0.85787972 0.82356453 0.78753358 0.75047318
 0.71294952 0.67542586 0.63827744 0.60180444 0.56624327 0.53177629
 0.49854027 0.46663369 0.43612303 0.40704816 0.37942703 0.35325965
 0.32853148 0.30521634 0.28327892 0.26267681 0.24336234 0.225284
 0.2083877  0.19261782 0.17791804 0.16423203 0.15150405 0.13967934
 0.12870454 0.1185279  0.10909954 0.10037158 0.09229821 0.08483581
 0.0779429  0.07158021 0.06571063 0.06029917 0.05531289 0.05072088
 0.04649414 0.04260554 0.03902972 0.035743   0.03272334 0.02995017
 0.02740441]",60
3663,173429,173429,60,"[0.25       0.45       0.6075     0.729      0.820125   0.885735
 0.93002175 0.9565938  0.96855122 0.96855122 0.95886571 0.94143179
 0.91789599 0.88965304 0.85787972 0.82356453 0.78753358 0.75047318
 0.71294952 0.67542586 0.63827744 0.60180444 0.56624327 0.53177629
 0.49854027 0.46663369 0.43612303 0.40704816 0.37942703 0.35325965
 0.32853148 0.30521634 0.28327892 0.26267681 0.24336234 0.225284
 0.2083877  0.19261782 0.17791804 0.16423203 0.15150405 0.13967934
 0.12870454 0.1185279  0.10909954 0.10037158 0.09229821 0.08483581
 0.0779429  0.07158021 0.06571063 0.06029917 0.05531289 0.05072088
 0.04649414 0.04260554 0.03902972 0.035743   0.03272334 0.02995017
 0.02740441]",60
3664,215227,215227,60,"[0.25       0.45       0.6075     0.729      0.820125   0.885735
 0.93002175 0.9565938  0.96855122 0.96855122 0.95886571 0.94143179
 0.91789599 0.88965304 0.85787972 0.82356453 0.78753358 0.75047318
 0.71294952 0.67542586 0.63827744 0.60180444 0.56624327 0.53177629
 0.49854027 0.46663369 0.43612303 0.40704816 0.37942703 0.35325965
 0.32853148 0.30521634 0.28327892 0.26267681 0.24336234 0.225284
 0.2083877  0.19261782 0.17791804 0.16423203 0.15150405 0.13967934
 0.12870454 0.1185279  0.10909954 0.10037158 0.09229821 0.08483581
 0.0779429  0.07158021 0.06571063 0.06029917 0.05531289 0.05072088
 0.04649414 0.04260554 0.03902972 0.035743   0.03272334 0.02995017
 0.02740441]",60
3665,238173,238173,60,"[0.25       0.45       0.6075     0.729      0.820125   0.885735
 0.93002175 0.9565938  0.96855122 0.96855122 0.95886571 0.94143179
 0.91789599 0.88965304 0.85787972 0.82356453 0.78753358 0.75047318
 0.71294952 0.67542586 0.63827744 0.60180444 0.56624327 0.53177629
 0.49854027 0.46663369 0.43612303 0.40704816 0.37942703 0.35325965
 0.32853148 0.30521634 0.28327892 0.26267681 0.24336234 0.225284
 0.2083877  0.19261782 0.17791804 0.16423203 0.15150405 0.13967934
 0.12870454 0.1185279  0.10909954 0.10037158 0.09229821 0.08483581
 0.0779429  0.07158021 0.06571063 0.06029917 0.05531289 0.05072088
 0.04649414 0.04260554 0.03902972 0.035743   0.03272334 0.02995017
 0.02740441]",60
3666,157988,157988,3,[0.29411765 0.52941176 0.71470588 0.85764706],3
3667,89242,89242,9,"[1.         1.8        2.43       2.916      3.2805     3.54294
 3.720087   3.8263752  3.87420489]",8
3668,143124,143124,30,"[0.25       0.45       0.6075     0.729      0.820125   0.885735
 0.93002175 0.9565938  0.96855122 0.96855122 0.95886571 0.94143179
 0.91789599 0.88965304 0.85787972 0.82356453 0.78753358 0.75047318
 0.71294952 0.67542586 0.63827744 0.60180444 0.56624327 0.53177629
 0.49854027 0.46663369 0.43612303 0.40704816 0.37942703 0.35325965
 0.32853148]",30
3669,126355,126355,1,[1.  1.8],1
3670,260560,260560,30,"[0.25       0.45       0.6075     0.729      0.820125   0.885735
 0.93002175 0.9565938  0.96855122 0.96855122 0.95886571 0.94143179
 0.91789599 0.88965304 0.85787972 0.82356453 0.78753358 0.75047318
 0.71294952 0.67542586 0.63827744 0.60180444 0.56624327 0.53177629
 0.49854027 0.46663369 0.43612303 0.40704816 0.37942703 0.35325965
 0.32853148]",30
3671,171768,171768,6,[1.       1.8      2.43     2.916    3.2805   3.54294  3.720087],6
3672,92658,92658,30,"[0.25       0.45       0.6075     0.729      0.820125   0.885735
 0.93002175 0.9565938  0.96855122 0.96855122 0.95886571 0.94143179
 0.91789599 0.88965304 0.85787972 0.82356453 0.78753358 0.75047318
 0.71294952 0.67542586 0.63827744 0.60180444 0.56624327 0.53177629
 0.49854027 0.46663369 0.43612303 0.40704816 0.37942703 0.35325965
 0.32853148]",30
3673,59357,59357,60,"[0.25       0.45       0.6075     0.729      0.820125   0.885735
 0.93002175 0.9565938  0.96855122 0.96855122 0.95886571 0.94143179
 0.91789599 0.88965304 0.85787972 0.82356453 0.78753358 0.75047318
 0.71294952 0.67542586 0.63827744 0.60180444 0.56624327 0.53177629
 0.49854027 0.46663369 0.43612303 0.40704816 0.37942703 0.35325965
 0.32853148 0.30521634 0.28327892 0.26267681 0.24336234 0.225284
 0.2083877  0.19261782 0.17791804 0.16423203 0.15150405 0.13967934
 0.12870454 0.1185279  0.10909954 0.10037158 0.09229821 0.08483581
 0.0779429  0.07158021 0.06571063 0.06029917 0.05531289 0.05072088
 0.04649414 0.04260554 0.03902972 0.035743   0.03272334 0.02995017
 0.02740441]",60
3674,206838,206838,30,"[0.25       0.45       0.6075     0.729      0.820125   0.885735
 0.93002175 0.9565938  0.96855122 0.96855122 0.95886571 0.94143179
 0.91789599 0.88965304 0.85787972 0.82356453 0.78753358 0.75047318
 0.71294952 0.67542586 0.63827744 0.60180444 0.56624327 0.53177629
 0.49854027 0.46663369 0.43612303 0.40704816 0.37942703 0.35325965
 0.32853148]",30
3675,221521,221521,30,"[0.25       0.45       0.6075     0.729      0.820125   0.885735
 0.93002175 0.9565938  0.96855122 0.96855122 0.95886571 0.94143179
 0.91789599 0.88965304 0.85787972 0.82356453 0.78753358 0.75047318
 0.71294952 0.67542586 0.63827744 0.60180444 0.56624327 0.53177629
 0.49854027 0.46663369 0.43612303 0.40704816 0.37942703 0.35325965
 0.32853148]",30
3676,110377,110377,1,[1.  1.8],1
3677,218456,218456,1,[1.  1.8],1
3678,51778,51778,1,[1.  1.8],1
3679,107702,107702,9,"[1.         1.8        2.43       2.916      3.2805     3.54294
 3.720087   3.8263752  3.87420489]",8
3680,95013,95013,6,[1.       1.8      2.43     2.916    3.2805   3.54294  3.720087],6
3681,341327,341327,9,"[1.         1.8        2.43       2.916      3.2805     3.54294
 3.720087   3.8263752  3.87420489]",8
3682,44795,44795,1,[1.  1.8],1
3683,5530,5530,1,[1.  1.8],1
3684,26858,26858,3,[0.29411765 0.52941176 0.71470588 0.85764706],3
3685,121959,121959,30,"[0.25       0.45       0.6075     0.729      0.820125   0.885735
 0.93002175 0.9565938  0.96855122 0.96855122 0.95886571 0.94143179
 0.91789599 0.88965304 0.85787972 0.82356453 0.78753358 0.75047318
 0.71294952 0.67542586 0.63827744 0.60180444 0.56624327 0.53177629
 0.49854027 0.46663369 0.43612303 0.40704816 0.37942703 0.35325965
 0.32853148]",30
3686,109328,109328,1,[1.  1.8],1
3687,50935,50935,9,"[1.         1.8        2.43       2.916      3.2805     3.54294
 3.720087   3.8263752  3.87420489]",8
3688,279474,279474,1,[1.  1.8],1
3689,152671,152671,6,[1.       1.8      2.43     2.916    3.2805   3.54294  3.720087],6
3690,16148,16148,6,[1.       1.8      2.43     2.916    3.2805   3.54294  3.720087],6
3691,315006,315006,30,"[0.25       0.45       0.6075     0.729      0.820125   0.885735
 0.93002175 0.9565938  0.96855122 0.96855122 0.95886571 0.94143179
 0.91789599 0.88965304 0.85787972 0.82356453 0.78753358 0.75047318
 0.71294952 0.67542586 0.63827744 0.60180444 0.56624327 0.53177629
 0.49854027 0.46663369 0.43612303 0.40704816 0.37942703 0.35325965
 0.32853148]",30
3692,6036,6036,9,"[1.         1.8        2.43       2.916      3.2805     3.54294
 3.720087   3.8263752  3.87420489]",8
3693,19220,19220,3,[0.29411765 0.52941176 0.71470588 0.85764706],3
3694,159017,159017,6,[1.       1.8      2.43     2.916    3.2805   3.54294  3.720087],6
3695,231647,231647,1,[1.  1.8],1
3696,141056,141056,60,"[0.25       0.45       0.6075     0.729      0.820125   0.885735
 0.93002175 0.9565938  0.96855122 0.96855122 0.95886571 0.94143179
 0.91789599 0.88965304 0.85787972 0.82356453 0.78753358 0.75047318
 0.71294952 0.67542586 0.63827744 0.60180444 0.56624327 0.53177629
 0.49854027 0.46663369 0.43612303 0.40704816 0.37942703 0.35325965
 0.32853148 0.30521634 0.28327892 0.26267681 0.24336234 0.225284
 0.2083877  0.19261782 0.17791804 0.16423203 0.15150405 0.13967934
 0.12870454 0.1185279  0.10909954 0.10037158 0.09229821 0.08483581
 0.0779429  0.07158021 0.06571063 0.06029917 0.05531289 0.05072088
 0.04649414 0.04260554 0.03902972 0.035743   0.03272334 0.02995017
 0.02740441]",60
3697,162722,162722,9,"[1.         1.8        2.43       2.916      3.2805     3.54294
 3.720087   3.8263752  3.87420489]",8
3698,210061,210061,60,"[0.25       0.45       0.6075     0.729      0.820125   0.885735
 0.93002175 0.9565938  0.96855122 0.96855122 0.95886571 0.94143179
 0.91789599 0.88965304 0.85787972 0.82356453 0.78753358 0.75047318
 0.71294952 0.67542586 0.63827744 0.60180444 0.56624327 0.53177629
 0.49854027 0.46663369 0.43612303 0.40704816 0.37942703 0.35325965
 0.32853148 0.30521634 0.28327892 0.26267681 0.24336234 0.225284
 0.2083877  0.19261782 0.17791804 0.16423203 0.15150405 0.13967934
 0.12870454 0.1185279  0.10909954 0.10037158 0.09229821 0.08483581
 0.0779429  0.07158021 0.06571063 0.06029917 0.05531289 0.05072088
 0.04649414 0.04260554 0.03902972 0.035743   0.03272334 0.02995017
 0.02740441]",60
3699,180407,180407,60,"[0.25       0.45       0.6075     0.729      0.820125   0.885735
 0.93002175 0.9565938  0.96855122 0.96855122 0.95886571 0.94143179
 0.91789599 0.88965304 0.85787972 0.82356453 0.78753358 0.75047318
 0.71294952 0.67542586 0.63827744 0.60180444 0.56624327 0.53177629
 0.49854027 0.46663369 0.43612303 0.40704816 0.37942703 0.35325965
 0.32853148 0.30521634 0.28327892 0.26267681 0.24336234 0.225284
 0.2083877  0.19261782 0.17791804 0.16423203 0.15150405 0.13967934
 0.12870454 0.1185279  0.10909954 0.10037158 0.09229821 0.08483581
 0.0779429  0.07158021 0.06571063 0.06029917 0.05531289 0.05072088
 0.04649414 0.04260554 0.03902972 0.035743   0.03272334 0.02995017
 0.02740441]",60
3700,199668,199668,9,"[1.         1.8        2.43       2.916      3.2805     3.54294
 3.720087   3.8263752  3.87420489]",8
3701,80236,80236,1,[1.  1.8],1
3702,294789,294789,1,[1.  1.8],1
3703,94702,94702,1,[1.  1.8],1
3704,324466,324466,9,"[1.         1.8        2.43       2.916      3.2805     3.54294
 3.720087   3.8263752  3.87420489]",8
3705,203856,203856,1,[1.  1.8],1
3706,151343,151343,1,[1.  1.8],1
3707,183056,183056,9,"[1.         1.8        2.43       2.916      3.2805     3.54294
 3.720087   3.8263752  3.87420489]",8
3708,268315,268315,3,[0.29411765 0.52941176 0.71470588 0.85764706],3
3709,292954,292954,30,"[0.25       0.45       0.6075     0.729      0.820125   0.885735
 0.93002175 0.9565938  0.96855122 0.96855122 0.95886571 0.94143179
 0.91789599 0.88965304 0.85787972 0.82356453 0.78753358 0.75047318
 0.71294952 0.67542586 0.63827744 0.60180444 0.56624327 0.53177629
 0.49854027 0.46663369 0.43612303 0.40704816 0.37942703 0.35325965
 0.32853148]",30
3710,214139,214139,6,[1.       1.8      2.43     2.916    3.2805   3.54294  3.720087],6
3711,112961,112961,1,[1.  1.8],1
3712,114582,114582,30,"[0.25       0.45       0.6075     0.729      0.820125   0.885735
 0.93002175 0.9565938  0.96855122 0.96855122 0.95886571 0.94143179
 0.91789599 0.88965304 0.85787972 0.82356453 0.78753358 0.75047318
 0.71294952 0.67542586 0.63827744 0.60180444 0.56624327 0.53177629
 0.49854027 0.46663369 0.43612303 0.40704816 0.37942703 0.35325965
 0.32853148]",30
3713,186664,186664,9,"[1.         1.8        2.43       2.916      3.2805     3.54294
 3.720087   3.8263752  3.87420489]",8
3714,165756,165756,3,[0.29411765 0.52941176 0.71470588 0.85764706],3
3715,128503,128503,30,"[0.25       0.45       0.6075     0.729      0.820125   0.885735
 0.93002175 0.9565938  0.96855122 0.96855122 0.95886571 0.94143179
 0.91789599 0.88965304 0.85787972 0.82356453 0.78753358 0.75047318
 0.71294952 0.67542586 0.63827744 0.60180444 0.56624327 0.53177629
 0.49854027 0.46663369 0.43612303 0.40704816 0.37942703 0.35325965
 0.32853148]",30
3716,125817,125817,30,"[0.25       0.45       0.6075     0.729      0.820125   0.885735
 0.93002175 0.9565938  0.96855122 0.96855122 0.95886571 0.94143179
 0.91789599 0.88965304 0.85787972 0.82356453 0.78753358 0.75047318
 0.71294952 0.67542586 0.63827744 0.60180444 0.56624327 0.53177629
 0.49854027 0.46663369 0.43612303 0.40704816 0.37942703 0.35325965
 0.32853148]",30
3717,213699,213699,3,[0.29411765 0.52941176 0.71470588 0.85764706],3
3718,21606,21606,1,[1.  1.8],1
3719,281577,281577,1,[1.  1.8],1
3720,289511,289511,60,"[0.25       0.45       0.6075     0.729      0.820125   0.885735
 0.93002175 0.9565938  0.96855122 0.96855122 0.95886571 0.94143179
 0.91789599 0.88965304 0.85787972 0.82356453 0.78753358 0.75047318
 0.71294952 0.67542586 0.63827744 0.60180444 0.56624327 0.53177629
 0.49854027 0.46663369 0.43612303 0.40704816 0.37942703 0.35325965
 0.32853148 0.30521634 0.28327892 0.26267681 0.24336234 0.225284
 0.2083877  0.19261782 0.17791804 0.16423203 0.15150405 0.13967934
 0.12870454 0.1185279  0.10909954 0.10037158 0.09229821 0.08483581
 0.0779429  0.07158021 0.06571063 0.06029917 0.05531289 0.05072088
 0.04649414 0.04260554 0.03902972 0.035743   0.03272334 0.02995017
 0.02740441]",60
3721,248618,248618,1,[1.  1.8],1
3722,143471,143471,60,"[0.25       0.45       0.6075     0.729      0.820125   0.885735
 0.93002175 0.9565938  0.96855122 0.96855122 0.95886571 0.94143179
 0.91789599 0.88965304 0.85787972 0.82356453 0.78753358 0.75047318
 0.71294952 0.67542586 0.63827744 0.60180444 0.56624327 0.53177629
 0.49854027 0.46663369 0.43612303 0.40704816 0.37942703 0.35325965
 0.32853148 0.30521634 0.28327892 0.26267681 0.24336234 0.225284
 0.2083877  0.19261782 0.17791804 0.16423203 0.15150405 0.13967934
 0.12870454 0.1185279  0.10909954 0.10037158 0.09229821 0.08483581
 0.0779429  0.07158021 0.06571063 0.06029917 0.05531289 0.05072088
 0.04649414 0.04260554 0.03902972 0.035743   0.03272334 0.02995017
 0.02740441]",60
3723,302476,302476,1,[1.  1.8],1
3724,47247,47247,6,[1.       1.8      2.43     2.916    3.2805   3.54294  3.720087],6
3725,282690,282690,6,[1.       1.8      2.43     2.916    3.2805   3.54294  3.720087],6
3726,61751,61751,1,[1.  1.8],1
3727,183437,183437,60,"[0.25       0.45       0.6075     0.729      0.820125   0.885735
 0.93002175 0.9565938  0.96855122 0.96855122 0.95886571 0.94143179
 0.91789599 0.88965304 0.85787972 0.82356453 0.78753358 0.75047318
 0.71294952 0.67542586 0.63827744 0.60180444 0.56624327 0.53177629
 0.49854027 0.46663369 0.43612303 0.40704816 0.37942703 0.35325965
 0.32853148 0.30521634 0.28327892 0.26267681 0.24336234 0.225284
 0.2083877  0.19261782 0.17791804 0.16423203 0.15150405 0.13967934
 0.12870454 0.1185279  0.10909954 0.10037158 0.09229821 0.08483581
 0.0779429  0.07158021 0.06571063 0.06029917 0.05531289 0.05072088
 0.04649414 0.04260554 0.03902972 0.035743   0.03272334 0.02995017
 0.02740441]",60
3728,69601,69601,6,[1.       1.8      2.43     2.916    3.2805   3.54294  3.720087],6
3729,154454,154454,3,[0.29411765 0.52941176 0.71470588 0.85764706],3
3730,256885,256885,9,"[1.         1.8        2.43       2.916      3.2805     3.54294
 3.720087   3.8263752  3.87420489]",8
3731,198277,198277,3,[0.29411765 0.52941176 0.71470588 0.85764706],3
3732,60512,60512,30,"[0.25       0.45       0.6075     0.729      0.820125   0.885735
 0.93002175 0.9565938  0.96855122 0.96855122 0.95886571 0.94143179
 0.91789599 0.88965304 0.85787972 0.82356453 0.78753358 0.75047318
 0.71294952 0.67542586 0.63827744 0.60180444 0.56624327 0.53177629
 0.49854027 0.46663369 0.43612303 0.40704816 0.37942703 0.35325965
 0.32853148]",30
3733,33168,33168,9,"[1.         1.8        2.43       2.916      3.2805     3.54294
 3.720087   3.8263752  3.87420489]",8
3734,126737,126737,6,[1.       1.8      2.43     2.916    3.2805   3.54294  3.720087],6
3735,110377,110377,60,"[0.25       0.45       0.6075     0.729      0.820125   0.885735
 0.93002175 0.9565938  0.96855122 0.96855122 0.95886571 0.94143179
 0.91789599 0.88965304 0.85787972 0.82356453 0.78753358 0.75047318
 0.71294952 0.67542586 0.63827744 0.60180444 0.56624327 0.53177629
 0.49854027 0.46663369 0.43612303 0.40704816 0.37942703 0.35325965
 0.32853148 0.30521634 0.28327892 0.26267681 0.24336234 0.225284
 0.2083877  0.19261782 0.17791804 0.16423203 0.15150405 0.13967934
 0.12870454 0.1185279  0.10909954 0.10037158 0.09229821 0.08483581
 0.0779429  0.07158021 0.06571063 0.06029917 0.05531289 0.05072088
 0.04649414 0.04260554 0.03902972 0.035743   0.03272334 0.02995017
 0.02740441]",60
3736,148157,148157,6,[1.       1.8      2.43     2.916    3.2805   3.54294  3.720087],6
3737,245829,245829,30,"[0.25       0.45       0.6075     0.729      0.820125   0.885735
 0.93002175 0.9565938  0.96855122 0.96855122 0.95886571 0.94143179
 0.91789599 0.88965304 0.85787972 0.82356453 0.78753358 0.75047318
 0.71294952 0.67542586 0.63827744 0.60180444 0.56624327 0.53177629
 0.49854027 0.46663369 0.43612303 0.40704816 0.37942703 0.35325965
 0.32853148]",30
3738,130648,130648,30,"[0.25       0.45       0.6075     0.729      0.820125   0.885735
 0.93002175 0.9565938  0.96855122 0.96855122 0.95886571 0.94143179
 0.91789599 0.88965304 0.85787972 0.82356453 0.78753358 0.75047318
 0.71294952 0.67542586 0.63827744 0.60180444 0.56624327 0.53177629
 0.49854027 0.46663369 0.43612303 0.40704816 0.37942703 0.35325965
 0.32853148]",30
3739,45037,45037,1,[1.  1.8],1
3740,61100,61100,3,[0.29411765 0.52941176 0.71470588 0.85764706],3
3741,12467,12467,30,"[0.25       0.45       0.6075     0.729      0.820125   0.885735
 0.93002175 0.9565938  0.96855122 0.96855122 0.95886571 0.94143179
 0.91789599 0.88965304 0.85787972 0.82356453 0.78753358 0.75047318
 0.71294952 0.67542586 0.63827744 0.60180444 0.56624327 0.53177629
 0.49854027 0.46663369 0.43612303 0.40704816 0.37942703 0.35325965
 0.32853148]",30
3742,104649,104649,30,"[0.25       0.45       0.6075     0.729      0.820125   0.885735
 0.93002175 0.9565938  0.96855122 0.96855122 0.95886571 0.94143179
 0.91789599 0.88965304 0.85787972 0.82356453 0.78753358 0.75047318
 0.71294952 0.67542586 0.63827744 0.60180444 0.56624327 0.53177629
 0.49854027 0.46663369 0.43612303 0.40704816 0.37942703 0.35325965
 0.32853148]",30
3743,152787,152787,6,[1.       1.8      2.43     2.916    3.2805   3.54294  3.720087],6
3744,84252,84252,3,[0.29411765 0.52941176 0.71470588 0.85764706],3
3745,136763,136763,6,[1.       1.8      2.43     2.916    3.2805   3.54294  3.720087],6
3746,8529,8529,1,[1.  1.8],1
3747,173126,173126,30,"[0.25       0.45       0.6075     0.729      0.820125   0.885735
 0.93002175 0.9565938  0.96855122 0.96855122 0.95886571 0.94143179
 0.91789599 0.88965304 0.85787972 0.82356453 0.78753358 0.75047318
 0.71294952 0.67542586 0.63827744 0.60180444 0.56624327 0.53177629
 0.49854027 0.46663369 0.43612303 0.40704816 0.37942703 0.35325965
 0.32853148]",30
3748,162822,162822,6,[1.       1.8      2.43     2.916    3.2805   3.54294  3.720087],6
3749,67346,67346,1,[1.  1.8],1
3750,122702,122702,30,"[0.25       0.45       0.6075     0.729      0.820125   0.885735
 0.93002175 0.9565938  0.96855122 0.96855122 0.95886571 0.94143179
 0.91789599 0.88965304 0.85787972 0.82356453 0.78753358 0.75047318
 0.71294952 0.67542586 0.63827744 0.60180444 0.56624327 0.53177629
 0.49854027 0.46663369 0.43612303 0.40704816 0.37942703 0.35325965
 0.32853148]",30
3751,214549,214549,60,"[0.25       0.45       0.6075     0.729      0.820125   0.885735
 0.93002175 0.9565938  0.96855122 0.96855122 0.95886571 0.94143179
 0.91789599 0.88965304 0.85787972 0.82356453 0.78753358 0.75047318
 0.71294952 0.67542586 0.63827744 0.60180444 0.56624327 0.53177629
 0.49854027 0.46663369 0.43612303 0.40704816 0.37942703 0.35325965
 0.32853148 0.30521634 0.28327892 0.26267681 0.24336234 0.225284
 0.2083877  0.19261782 0.17791804 0.16423203 0.15150405 0.13967934
 0.12870454 0.1185279  0.10909954 0.10037158 0.09229821 0.08483581
 0.0779429  0.07158021 0.06571063 0.06029917 0.05531289 0.05072088
 0.04649414 0.04260554 0.03902972 0.035743   0.03272334 0.02995017
 0.02740441]",60
3752,332062,332062,60,"[0.25       0.45       0.6075     0.729      0.820125   0.885735
 0.93002175 0.9565938  0.96855122 0.96855122 0.95886571 0.94143179
 0.91789599 0.88965304 0.85787972 0.82356453 0.78753358 0.75047318
 0.71294952 0.67542586 0.63827744 0.60180444 0.56624327 0.53177629
 0.49854027 0.46663369 0.43612303 0.40704816 0.37942703 0.35325965
 0.32853148 0.30521634 0.28327892 0.26267681 0.24336234 0.225284
 0.2083877  0.19261782 0.17791804 0.16423203 0.15150405 0.13967934
 0.12870454 0.1185279  0.10909954 0.10037158 0.09229821 0.08483581
 0.0779429  0.07158021 0.06571063 0.06029917 0.05531289 0.05072088
 0.04649414 0.04260554 0.03902972 0.035743   0.03272334 0.02995017
 0.02740441]",60
3753,347151,347151,6,[1.       1.8      2.43     2.916    3.2805   3.54294  3.720087],6
3754,273561,273561,9,"[1.         1.8        2.43       2.916      3.2805     3.54294
 3.720087   3.8263752  3.87420489]",8
3755,49841,49841,60,"[0.25       0.45       0.6075     0.729      0.820125   0.885735
 0.93002175 0.9565938  0.96855122 0.96855122 0.95886571 0.94143179
 0.91789599 0.88965304 0.85787972 0.82356453 0.78753358 0.75047318
 0.71294952 0.67542586 0.63827744 0.60180444 0.56624327 0.53177629
 0.49854027 0.46663369 0.43612303 0.40704816 0.37942703 0.35325965
 0.32853148 0.30521634 0.28327892 0.26267681 0.24336234 0.225284
 0.2083877  0.19261782 0.17791804 0.16423203 0.15150405 0.13967934
 0.12870454 0.1185279  0.10909954 0.10037158 0.09229821 0.08483581
 0.0779429  0.07158021 0.06571063 0.06029917 0.05531289 0.05072088
 0.04649414 0.04260554 0.03902972 0.035743   0.03272334 0.02995017
 0.02740441]",60
3756,8173,8173,9,"[1.         1.8        2.43       2.916      3.2805     3.54294
 3.720087   3.8263752  3.87420489]",8
3757,27263,27263,3,[0.29411765 0.52941176 0.71470588 0.85764706],3
3758,295846,295846,60,"[0.25       0.45       0.6075     0.729      0.820125   0.885735
 0.93002175 0.9565938  0.96855122 0.96855122 0.95886571 0.94143179
 0.91789599 0.88965304 0.85787972 0.82356453 0.78753358 0.75047318
 0.71294952 0.67542586 0.63827744 0.60180444 0.56624327 0.53177629
 0.49854027 0.46663369 0.43612303 0.40704816 0.37942703 0.35325965
 0.32853148 0.30521634 0.28327892 0.26267681 0.24336234 0.225284
 0.2083877  0.19261782 0.17791804 0.16423203 0.15150405 0.13967934
 0.12870454 0.1185279  0.10909954 0.10037158 0.09229821 0.08483581
 0.0779429  0.07158021 0.06571063 0.06029917 0.05531289 0.05072088
 0.04649414 0.04260554 0.03902972 0.035743   0.03272334 0.02995017
 0.02740441]",60
3759,91472,91472,30,"[0.25       0.45       0.6075     0.729      0.820125   0.885735
 0.93002175 0.9565938  0.96855122 0.96855122 0.95886571 0.94143179
 0.91789599 0.88965304 0.85787972 0.82356453 0.78753358 0.75047318
 0.71294952 0.67542586 0.63827744 0.60180444 0.56624327 0.53177629
 0.49854027 0.46663369 0.43612303 0.40704816 0.37942703 0.35325965
 0.32853148]",30
3760,339745,339745,9,"[1.         1.8        2.43       2.916      3.2805     3.54294
 3.720087   3.8263752  3.87420489]",8
3761,236077,236077,3,[0.29411765 0.52941176 0.71470588 0.85764706],3
3762,114379,114379,9,"[1.         1.8        2.43       2.916      3.2805     3.54294
 3.720087   3.8263752  3.87420489]",8
3763,64980,64980,1,[1.  1.8],1
3764,304749,304749,1,[1.  1.8],1
3765,268514,268514,30,"[0.25       0.45       0.6075     0.729      0.820125   0.885735
 0.93002175 0.9565938  0.96855122 0.96855122 0.95886571 0.94143179
 0.91789599 0.88965304 0.85787972 0.82356453 0.78753358 0.75047318
 0.71294952 0.67542586 0.63827744 0.60180444 0.56624327 0.53177629
 0.49854027 0.46663369 0.43612303 0.40704816 0.37942703 0.35325965
 0.32853148]",30
3766,254639,254639,3,[0.29411765 0.52941176 0.71470588 0.85764706],3
3767,334873,334873,1,[1.  1.8],1
3768,110409,110409,3,[0.29411765 0.52941176 0.71470588 0.85764706],3
3769,243509,243509,60,"[0.25       0.45       0.6075     0.729      0.820125   0.885735
 0.93002175 0.9565938  0.96855122 0.96855122 0.95886571 0.94143179
 0.91789599 0.88965304 0.85787972 0.82356453 0.78753358 0.75047318
 0.71294952 0.67542586 0.63827744 0.60180444 0.56624327 0.53177629
 0.49854027 0.46663369 0.43612303 0.40704816 0.37942703 0.35325965
 0.32853148 0.30521634 0.28327892 0.26267681 0.24336234 0.225284
 0.2083877  0.19261782 0.17791804 0.16423203 0.15150405 0.13967934
 0.12870454 0.1185279  0.10909954 0.10037158 0.09229821 0.08483581
 0.0779429  0.07158021 0.06571063 0.06029917 0.05531289 0.05072088
 0.04649414 0.04260554 0.03902972 0.035743   0.03272334 0.02995017
 0.02740441]",60
3770,70832,70832,3,[0.29411765 0.52941176 0.71470588 0.85764706],3
3771,321792,321792,1,[1.  1.8],1
3772,33321,33321,3,[0.29411765 0.52941176 0.71470588 0.85764706],3
3773,128070,128070,30,"[0.25       0.45       0.6075     0.729      0.820125   0.885735
 0.93002175 0.9565938  0.96855122 0.96855122 0.95886571 0.94143179
 0.91789599 0.88965304 0.85787972 0.82356453 0.78753358 0.75047318
 0.71294952 0.67542586 0.63827744 0.60180444 0.56624327 0.53177629
 0.49854027 0.46663369 0.43612303 0.40704816 0.37942703 0.35325965
 0.32853148]",30
3774,78923,78923,1,[1.  1.8],1
3775,74876,74876,6,[1.       1.8      2.43     2.916    3.2805   3.54294  3.720087],6
3776,259888,259888,1,[1.  1.8],1
3777,176332,176332,9,"[1.         1.8        2.43       2.916      3.2805     3.54294
 3.720087   3.8263752  3.87420489]",8
3778,297415,297415,9,"[1.         1.8        2.43       2.916      3.2805     3.54294
 3.720087   3.8263752  3.87420489]",8
3779,18392,18392,30,"[0.25       0.45       0.6075     0.729      0.820125   0.885735
 0.93002175 0.9565938  0.96855122 0.96855122 0.95886571 0.94143179
 0.91789599 0.88965304 0.85787972 0.82356453 0.78753358 0.75047318
 0.71294952 0.67542586 0.63827744 0.60180444 0.56624327 0.53177629
 0.49854027 0.46663369 0.43612303 0.40704816 0.37942703 0.35325965
 0.32853148]",30
3780,169526,169526,60,"[0.25       0.45       0.6075     0.729      0.820125   0.885735
 0.93002175 0.9565938  0.96855122 0.96855122 0.95886571 0.94143179
 0.91789599 0.88965304 0.85787972 0.82356453 0.78753358 0.75047318
 0.71294952 0.67542586 0.63827744 0.60180444 0.56624327 0.53177629
 0.49854027 0.46663369 0.43612303 0.40704816 0.37942703 0.35325965
 0.32853148 0.30521634 0.28327892 0.26267681 0.24336234 0.225284
 0.2083877  0.19261782 0.17791804 0.16423203 0.15150405 0.13967934
 0.12870454 0.1185279  0.10909954 0.10037158 0.09229821 0.08483581
 0.0779429  0.07158021 0.06571063 0.06029917 0.05531289 0.05072088
 0.04649414 0.04260554 0.03902972 0.035743   0.03272334 0.02995017
 0.02740441]",60
3781,90969,90969,9,"[1.         1.8        2.43       2.916      3.2805     3.54294
 3.720087   3.8263752  3.87420489]",8
3782,2736,2736,9,"[1.         1.8        2.43       2.916      3.2805     3.54294
 3.720087   3.8263752  3.87420489]",8
3783,274504,274504,3,[0.29411765 0.52941176 0.71470588 0.85764706],3
3784,227119,227119,60,"[0.25       0.45       0.6075     0.729      0.820125   0.885735
 0.93002175 0.9565938  0.96855122 0.96855122 0.95886571 0.94143179
 0.91789599 0.88965304 0.85787972 0.82356453 0.78753358 0.75047318
 0.71294952 0.67542586 0.63827744 0.60180444 0.56624327 0.53177629
 0.49854027 0.46663369 0.43612303 0.40704816 0.37942703 0.35325965
 0.32853148 0.30521634 0.28327892 0.26267681 0.24336234 0.225284
 0.2083877  0.19261782 0.17791804 0.16423203 0.15150405 0.13967934
 0.12870454 0.1185279  0.10909954 0.10037158 0.09229821 0.08483581
 0.0779429  0.07158021 0.06571063 0.06029917 0.05531289 0.05072088
 0.04649414 0.04260554 0.03902972 0.035743   0.03272334 0.02995017
 0.02740441]",60
3785,340702,340702,6,[1.       1.8      2.43     2.916    3.2805   3.54294  3.720087],6
3786,206637,206637,9,"[1.         1.8        2.43       2.916      3.2805     3.54294
 3.720087   3.8263752  3.87420489]",8
3787,346909,346909,60,"[0.25       0.45       0.6075     0.729      0.820125   0.885735
 0.93002175 0.9565938  0.96855122 0.96855122 0.95886571 0.94143179
 0.91789599 0.88965304 0.85787972 0.82356453 0.78753358 0.75047318
 0.71294952 0.67542586 0.63827744 0.60180444 0.56624327 0.53177629
 0.49854027 0.46663369 0.43612303 0.40704816 0.37942703 0.35325965
 0.32853148 0.30521634 0.28327892 0.26267681 0.24336234 0.225284
 0.2083877  0.19261782 0.17791804 0.16423203 0.15150405 0.13967934
 0.12870454 0.1185279  0.10909954 0.10037158 0.09229821 0.08483581
 0.0779429  0.07158021 0.06571063 0.06029917 0.05531289 0.05072088
 0.04649414 0.04260554 0.03902972 0.035743   0.03272334 0.02995017
 0.02740441]",60
3788,244117,244117,30,"[0.25       0.45       0.6075     0.729      0.820125   0.885735
 0.93002175 0.9565938  0.96855122 0.96855122 0.95886571 0.94143179
 0.91789599 0.88965304 0.85787972 0.82356453 0.78753358 0.75047318
 0.71294952 0.67542586 0.63827744 0.60180444 0.56624327 0.53177629
 0.49854027 0.46663369 0.43612303 0.40704816 0.37942703 0.35325965
 0.32853148]",30
3789,42536,42536,6,[1.       1.8      2.43     2.916    3.2805   3.54294  3.720087],6
3790,179560,179560,6,[1.       1.8      2.43     2.916    3.2805   3.54294  3.720087],6
3791,267689,267689,9,"[1.         1.8        2.43       2.916      3.2805     3.54294
 3.720087   3.8263752  3.87420489]",8
3792,188092,188092,9,"[1.         1.8        2.43       2.916      3.2805     3.54294
 3.720087   3.8263752  3.87420489]",8
3793,134985,134985,1,[1.  1.8],1
3794,3771,3771,3,[0.29411765 0.52941176 0.71470588 0.85764706],3
3795,346398,346398,3,[0.29411765 0.52941176 0.71470588 0.85764706],3
3796,262208,262208,60,"[0.25       0.45       0.6075     0.729      0.820125   0.885735
 0.93002175 0.9565938  0.96855122 0.96855122 0.95886571 0.94143179
 0.91789599 0.88965304 0.85787972 0.82356453 0.78753358 0.75047318
 0.71294952 0.67542586 0.63827744 0.60180444 0.56624327 0.53177629
 0.49854027 0.46663369 0.43612303 0.40704816 0.37942703 0.35325965
 0.32853148 0.30521634 0.28327892 0.26267681 0.24336234 0.225284
 0.2083877  0.19261782 0.17791804 0.16423203 0.15150405 0.13967934
 0.12870454 0.1185279  0.10909954 0.10037158 0.09229821 0.08483581
 0.0779429  0.07158021 0.06571063 0.06029917 0.05531289 0.05072088
 0.04649414 0.04260554 0.03902972 0.035743   0.03272334 0.02995017
 0.02740441]",60
3797,112070,112070,6,[1.       1.8      2.43     2.916    3.2805   3.54294  3.720087],6
3798,119725,119725,3,[0.29411765 0.52941176 0.71470588 0.85764706],3
3799,67653,67653,6,[1.       1.8      2.43     2.916    3.2805   3.54294  3.720087],6
3800,227478,227478,1,[1.  1.8],1
3801,127597,127597,1,[1.  1.8],1
3802,48840,48840,9,"[1.         1.8        2.43       2.916      3.2805     3.54294
 3.720087   3.8263752  3.87420489]",8
3803,240307,240307,60,"[0.25       0.45       0.6075     0.729      0.820125   0.885735
 0.93002175 0.9565938  0.96855122 0.96855122 0.95886571 0.94143179
 0.91789599 0.88965304 0.85787972 0.82356453 0.78753358 0.75047318
 0.71294952 0.67542586 0.63827744 0.60180444 0.56624327 0.53177629
 0.49854027 0.46663369 0.43612303 0.40704816 0.37942703 0.35325965
 0.32853148 0.30521634 0.28327892 0.26267681 0.24336234 0.225284
 0.2083877  0.19261782 0.17791804 0.16423203 0.15150405 0.13967934
 0.12870454 0.1185279  0.10909954 0.10037158 0.09229821 0.08483581
 0.0779429  0.07158021 0.06571063 0.06029917 0.05531289 0.05072088
 0.04649414 0.04260554 0.03902972 0.035743   0.03272334 0.02995017
 0.02740441]",60
3804,330396,330396,1,[1.  1.8],1
3805,211662,211662,6,[1.       1.8      2.43     2.916    3.2805   3.54294  3.720087],6
3806,223281,223281,60,"[0.25       0.45       0.6075     0.729      0.820125   0.885735
 0.93002175 0.9565938  0.96855122 0.96855122 0.95886571 0.94143179
 0.91789599 0.88965304 0.85787972 0.82356453 0.78753358 0.75047318
 0.71294952 0.67542586 0.63827744 0.60180444 0.56624327 0.53177629
 0.49854027 0.46663369 0.43612303 0.40704816 0.37942703 0.35325965
 0.32853148 0.30521634 0.28327892 0.26267681 0.24336234 0.225284
 0.2083877  0.19261782 0.17791804 0.16423203 0.15150405 0.13967934
 0.12870454 0.1185279  0.10909954 0.10037158 0.09229821 0.08483581
 0.0779429  0.07158021 0.06571063 0.06029917 0.05531289 0.05072088
 0.04649414 0.04260554 0.03902972 0.035743   0.03272334 0.02995017
 0.02740441]",60
3807,235582,235582,3,[0.29411765 0.52941176 0.71470588 0.85764706],3
3808,170730,170730,1,[1.  1.8],1
3809,72691,72691,1,[1.  1.8],1
3810,61730,61730,9,"[1.         1.8        2.43       2.916      3.2805     3.54294
 3.720087   3.8263752  3.87420489]",8
3811,350681,350681,3,[0.29411765 0.52941176 0.71470588 0.85764706],3
3812,241095,241095,1,[1.  1.8],1
3813,112409,112409,9,"[1.         1.8        2.43       2.916      3.2805     3.54294
 3.720087   3.8263752  3.87420489]",8
3814,95169,95169,60,"[0.25       0.45       0.6075     0.729      0.820125   0.885735
 0.93002175 0.9565938  0.96855122 0.96855122 0.95886571 0.94143179
 0.91789599 0.88965304 0.85787972 0.82356453 0.78753358 0.75047318
 0.71294952 0.67542586 0.63827744 0.60180444 0.56624327 0.53177629
 0.49854027 0.46663369 0.43612303 0.40704816 0.37942703 0.35325965
 0.32853148 0.30521634 0.28327892 0.26267681 0.24336234 0.225284
 0.2083877  0.19261782 0.17791804 0.16423203 0.15150405 0.13967934
 0.12870454 0.1185279  0.10909954 0.10037158 0.09229821 0.08483581
 0.0779429  0.07158021 0.06571063 0.06029917 0.05531289 0.05072088
 0.04649414 0.04260554 0.03902972 0.035743   0.03272334 0.02995017
 0.02740441]",60
3815,160480,160480,6,[1.       1.8      2.43     2.916    3.2805   3.54294  3.720087],6
3816,9192,9192,9,"[1.         1.8        2.43       2.916      3.2805     3.54294
 3.720087   3.8263752  3.87420489]",8
3817,283816,283816,6,[1.       1.8      2.43     2.916    3.2805   3.54294  3.720087],6
3818,170495,170495,3,[0.29411765 0.52941176 0.71470588 0.85764706],3
3819,184386,184386,60,"[0.25       0.45       0.6075     0.729      0.820125   0.885735
 0.93002175 0.9565938  0.96855122 0.96855122 0.95886571 0.94143179
 0.91789599 0.88965304 0.85787972 0.82356453 0.78753358 0.75047318
 0.71294952 0.67542586 0.63827744 0.60180444 0.56624327 0.53177629
 0.49854027 0.46663369 0.43612303 0.40704816 0.37942703 0.35325965
 0.32853148 0.30521634 0.28327892 0.26267681 0.24336234 0.225284
 0.2083877  0.19261782 0.17791804 0.16423203 0.15150405 0.13967934
 0.12870454 0.1185279  0.10909954 0.10037158 0.09229821 0.08483581
 0.0779429  0.07158021 0.06571063 0.06029917 0.05531289 0.05072088
 0.04649414 0.04260554 0.03902972 0.035743   0.03272334 0.02995017
 0.02740441]",60
3820,279854,279854,6,[1.       1.8      2.43     2.916    3.2805   3.54294  3.720087],6
3821,266889,266889,9,"[1.         1.8        2.43       2.916      3.2805     3.54294
 3.720087   3.8263752  3.87420489]",8
3822,289943,289943,9,"[1.         1.8        2.43       2.916      3.2805     3.54294
 3.720087   3.8263752  3.87420489]",8
3823,225181,225181,60,"[0.25       0.45       0.6075     0.729      0.820125   0.885735
 0.93002175 0.9565938  0.96855122 0.96855122 0.95886571 0.94143179
 0.91789599 0.88965304 0.85787972 0.82356453 0.78753358 0.75047318
 0.71294952 0.67542586 0.63827744 0.60180444 0.56624327 0.53177629
 0.49854027 0.46663369 0.43612303 0.40704816 0.37942703 0.35325965
 0.32853148 0.30521634 0.28327892 0.26267681 0.24336234 0.225284
 0.2083877  0.19261782 0.17791804 0.16423203 0.15150405 0.13967934
 0.12870454 0.1185279  0.10909954 0.10037158 0.09229821 0.08483581
 0.0779429  0.07158021 0.06571063 0.06029917 0.05531289 0.05072088
 0.04649414 0.04260554 0.03902972 0.035743   0.03272334 0.02995017
 0.02740441]",60
3824,268344,268344,6,[1.       1.8      2.43     2.916    3.2805   3.54294  3.720087],6
3825,81202,81202,9,"[1.         1.8        2.43       2.916      3.2805     3.54294
 3.720087   3.8263752  3.87420489]",8
3826,254481,254481,9,"[1.         1.8        2.43       2.916      3.2805     3.54294
 3.720087   3.8263752  3.87420489]",8
3827,185589,185589,9,"[1.         1.8        2.43       2.916      3.2805     3.54294
 3.720087   3.8263752  3.87420489]",8
3828,92122,92122,60,"[0.25       0.45       0.6075     0.729      0.820125   0.885735
 0.93002175 0.9565938  0.96855122 0.96855122 0.95886571 0.94143179
 0.91789599 0.88965304 0.85787972 0.82356453 0.78753358 0.75047318
 0.71294952 0.67542586 0.63827744 0.60180444 0.56624327 0.53177629
 0.49854027 0.46663369 0.43612303 0.40704816 0.37942703 0.35325965
 0.32853148 0.30521634 0.28327892 0.26267681 0.24336234 0.225284
 0.2083877  0.19261782 0.17791804 0.16423203 0.15150405 0.13967934
 0.12870454 0.1185279  0.10909954 0.10037158 0.09229821 0.08483581
 0.0779429  0.07158021 0.06571063 0.06029917 0.05531289 0.05072088
 0.04649414 0.04260554 0.03902972 0.035743   0.03272334 0.02995017
 0.02740441]",60
3829,235188,235188,30,"[0.25       0.45       0.6075     0.729      0.820125   0.885735
 0.93002175 0.9565938  0.96855122 0.96855122 0.95886571 0.94143179
 0.91789599 0.88965304 0.85787972 0.82356453 0.78753358 0.75047318
 0.71294952 0.67542586 0.63827744 0.60180444 0.56624327 0.53177629
 0.49854027 0.46663369 0.43612303 0.40704816 0.37942703 0.35325965
 0.32853148]",30
3830,36179,36179,60,"[0.25       0.45       0.6075     0.729      0.820125   0.885735
 0.93002175 0.9565938  0.96855122 0.96855122 0.95886571 0.94143179
 0.91789599 0.88965304 0.85787972 0.82356453 0.78753358 0.75047318
 0.71294952 0.67542586 0.63827744 0.60180444 0.56624327 0.53177629
 0.49854027 0.46663369 0.43612303 0.40704816 0.37942703 0.35325965
 0.32853148 0.30521634 0.28327892 0.26267681 0.24336234 0.225284
 0.2083877  0.19261782 0.17791804 0.16423203 0.15150405 0.13967934
 0.12870454 0.1185279  0.10909954 0.10037158 0.09229821 0.08483581
 0.0779429  0.07158021 0.06571063 0.06029917 0.05531289 0.05072088
 0.04649414 0.04260554 0.03902972 0.035743   0.03272334 0.02995017
 0.02740441]",60
3831,250628,250628,6,[1.       1.8      2.43     2.916    3.2805   3.54294  3.720087],6
3832,236233,236233,30,"[0.25       0.45       0.6075     0.729      0.820125   0.885735
 0.93002175 0.9565938  0.96855122 0.96855122 0.95886571 0.94143179
 0.91789599 0.88965304 0.85787972 0.82356453 0.78753358 0.75047318
 0.71294952 0.67542586 0.63827744 0.60180444 0.56624327 0.53177629
 0.49854027 0.46663369 0.43612303 0.40704816 0.37942703 0.35325965
 0.32853148]",30
3833,330665,330665,60,"[0.25       0.45       0.6075     0.729      0.820125   0.885735
 0.93002175 0.9565938  0.96855122 0.96855122 0.95886571 0.94143179
 0.91789599 0.88965304 0.85787972 0.82356453 0.78753358 0.75047318
 0.71294952 0.67542586 0.63827744 0.60180444 0.56624327 0.53177629
 0.49854027 0.46663369 0.43612303 0.40704816 0.37942703 0.35325965
 0.32853148 0.30521634 0.28327892 0.26267681 0.24336234 0.225284
 0.2083877  0.19261782 0.17791804 0.16423203 0.15150405 0.13967934
 0.12870454 0.1185279  0.10909954 0.10037158 0.09229821 0.08483581
 0.0779429  0.07158021 0.06571063 0.06029917 0.05531289 0.05072088
 0.04649414 0.04260554 0.03902972 0.035743   0.03272334 0.02995017
 0.02740441]",60
3834,231544,231544,30,"[0.25       0.45       0.6075     0.729      0.820125   0.885735
 0.93002175 0.9565938  0.96855122 0.96855122 0.95886571 0.94143179
 0.91789599 0.88965304 0.85787972 0.82356453 0.78753358 0.75047318
 0.71294952 0.67542586 0.63827744 0.60180444 0.56624327 0.53177629
 0.49854027 0.46663369 0.43612303 0.40704816 0.37942703 0.35325965
 0.32853148]",30
3835,251626,251626,3,[0.29411765 0.52941176 0.71470588 0.85764706],3
3836,67508,67508,1,[1.  1.8],1
3837,66544,66544,1,[1.  1.8],1
3838,225324,225324,6,[1.       1.8      2.43     2.916    3.2805   3.54294  3.720087],6
3839,61864,61864,60,"[0.25       0.45       0.6075     0.729      0.820125   0.885735
 0.93002175 0.9565938  0.96855122 0.96855122 0.95886571 0.94143179
 0.91789599 0.88965304 0.85787972 0.82356453 0.78753358 0.75047318
 0.71294952 0.67542586 0.63827744 0.60180444 0.56624327 0.53177629
 0.49854027 0.46663369 0.43612303 0.40704816 0.37942703 0.35325965
 0.32853148 0.30521634 0.28327892 0.26267681 0.24336234 0.225284
 0.2083877  0.19261782 0.17791804 0.16423203 0.15150405 0.13967934
 0.12870454 0.1185279  0.10909954 0.10037158 0.09229821 0.08483581
 0.0779429  0.07158021 0.06571063 0.06029917 0.05531289 0.05072088
 0.04649414 0.04260554 0.03902972 0.035743   0.03272334 0.02995017
 0.02740441]",60
3840,102617,102617,30,"[0.25       0.45       0.6075     0.729      0.820125   0.885735
 0.93002175 0.9565938  0.96855122 0.96855122 0.95886571 0.94143179
 0.91789599 0.88965304 0.85787972 0.82356453 0.78753358 0.75047318
 0.71294952 0.67542586 0.63827744 0.60180444 0.56624327 0.53177629
 0.49854027 0.46663369 0.43612303 0.40704816 0.37942703 0.35325965
 0.32853148]",30
3841,68962,68962,1,[1.  1.8],1
3842,75968,75968,60,"[0.25       0.45       0.6075     0.729      0.820125   0.885735
 0.93002175 0.9565938  0.96855122 0.96855122 0.95886571 0.94143179
 0.91789599 0.88965304 0.85787972 0.82356453 0.78753358 0.75047318
 0.71294952 0.67542586 0.63827744 0.60180444 0.56624327 0.53177629
 0.49854027 0.46663369 0.43612303 0.40704816 0.37942703 0.35325965
 0.32853148 0.30521634 0.28327892 0.26267681 0.24336234 0.225284
 0.2083877  0.19261782 0.17791804 0.16423203 0.15150405 0.13967934
 0.12870454 0.1185279  0.10909954 0.10037158 0.09229821 0.08483581
 0.0779429  0.07158021 0.06571063 0.06029917 0.05531289 0.05072088
 0.04649414 0.04260554 0.03902972 0.035743   0.03272334 0.02995017
 0.02740441]",60
3843,190539,190539,3,[0.29411765 0.52941176 0.71470588 0.85764706],3
3844,189345,189345,6,[1.       1.8      2.43     2.916    3.2805   3.54294  3.720087],6
3845,81481,81481,60,"[0.25       0.45       0.6075     0.729      0.820125   0.885735
 0.93002175 0.9565938  0.96855122 0.96855122 0.95886571 0.94143179
 0.91789599 0.88965304 0.85787972 0.82356453 0.78753358 0.75047318
 0.71294952 0.67542586 0.63827744 0.60180444 0.56624327 0.53177629
 0.49854027 0.46663369 0.43612303 0.40704816 0.37942703 0.35325965
 0.32853148 0.30521634 0.28327892 0.26267681 0.24336234 0.225284
 0.2083877  0.19261782 0.17791804 0.16423203 0.15150405 0.13967934
 0.12870454 0.1185279  0.10909954 0.10037158 0.09229821 0.08483581
 0.0779429  0.07158021 0.06571063 0.06029917 0.05531289 0.05072088
 0.04649414 0.04260554 0.03902972 0.035743   0.03272334 0.02995017
 0.02740441]",60
3846,134574,134574,60,"[0.25       0.45       0.6075     0.729      0.820125   0.885735
 0.93002175 0.9565938  0.96855122 0.96855122 0.95886571 0.94143179
 0.91789599 0.88965304 0.85787972 0.82356453 0.78753358 0.75047318
 0.71294952 0.67542586 0.63827744 0.60180444 0.56624327 0.53177629
 0.49854027 0.46663369 0.43612303 0.40704816 0.37942703 0.35325965
 0.32853148 0.30521634 0.28327892 0.26267681 0.24336234 0.225284
 0.2083877  0.19261782 0.17791804 0.16423203 0.15150405 0.13967934
 0.12870454 0.1185279  0.10909954 0.10037158 0.09229821 0.08483581
 0.0779429  0.07158021 0.06571063 0.06029917 0.05531289 0.05072088
 0.04649414 0.04260554 0.03902972 0.035743   0.03272334 0.02995017
 0.02740441]",60
3847,128025,128025,3,[0.29411765 0.52941176 0.71470588 0.85764706],3
3848,255166,255166,9,"[1.         1.8        2.43       2.916      3.2805     3.54294
 3.720087   3.8263752  3.87420489]",8
3849,286019,286019,60,"[0.25       0.45       0.6075     0.729      0.820125   0.885735
 0.93002175 0.9565938  0.96855122 0.96855122 0.95886571 0.94143179
 0.91789599 0.88965304 0.85787972 0.82356453 0.78753358 0.75047318
 0.71294952 0.67542586 0.63827744 0.60180444 0.56624327 0.53177629
 0.49854027 0.46663369 0.43612303 0.40704816 0.37942703 0.35325965
 0.32853148 0.30521634 0.28327892 0.26267681 0.24336234 0.225284
 0.2083877  0.19261782 0.17791804 0.16423203 0.15150405 0.13967934
 0.12870454 0.1185279  0.10909954 0.10037158 0.09229821 0.08483581
 0.0779429  0.07158021 0.06571063 0.06029917 0.05531289 0.05072088
 0.04649414 0.04260554 0.03902972 0.035743   0.03272334 0.02995017
 0.02740441]",60
3850,29398,29398,1,[1.  1.8],1
3851,303186,303186,9,"[1.         1.8        2.43       2.916      3.2805     3.54294
 3.720087   3.8263752  3.87420489]",8
3852,212716,212716,6,[1.       1.8      2.43     2.916    3.2805   3.54294  3.720087],6
3853,145500,145500,1,[1.  1.8],1
3854,256458,256458,3,[0.29411765 0.52941176 0.71470588 0.85764706],3
3855,165964,165964,1,[1.  1.8],1
3856,227351,227351,6,[1.       1.8      2.43     2.916    3.2805   3.54294  3.720087],6
3857,178604,178604,9,"[1.         1.8        2.43       2.916      3.2805     3.54294
 3.720087   3.8263752  3.87420489]",8
3858,38593,38593,1,[1.  1.8],1
3859,318430,318430,6,[1.       1.8      2.43     2.916    3.2805   3.54294  3.720087],6
3860,305122,305122,6,[1.       1.8      2.43     2.916    3.2805   3.54294  3.720087],6
3861,132403,132403,1,[1.  1.8],1
3862,330459,330459,30,"[0.25       0.45       0.6075     0.729      0.820125   0.885735
 0.93002175 0.9565938  0.96855122 0.96855122 0.95886571 0.94143179
 0.91789599 0.88965304 0.85787972 0.82356453 0.78753358 0.75047318
 0.71294952 0.67542586 0.63827744 0.60180444 0.56624327 0.53177629
 0.49854027 0.46663369 0.43612303 0.40704816 0.37942703 0.35325965
 0.32853148]",30
3863,68853,68853,60,"[0.25       0.45       0.6075     0.729      0.820125   0.885735
 0.93002175 0.9565938  0.96855122 0.96855122 0.95886571 0.94143179
 0.91789599 0.88965304 0.85787972 0.82356453 0.78753358 0.75047318
 0.71294952 0.67542586 0.63827744 0.60180444 0.56624327 0.53177629
 0.49854027 0.46663369 0.43612303 0.40704816 0.37942703 0.35325965
 0.32853148 0.30521634 0.28327892 0.26267681 0.24336234 0.225284
 0.2083877  0.19261782 0.17791804 0.16423203 0.15150405 0.13967934
 0.12870454 0.1185279  0.10909954 0.10037158 0.09229821 0.08483581
 0.0779429  0.07158021 0.06571063 0.06029917 0.05531289 0.05072088
 0.04649414 0.04260554 0.03902972 0.035743   0.03272334 0.02995017
 0.02740441]",60
3864,80141,80141,60,"[0.25       0.45       0.6075     0.729      0.820125   0.885735
 0.93002175 0.9565938  0.96855122 0.96855122 0.95886571 0.94143179
 0.91789599 0.88965304 0.85787972 0.82356453 0.78753358 0.75047318
 0.71294952 0.67542586 0.63827744 0.60180444 0.56624327 0.53177629
 0.49854027 0.46663369 0.43612303 0.40704816 0.37942703 0.35325965
 0.32853148 0.30521634 0.28327892 0.26267681 0.24336234 0.225284
 0.2083877  0.19261782 0.17791804 0.16423203 0.15150405 0.13967934
 0.12870454 0.1185279  0.10909954 0.10037158 0.09229821 0.08483581
 0.0779429  0.07158021 0.06571063 0.06029917 0.05531289 0.05072088
 0.04649414 0.04260554 0.03902972 0.035743   0.03272334 0.02995017
 0.02740441]",60
3865,182690,182690,3,[0.29411765 0.52941176 0.71470588 0.85764706],3
3866,287477,287477,1,[1.  1.8],1
3867,49590,49590,60,"[0.25       0.45       0.6075     0.729      0.820125   0.885735
 0.93002175 0.9565938  0.96855122 0.96855122 0.95886571 0.94143179
 0.91789599 0.88965304 0.85787972 0.82356453 0.78753358 0.75047318
 0.71294952 0.67542586 0.63827744 0.60180444 0.56624327 0.53177629
 0.49854027 0.46663369 0.43612303 0.40704816 0.37942703 0.35325965
 0.32853148 0.30521634 0.28327892 0.26267681 0.24336234 0.225284
 0.2083877  0.19261782 0.17791804 0.16423203 0.15150405 0.13967934
 0.12870454 0.1185279  0.10909954 0.10037158 0.09229821 0.08483581
 0.0779429  0.07158021 0.06571063 0.06029917 0.05531289 0.05072088
 0.04649414 0.04260554 0.03902972 0.035743   0.03272334 0.02995017
 0.02740441]",60
3868,283342,283342,9,"[1.         1.8        2.43       2.916      3.2805     3.54294
 3.720087   3.8263752  3.87420489]",8
3869,345233,345233,1,[1.  1.8],1
3870,46485,46485,30,"[0.25       0.45       0.6075     0.729      0.820125   0.885735
 0.93002175 0.9565938  0.96855122 0.96855122 0.95886571 0.94143179
 0.91789599 0.88965304 0.85787972 0.82356453 0.78753358 0.75047318
 0.71294952 0.67542586 0.63827744 0.60180444 0.56624327 0.53177629
 0.49854027 0.46663369 0.43612303 0.40704816 0.37942703 0.35325965
 0.32853148]",30
3871,17948,17948,1,[1.  1.8],1
3872,168835,168835,30,"[0.25       0.45       0.6075     0.729      0.820125   0.885735
 0.93002175 0.9565938  0.96855122 0.96855122 0.95886571 0.94143179
 0.91789599 0.88965304 0.85787972 0.82356453 0.78753358 0.75047318
 0.71294952 0.67542586 0.63827744 0.60180444 0.56624327 0.53177629
 0.49854027 0.46663369 0.43612303 0.40704816 0.37942703 0.35325965
 0.32853148]",30
3873,314217,314217,3,[0.29411765 0.52941176 0.71470588 0.85764706],3
3874,244919,244919,9,"[1.         1.8        2.43       2.916      3.2805     3.54294
 3.720087   3.8263752  3.87420489]",8
3875,270214,270214,60,"[0.25       0.45       0.6075     0.729      0.820125   0.885735
 0.93002175 0.9565938  0.96855122 0.96855122 0.95886571 0.94143179
 0.91789599 0.88965304 0.85787972 0.82356453 0.78753358 0.75047318
 0.71294952 0.67542586 0.63827744 0.60180444 0.56624327 0.53177629
 0.49854027 0.46663369 0.43612303 0.40704816 0.37942703 0.35325965
 0.32853148 0.30521634 0.28327892 0.26267681 0.24336234 0.225284
 0.2083877  0.19261782 0.17791804 0.16423203 0.15150405 0.13967934
 0.12870454 0.1185279  0.10909954 0.10037158 0.09229821 0.08483581
 0.0779429  0.07158021 0.06571063 0.06029917 0.05531289 0.05072088
 0.04649414 0.04260554 0.03902972 0.035743   0.03272334 0.02995017
 0.02740441]",60
3876,133415,133415,30,"[0.25       0.45       0.6075     0.729      0.820125   0.885735
 0.93002175 0.9565938  0.96855122 0.96855122 0.95886571 0.94143179
 0.91789599 0.88965304 0.85787972 0.82356453 0.78753358 0.75047318
 0.71294952 0.67542586 0.63827744 0.60180444 0.56624327 0.53177629
 0.49854027 0.46663369 0.43612303 0.40704816 0.37942703 0.35325965
 0.32853148]",30
3877,326647,326647,1,[1.  1.8],1
3878,323435,323435,9,"[1.         1.8        2.43       2.916      3.2805     3.54294
 3.720087   3.8263752  3.87420489]",8
3879,262468,262468,6,[1.       1.8      2.43     2.916    3.2805   3.54294  3.720087],6
3880,110377,110377,30,"[0.25       0.45       0.6075     0.729      0.820125   0.885735
 0.93002175 0.9565938  0.96855122 0.96855122 0.95886571 0.94143179
 0.91789599 0.88965304 0.85787972 0.82356453 0.78753358 0.75047318
 0.71294952 0.67542586 0.63827744 0.60180444 0.56624327 0.53177629
 0.49854027 0.46663369 0.43612303 0.40704816 0.37942703 0.35325965
 0.32853148]",30
3881,58397,58397,6,[1.       1.8      2.43     2.916    3.2805   3.54294  3.720087],6
3882,59095,59095,9,"[1.         1.8        2.43       2.916      3.2805     3.54294
 3.720087   3.8263752  3.87420489]",8
3883,204938,204938,3,[0.29411765 0.52941176 0.71470588 0.85764706],3
3884,251000,251000,6,[1.       1.8      2.43     2.916    3.2805   3.54294  3.720087],6
3885,266825,266825,30,"[0.25       0.45       0.6075     0.729      0.820125   0.885735
 0.93002175 0.9565938  0.96855122 0.96855122 0.95886571 0.94143179
 0.91789599 0.88965304 0.85787972 0.82356453 0.78753358 0.75047318
 0.71294952 0.67542586 0.63827744 0.60180444 0.56624327 0.53177629
 0.49854027 0.46663369 0.43612303 0.40704816 0.37942703 0.35325965
 0.32853148]",30
3886,259888,259888,3,[0.29411765 0.52941176 0.71470588 0.85764706],3
3887,99361,99361,60,"[0.25       0.45       0.6075     0.729      0.820125   0.885735
 0.93002175 0.9565938  0.96855122 0.96855122 0.95886571 0.94143179
 0.91789599 0.88965304 0.85787972 0.82356453 0.78753358 0.75047318
 0.71294952 0.67542586 0.63827744 0.60180444 0.56624327 0.53177629
 0.49854027 0.46663369 0.43612303 0.40704816 0.37942703 0.35325965
 0.32853148 0.30521634 0.28327892 0.26267681 0.24336234 0.225284
 0.2083877  0.19261782 0.17791804 0.16423203 0.15150405 0.13967934
 0.12870454 0.1185279  0.10909954 0.10037158 0.09229821 0.08483581
 0.0779429  0.07158021 0.06571063 0.06029917 0.05531289 0.05072088
 0.04649414 0.04260554 0.03902972 0.035743   0.03272334 0.02995017
 0.02740441]",60
3888,322010,322010,6,[1.       1.8      2.43     2.916    3.2805   3.54294  3.720087],6
3889,221100,221100,3,[0.29411765 0.52941176 0.71470588 0.85764706],3
3890,216203,216203,1,[1.  1.8],1
3891,300841,300841,9,"[1.         1.8        2.43       2.916      3.2805     3.54294
 3.720087   3.8263752  3.87420489]",8
3892,25808,25808,3,[0.29411765 0.52941176 0.71470588 0.85764706],3
3893,42950,42950,6,[1.       1.8      2.43     2.916    3.2805   3.54294  3.720087],6
3894,297146,297146,30,"[0.25       0.45       0.6075     0.729      0.820125   0.885735
 0.93002175 0.9565938  0.96855122 0.96855122 0.95886571 0.94143179
 0.91789599 0.88965304 0.85787972 0.82356453 0.78753358 0.75047318
 0.71294952 0.67542586 0.63827744 0.60180444 0.56624327 0.53177629
 0.49854027 0.46663369 0.43612303 0.40704816 0.37942703 0.35325965
 0.32853148]",30
3895,272085,272085,6,[1.       1.8      2.43     2.916    3.2805   3.54294  3.720087],6
3896,207436,207436,3,[0.29411765 0.52941176 0.71470588 0.85764706],3
3897,37040,37040,6,[1.       1.8      2.43     2.916    3.2805   3.54294  3.720087],6
3898,182071,182071,9,"[1.         1.8        2.43       2.916      3.2805     3.54294
 3.720087   3.8263752  3.87420489]",8
3899,34617,34617,3,[0.29411765 0.52941176 0.71470588 0.85764706],3
3900,266175,266175,30,"[0.25       0.45       0.6075     0.729      0.820125   0.885735
 0.93002175 0.9565938  0.96855122 0.96855122 0.95886571 0.94143179
 0.91789599 0.88965304 0.85787972 0.82356453 0.78753358 0.75047318
 0.71294952 0.67542586 0.63827744 0.60180444 0.56624327 0.53177629
 0.49854027 0.46663369 0.43612303 0.40704816 0.37942703 0.35325965
 0.32853148]",30
3901,85140,85140,60,"[0.25       0.45       0.6075     0.729      0.820125   0.885735
 0.93002175 0.9565938  0.96855122 0.96855122 0.95886571 0.94143179
 0.91789599 0.88965304 0.85787972 0.82356453 0.78753358 0.75047318
 0.71294952 0.67542586 0.63827744 0.60180444 0.56624327 0.53177629
 0.49854027 0.46663369 0.43612303 0.40704816 0.37942703 0.35325965
 0.32853148 0.30521634 0.28327892 0.26267681 0.24336234 0.225284
 0.2083877  0.19261782 0.17791804 0.16423203 0.15150405 0.13967934
 0.12870454 0.1185279  0.10909954 0.10037158 0.09229821 0.08483581
 0.0779429  0.07158021 0.06571063 0.06029917 0.05531289 0.05072088
 0.04649414 0.04260554 0.03902972 0.035743   0.03272334 0.02995017
 0.02740441]",60
3902,270805,270805,3,[0.29411765 0.52941176 0.71470588 0.85764706],3
3903,262735,262735,3,[0.29411765 0.52941176 0.71470588 0.85764706],3
3904,149091,149091,6,[1.       1.8      2.43     2.916    3.2805   3.54294  3.720087],6
3905,194078,194078,30,"[0.25       0.45       0.6075     0.729      0.820125   0.885735
 0.93002175 0.9565938  0.96855122 0.96855122 0.95886571 0.94143179
 0.91789599 0.88965304 0.85787972 0.82356453 0.78753358 0.75047318
 0.71294952 0.67542586 0.63827744 0.60180444 0.56624327 0.53177629
 0.49854027 0.46663369 0.43612303 0.40704816 0.37942703 0.35325965
 0.32853148]",30
3906,217414,217414,60,"[0.25       0.45       0.6075     0.729      0.820125   0.885735
 0.93002175 0.9565938  0.96855122 0.96855122 0.95886571 0.94143179
 0.91789599 0.88965304 0.85787972 0.82356453 0.78753358 0.75047318
 0.71294952 0.67542586 0.63827744 0.60180444 0.56624327 0.53177629
 0.49854027 0.46663369 0.43612303 0.40704816 0.37942703 0.35325965
 0.32853148 0.30521634 0.28327892 0.26267681 0.24336234 0.225284
 0.2083877  0.19261782 0.17791804 0.16423203 0.15150405 0.13967934
 0.12870454 0.1185279  0.10909954 0.10037158 0.09229821 0.08483581
 0.0779429  0.07158021 0.06571063 0.06029917 0.05531289 0.05072088
 0.04649414 0.04260554 0.03902972 0.035743   0.03272334 0.02995017
 0.02740441]",60
3907,338796,338796,60,"[0.25       0.45       0.6075     0.729      0.820125   0.885735
 0.93002175 0.9565938  0.96855122 0.96855122 0.95886571 0.94143179
 0.91789599 0.88965304 0.85787972 0.82356453 0.78753358 0.75047318
 0.71294952 0.67542586 0.63827744 0.60180444 0.56624327 0.53177629
 0.49854027 0.46663369 0.43612303 0.40704816 0.37942703 0.35325965
 0.32853148 0.30521634 0.28327892 0.26267681 0.24336234 0.225284
 0.2083877  0.19261782 0.17791804 0.16423203 0.15150405 0.13967934
 0.12870454 0.1185279  0.10909954 0.10037158 0.09229821 0.08483581
 0.0779429  0.07158021 0.06571063 0.06029917 0.05531289 0.05072088
 0.04649414 0.04260554 0.03902972 0.035743   0.03272334 0.02995017
 0.02740441]",60
3908,334364,334364,30,"[0.25       0.45       0.6075     0.729      0.820125   0.885735
 0.93002175 0.9565938  0.96855122 0.96855122 0.95886571 0.94143179
 0.91789599 0.88965304 0.85787972 0.82356453 0.78753358 0.75047318
 0.71294952 0.67542586 0.63827744 0.60180444 0.56624327 0.53177629
 0.49854027 0.46663369 0.43612303 0.40704816 0.37942703 0.35325965
 0.32853148]",30
3909,240376,240376,9,"[1.         1.8        2.43       2.916      3.2805     3.54294
 3.720087   3.8263752  3.87420489]",8
3910,313488,313488,9,"[1.         1.8        2.43       2.916      3.2805     3.54294
 3.720087   3.8263752  3.87420489]",8
3911,64385,64385,30,"[0.25       0.45       0.6075     0.729      0.820125   0.885735
 0.93002175 0.9565938  0.96855122 0.96855122 0.95886571 0.94143179
 0.91789599 0.88965304 0.85787972 0.82356453 0.78753358 0.75047318
 0.71294952 0.67542586 0.63827744 0.60180444 0.56624327 0.53177629
 0.49854027 0.46663369 0.43612303 0.40704816 0.37942703 0.35325965
 0.32853148]",30
3912,300015,300015,1,[1.  1.8],1
3913,144895,144895,30,"[0.25       0.45       0.6075     0.729      0.820125   0.885735
 0.93002175 0.9565938  0.96855122 0.96855122 0.95886571 0.94143179
 0.91789599 0.88965304 0.85787972 0.82356453 0.78753358 0.75047318
 0.71294952 0.67542586 0.63827744 0.60180444 0.56624327 0.53177629
 0.49854027 0.46663369 0.43612303 0.40704816 0.37942703 0.35325965
 0.32853148]",30
3914,111699,111699,1,[1.  1.8],1
3915,161012,161012,3,[0.29411765 0.52941176 0.71470588 0.85764706],3
3916,71207,71207,60,"[0.25       0.45       0.6075     0.729      0.820125   0.885735
 0.93002175 0.9565938  0.96855122 0.96855122 0.95886571 0.94143179
 0.91789599 0.88965304 0.85787972 0.82356453 0.78753358 0.75047318
 0.71294952 0.67542586 0.63827744 0.60180444 0.56624327 0.53177629
 0.49854027 0.46663369 0.43612303 0.40704816 0.37942703 0.35325965
 0.32853148 0.30521634 0.28327892 0.26267681 0.24336234 0.225284
 0.2083877  0.19261782 0.17791804 0.16423203 0.15150405 0.13967934
 0.12870454 0.1185279  0.10909954 0.10037158 0.09229821 0.08483581
 0.0779429  0.07158021 0.06571063 0.06029917 0.05531289 0.05072088
 0.04649414 0.04260554 0.03902972 0.035743   0.03272334 0.02995017
 0.02740441]",60
3917,272678,272678,30,"[0.25       0.45       0.6075     0.729      0.820125   0.885735
 0.93002175 0.9565938  0.96855122 0.96855122 0.95886571 0.94143179
 0.91789599 0.88965304 0.85787972 0.82356453 0.78753358 0.75047318
 0.71294952 0.67542586 0.63827744 0.60180444 0.56624327 0.53177629
 0.49854027 0.46663369 0.43612303 0.40704816 0.37942703 0.35325965
 0.32853148]",30
3918,20066,20066,6,[1.       1.8      2.43     2.916    3.2805   3.54294  3.720087],6
3919,285699,285699,9,"[1.         1.8        2.43       2.916      3.2805     3.54294
 3.720087   3.8263752  3.87420489]",8
3920,16518,16518,6,[1.       1.8      2.43     2.916    3.2805   3.54294  3.720087],6
3921,139831,139831,60,"[0.25       0.45       0.6075     0.729      0.820125   0.885735
 0.93002175 0.9565938  0.96855122 0.96855122 0.95886571 0.94143179
 0.91789599 0.88965304 0.85787972 0.82356453 0.78753358 0.75047318
 0.71294952 0.67542586 0.63827744 0.60180444 0.56624327 0.53177629
 0.49854027 0.46663369 0.43612303 0.40704816 0.37942703 0.35325965
 0.32853148 0.30521634 0.28327892 0.26267681 0.24336234 0.225284
 0.2083877  0.19261782 0.17791804 0.16423203 0.15150405 0.13967934
 0.12870454 0.1185279  0.10909954 0.10037158 0.09229821 0.08483581
 0.0779429  0.07158021 0.06571063 0.06029917 0.05531289 0.05072088
 0.04649414 0.04260554 0.03902972 0.035743   0.03272334 0.02995017
 0.02740441]",60
3922,208099,208099,9,"[1.         1.8        2.43       2.916      3.2805     3.54294
 3.720087   3.8263752  3.87420489]",8
3923,64016,64016,30,"[0.25       0.45       0.6075     0.729      0.820125   0.885735
 0.93002175 0.9565938  0.96855122 0.96855122 0.95886571 0.94143179
 0.91789599 0.88965304 0.85787972 0.82356453 0.78753358 0.75047318
 0.71294952 0.67542586 0.63827744 0.60180444 0.56624327 0.53177629
 0.49854027 0.46663369 0.43612303 0.40704816 0.37942703 0.35325965
 0.32853148]",30
3924,337326,337326,60,"[0.25       0.45       0.6075     0.729      0.820125   0.885735
 0.93002175 0.9565938  0.96855122 0.96855122 0.95886571 0.94143179
 0.91789599 0.88965304 0.85787972 0.82356453 0.78753358 0.75047318
 0.71294952 0.67542586 0.63827744 0.60180444 0.56624327 0.53177629
 0.49854027 0.46663369 0.43612303 0.40704816 0.37942703 0.35325965
 0.32853148 0.30521634 0.28327892 0.26267681 0.24336234 0.225284
 0.2083877  0.19261782 0.17791804 0.16423203 0.15150405 0.13967934
 0.12870454 0.1185279  0.10909954 0.10037158 0.09229821 0.08483581
 0.0779429  0.07158021 0.06571063 0.06029917 0.05531289 0.05072088
 0.04649414 0.04260554 0.03902972 0.035743   0.03272334 0.02995017
 0.02740441]",60
3925,53659,53659,1,[1.  1.8],1
3926,93508,93508,9,"[1.         1.8        2.43       2.916      3.2805     3.54294
 3.720087   3.8263752  3.87420489]",8
3927,276283,276283,30,"[0.25       0.45       0.6075     0.729      0.820125   0.885735
 0.93002175 0.9565938  0.96855122 0.96855122 0.95886571 0.94143179
 0.91789599 0.88965304 0.85787972 0.82356453 0.78753358 0.75047318
 0.71294952 0.67542586 0.63827744 0.60180444 0.56624327 0.53177629
 0.49854027 0.46663369 0.43612303 0.40704816 0.37942703 0.35325965
 0.32853148]",30
3928,6885,6885,3,[0.29411765 0.52941176 0.71470588 0.85764706],3
3929,108287,108287,1,[1.  1.8],1
3930,235503,235503,60,"[0.25       0.45       0.6075     0.729      0.820125   0.885735
 0.93002175 0.9565938  0.96855122 0.96855122 0.95886571 0.94143179
 0.91789599 0.88965304 0.85787972 0.82356453 0.78753358 0.75047318
 0.71294952 0.67542586 0.63827744 0.60180444 0.56624327 0.53177629
 0.49854027 0.46663369 0.43612303 0.40704816 0.37942703 0.35325965
 0.32853148 0.30521634 0.28327892 0.26267681 0.24336234 0.225284
 0.2083877  0.19261782 0.17791804 0.16423203 0.15150405 0.13967934
 0.12870454 0.1185279  0.10909954 0.10037158 0.09229821 0.08483581
 0.0779429  0.07158021 0.06571063 0.06029917 0.05531289 0.05072088
 0.04649414 0.04260554 0.03902972 0.035743   0.03272334 0.02995017
 0.02740441]",60
3931,329399,329399,9,"[1.         1.8        2.43       2.916      3.2805     3.54294
 3.720087   3.8263752  3.87420489]",8
3932,89047,89047,60,"[0.25       0.45       0.6075     0.729      0.820125   0.885735
 0.93002175 0.9565938  0.96855122 0.96855122 0.95886571 0.94143179
 0.91789599 0.88965304 0.85787972 0.82356453 0.78753358 0.75047318
 0.71294952 0.67542586 0.63827744 0.60180444 0.56624327 0.53177629
 0.49854027 0.46663369 0.43612303 0.40704816 0.37942703 0.35325965
 0.32853148 0.30521634 0.28327892 0.26267681 0.24336234 0.225284
 0.2083877  0.19261782 0.17791804 0.16423203 0.15150405 0.13967934
 0.12870454 0.1185279  0.10909954 0.10037158 0.09229821 0.08483581
 0.0779429  0.07158021 0.06571063 0.06029917 0.05531289 0.05072088
 0.04649414 0.04260554 0.03902972 0.035743   0.03272334 0.02995017
 0.02740441]",60
3933,171786,171786,6,[1.       1.8      2.43     2.916    3.2805   3.54294  3.720087],6
3934,239499,239499,1,[1.  1.8],1
3935,155059,155059,3,[0.29411765 0.52941176 0.71470588 0.85764706],3
3936,303179,303179,1,[1.  1.8],1
3937,285746,285746,30,"[0.25       0.45       0.6075     0.729      0.820125   0.885735
 0.93002175 0.9565938  0.96855122 0.96855122 0.95886571 0.94143179
 0.91789599 0.88965304 0.85787972 0.82356453 0.78753358 0.75047318
 0.71294952 0.67542586 0.63827744 0.60180444 0.56624327 0.53177629
 0.49854027 0.46663369 0.43612303 0.40704816 0.37942703 0.35325965
 0.32853148]",30
3938,32101,32101,9,"[1.         1.8        2.43       2.916      3.2805     3.54294
 3.720087   3.8263752  3.87420489]",8
3939,223639,223639,1,[1.  1.8],1
3940,249628,249628,60,"[0.25       0.45       0.6075     0.729      0.820125   0.885735
 0.93002175 0.9565938  0.96855122 0.96855122 0.95886571 0.94143179
 0.91789599 0.88965304 0.85787972 0.82356453 0.78753358 0.75047318
 0.71294952 0.67542586 0.63827744 0.60180444 0.56624327 0.53177629
 0.49854027 0.46663369 0.43612303 0.40704816 0.37942703 0.35325965
 0.32853148 0.30521634 0.28327892 0.26267681 0.24336234 0.225284
 0.2083877  0.19261782 0.17791804 0.16423203 0.15150405 0.13967934
 0.12870454 0.1185279  0.10909954 0.10037158 0.09229821 0.08483581
 0.0779429  0.07158021 0.06571063 0.06029917 0.05531289 0.05072088
 0.04649414 0.04260554 0.03902972 0.035743   0.03272334 0.02995017
 0.02740441]",60
3941,48693,48693,3,[0.29411765 0.52941176 0.71470588 0.85764706],3
3942,315412,315412,3,[0.29411765 0.52941176 0.71470588 0.85764706],3
3943,280204,280204,30,"[0.25       0.45       0.6075     0.729      0.820125   0.885735
 0.93002175 0.9565938  0.96855122 0.96855122 0.95886571 0.94143179
 0.91789599 0.88965304 0.85787972 0.82356453 0.78753358 0.75047318
 0.71294952 0.67542586 0.63827744 0.60180444 0.56624327 0.53177629
 0.49854027 0.46663369 0.43612303 0.40704816 0.37942703 0.35325965
 0.32853148]",30
3944,298591,298591,30,"[0.25       0.45       0.6075     0.729      0.820125   0.885735
 0.93002175 0.9565938  0.96855122 0.96855122 0.95886571 0.94143179
 0.91789599 0.88965304 0.85787972 0.82356453 0.78753358 0.75047318
 0.71294952 0.67542586 0.63827744 0.60180444 0.56624327 0.53177629
 0.49854027 0.46663369 0.43612303 0.40704816 0.37942703 0.35325965
 0.32853148]",30
3945,76297,76297,30,"[0.25       0.45       0.6075     0.729      0.820125   0.885735
 0.93002175 0.9565938  0.96855122 0.96855122 0.95886571 0.94143179
 0.91789599 0.88965304 0.85787972 0.82356453 0.78753358 0.75047318
 0.71294952 0.67542586 0.63827744 0.60180444 0.56624327 0.53177629
 0.49854027 0.46663369 0.43612303 0.40704816 0.37942703 0.35325965
 0.32853148]",30
3946,18182,18182,30,"[0.25       0.45       0.6075     0.729      0.820125   0.885735
 0.93002175 0.9565938  0.96855122 0.96855122 0.95886571 0.94143179
 0.91789599 0.88965304 0.85787972 0.82356453 0.78753358 0.75047318
 0.71294952 0.67542586 0.63827744 0.60180444 0.56624327 0.53177629
 0.49854027 0.46663369 0.43612303 0.40704816 0.37942703 0.35325965
 0.32853148]",30
3947,127141,127141,3,[0.29411765 0.52941176 0.71470588 0.85764706],3
3948,31824,31824,3,[0.29411765 0.52941176 0.71470588 0.85764706],3
3949,60216,60216,60,"[0.25       0.45       0.6075     0.729      0.820125   0.885735
 0.93002175 0.9565938  0.96855122 0.96855122 0.95886571 0.94143179
 0.91789599 0.88965304 0.85787972 0.82356453 0.78753358 0.75047318
 0.71294952 0.67542586 0.63827744 0.60180444 0.56624327 0.53177629
 0.49854027 0.46663369 0.43612303 0.40704816 0.37942703 0.35325965
 0.32853148 0.30521634 0.28327892 0.26267681 0.24336234 0.225284
 0.2083877  0.19261782 0.17791804 0.16423203 0.15150405 0.13967934
 0.12870454 0.1185279  0.10909954 0.10037158 0.09229821 0.08483581
 0.0779429  0.07158021 0.06571063 0.06029917 0.05531289 0.05072088
 0.04649414 0.04260554 0.03902972 0.035743   0.03272334 0.02995017
 0.02740441]",60
3950,205586,205586,6,[1.       1.8      2.43     2.916    3.2805   3.54294  3.720087],6
3951,61313,61313,60,"[0.25       0.45       0.6075     0.729      0.820125   0.885735
 0.93002175 0.9565938  0.96855122 0.96855122 0.95886571 0.94143179
 0.91789599 0.88965304 0.85787972 0.82356453 0.78753358 0.75047318
 0.71294952 0.67542586 0.63827744 0.60180444 0.56624327 0.53177629
 0.49854027 0.46663369 0.43612303 0.40704816 0.37942703 0.35325965
 0.32853148 0.30521634 0.28327892 0.26267681 0.24336234 0.225284
 0.2083877  0.19261782 0.17791804 0.16423203 0.15150405 0.13967934
 0.12870454 0.1185279  0.10909954 0.10037158 0.09229821 0.08483581
 0.0779429  0.07158021 0.06571063 0.06029917 0.05531289 0.05072088
 0.04649414 0.04260554 0.03902972 0.035743   0.03272334 0.02995017
 0.02740441]",60
3952,348903,348903,3,[0.29411765 0.52941176 0.71470588 0.85764706],3
3953,238771,238771,60,"[0.25       0.45       0.6075     0.729      0.820125   0.885735
 0.93002175 0.9565938  0.96855122 0.96855122 0.95886571 0.94143179
 0.91789599 0.88965304 0.85787972 0.82356453 0.78753358 0.75047318
 0.71294952 0.67542586 0.63827744 0.60180444 0.56624327 0.53177629
 0.49854027 0.46663369 0.43612303 0.40704816 0.37942703 0.35325965
 0.32853148 0.30521634 0.28327892 0.26267681 0.24336234 0.225284
 0.2083877  0.19261782 0.17791804 0.16423203 0.15150405 0.13967934
 0.12870454 0.1185279  0.10909954 0.10037158 0.09229821 0.08483581
 0.0779429  0.07158021 0.06571063 0.06029917 0.05531289 0.05072088
 0.04649414 0.04260554 0.03902972 0.035743   0.03272334 0.02995017
 0.02740441]",60
3954,4530,4530,60,"[0.25       0.45       0.6075     0.729      0.820125   0.885735
 0.93002175 0.9565938  0.96855122 0.96855122 0.95886571 0.94143179
 0.91789599 0.88965304 0.85787972 0.82356453 0.78753358 0.75047318
 0.71294952 0.67542586 0.63827744 0.60180444 0.56624327 0.53177629
 0.49854027 0.46663369 0.43612303 0.40704816 0.37942703 0.35325965
 0.32853148 0.30521634 0.28327892 0.26267681 0.24336234 0.225284
 0.2083877  0.19261782 0.17791804 0.16423203 0.15150405 0.13967934
 0.12870454 0.1185279  0.10909954 0.10037158 0.09229821 0.08483581
 0.0779429  0.07158021 0.06571063 0.06029917 0.05531289 0.05072088
 0.04649414 0.04260554 0.03902972 0.035743   0.03272334 0.02995017
 0.02740441]",60
3955,298421,298421,30,"[0.25       0.45       0.6075     0.729      0.820125   0.885735
 0.93002175 0.9565938  0.96855122 0.96855122 0.95886571 0.94143179
 0.91789599 0.88965304 0.85787972 0.82356453 0.78753358 0.75047318
 0.71294952 0.67542586 0.63827744 0.60180444 0.56624327 0.53177629
 0.49854027 0.46663369 0.43612303 0.40704816 0.37942703 0.35325965
 0.32853148]",30
3956,37394,37394,1,[1.  1.8],1
3957,258690,258690,30,"[0.25       0.45       0.6075     0.729      0.820125   0.885735
 0.93002175 0.9565938  0.96855122 0.96855122 0.95886571 0.94143179
 0.91789599 0.88965304 0.85787972 0.82356453 0.78753358 0.75047318
 0.71294952 0.67542586 0.63827744 0.60180444 0.56624327 0.53177629
 0.49854027 0.46663369 0.43612303 0.40704816 0.37942703 0.35325965
 0.32853148]",30
3958,31324,31324,3,[0.29411765 0.52941176 0.71470588 0.85764706],3
3959,136050,136050,9,"[1.         1.8        2.43       2.916      3.2805     3.54294
 3.720087   3.8263752  3.87420489]",8
3960,289649,289649,30,"[0.25       0.45       0.6075     0.729      0.820125   0.885735
 0.93002175 0.9565938  0.96855122 0.96855122 0.95886571 0.94143179
 0.91789599 0.88965304 0.85787972 0.82356453 0.78753358 0.75047318
 0.71294952 0.67542586 0.63827744 0.60180444 0.56624327 0.53177629
 0.49854027 0.46663369 0.43612303 0.40704816 0.37942703 0.35325965
 0.32853148]",30
3961,283407,283407,9,"[1.         1.8        2.43       2.916      3.2805     3.54294
 3.720087   3.8263752  3.87420489]",8
3962,237679,237679,6,[1.       1.8      2.43     2.916    3.2805   3.54294  3.720087],6
3963,337806,337806,3,[0.29411765 0.52941176 0.71470588 0.85764706],3
3964,203924,203924,30,"[0.25       0.45       0.6075     0.729      0.820125   0.885735
 0.93002175 0.9565938  0.96855122 0.96855122 0.95886571 0.94143179
 0.91789599 0.88965304 0.85787972 0.82356453 0.78753358 0.75047318
 0.71294952 0.67542586 0.63827744 0.60180444 0.56624327 0.53177629
 0.49854027 0.46663369 0.43612303 0.40704816 0.37942703 0.35325965
 0.32853148]",30
3965,124270,124270,9,"[1.         1.8        2.43       2.916      3.2805     3.54294
 3.720087   3.8263752  3.87420489]",8
3966,120887,120887,1,[1.  1.8],1
3967,1240,1240,3,[0.29411765 0.52941176 0.71470588 0.85764706],3
3968,308457,308457,6,[1.       1.8      2.43     2.916    3.2805   3.54294  3.720087],6
3969,335173,335173,1,[1.  1.8],1
3970,196804,196804,3,[0.29411765 0.52941176 0.71470588 0.85764706],3
3971,110377,110377,60,"[0.25       0.45       0.6075     0.729      0.820125   0.885735
 0.93002175 0.9565938  0.96855122 0.96855122 0.95886571 0.94143179
 0.91789599 0.88965304 0.85787972 0.82356453 0.78753358 0.75047318
 0.71294952 0.67542586 0.63827744 0.60180444 0.56624327 0.53177629
 0.49854027 0.46663369 0.43612303 0.40704816 0.37942703 0.35325965
 0.32853148 0.30521634 0.28327892 0.26267681 0.24336234 0.225284
 0.2083877  0.19261782 0.17791804 0.16423203 0.15150405 0.13967934
 0.12870454 0.1185279  0.10909954 0.10037158 0.09229821 0.08483581
 0.0779429  0.07158021 0.06571063 0.06029917 0.05531289 0.05072088
 0.04649414 0.04260554 0.03902972 0.035743   0.03272334 0.02995017
 0.02740441]",60
3972,74679,74679,60,"[0.25       0.45       0.6075     0.729      0.820125   0.885735
 0.93002175 0.9565938  0.96855122 0.96855122 0.95886571 0.94143179
 0.91789599 0.88965304 0.85787972 0.82356453 0.78753358 0.75047318
 0.71294952 0.67542586 0.63827744 0.60180444 0.56624327 0.53177629
 0.49854027 0.46663369 0.43612303 0.40704816 0.37942703 0.35325965
 0.32853148 0.30521634 0.28327892 0.26267681 0.24336234 0.225284
 0.2083877  0.19261782 0.17791804 0.16423203 0.15150405 0.13967934
 0.12870454 0.1185279  0.10909954 0.10037158 0.09229821 0.08483581
 0.0779429  0.07158021 0.06571063 0.06029917 0.05531289 0.05072088
 0.04649414 0.04260554 0.03902972 0.035743   0.03272334 0.02995017
 0.02740441]",60
3973,240161,240161,30,"[0.25       0.45       0.6075     0.729      0.820125   0.885735
 0.93002175 0.9565938  0.96855122 0.96855122 0.95886571 0.94143179
 0.91789599 0.88965304 0.85787972 0.82356453 0.78753358 0.75047318
 0.71294952 0.67542586 0.63827744 0.60180444 0.56624327 0.53177629
 0.49854027 0.46663369 0.43612303 0.40704816 0.37942703 0.35325965
 0.32853148]",30
3974,19220,19220,1,[1.  1.8],1
3975,52418,52418,9,"[1.         1.8        2.43       2.916      3.2805     3.54294
 3.720087   3.8263752  3.87420489]",8
3976,58911,58911,60,"[0.25       0.45       0.6075     0.729      0.820125   0.885735
 0.93002175 0.9565938  0.96855122 0.96855122 0.95886571 0.94143179
 0.91789599 0.88965304 0.85787972 0.82356453 0.78753358 0.75047318
 0.71294952 0.67542586 0.63827744 0.60180444 0.56624327 0.53177629
 0.49854027 0.46663369 0.43612303 0.40704816 0.37942703 0.35325965
 0.32853148 0.30521634 0.28327892 0.26267681 0.24336234 0.225284
 0.2083877  0.19261782 0.17791804 0.16423203 0.15150405 0.13967934
 0.12870454 0.1185279  0.10909954 0.10037158 0.09229821 0.08483581
 0.0779429  0.07158021 0.06571063 0.06029917 0.05531289 0.05072088
 0.04649414 0.04260554 0.03902972 0.035743   0.03272334 0.02995017
 0.02740441]",60
3977,100685,100685,60,"[0.25       0.45       0.6075     0.729      0.820125   0.885735
 0.93002175 0.9565938  0.96855122 0.96855122 0.95886571 0.94143179
 0.91789599 0.88965304 0.85787972 0.82356453 0.78753358 0.75047318
 0.71294952 0.67542586 0.63827744 0.60180444 0.56624327 0.53177629
 0.49854027 0.46663369 0.43612303 0.40704816 0.37942703 0.35325965
 0.32853148 0.30521634 0.28327892 0.26267681 0.24336234 0.225284
 0.2083877  0.19261782 0.17791804 0.16423203 0.15150405 0.13967934
 0.12870454 0.1185279  0.10909954 0.10037158 0.09229821 0.08483581
 0.0779429  0.07158021 0.06571063 0.06029917 0.05531289 0.05072088
 0.04649414 0.04260554 0.03902972 0.035743   0.03272334 0.02995017
 0.02740441]",60
3978,19620,19620,3,[0.29411765 0.52941176 0.71470588 0.85764706],3
3979,68573,68573,1,[1.  1.8],1
3980,156225,156225,6,[1.       1.8      2.43     2.916    3.2805   3.54294  3.720087],6
3981,340480,340480,30,"[0.25       0.45       0.6075     0.729      0.820125   0.885735
 0.93002175 0.9565938  0.96855122 0.96855122 0.95886571 0.94143179
 0.91789599 0.88965304 0.85787972 0.82356453 0.78753358 0.75047318
 0.71294952 0.67542586 0.63827744 0.60180444 0.56624327 0.53177629
 0.49854027 0.46663369 0.43612303 0.40704816 0.37942703 0.35325965
 0.32853148]",30
3982,49794,49794,9,"[1.         1.8        2.43       2.916      3.2805     3.54294
 3.720087   3.8263752  3.87420489]",8
3983,232855,232855,30,"[0.25       0.45       0.6075     0.729      0.820125   0.885735
 0.93002175 0.9565938  0.96855122 0.96855122 0.95886571 0.94143179
 0.91789599 0.88965304 0.85787972 0.82356453 0.78753358 0.75047318
 0.71294952 0.67542586 0.63827744 0.60180444 0.56624327 0.53177629
 0.49854027 0.46663369 0.43612303 0.40704816 0.37942703 0.35325965
 0.32853148]",30
3984,13129,13129,30,"[0.25       0.45       0.6075     0.729      0.820125   0.885735
 0.93002175 0.9565938  0.96855122 0.96855122 0.95886571 0.94143179
 0.91789599 0.88965304 0.85787972 0.82356453 0.78753358 0.75047318
 0.71294952 0.67542586 0.63827744 0.60180444 0.56624327 0.53177629
 0.49854027 0.46663369 0.43612303 0.40704816 0.37942703 0.35325965
 0.32853148]",30
3985,52026,52026,3,[0.29411765 0.52941176 0.71470588 0.85764706],3
3986,42700,42700,6,[1.       1.8      2.43     2.916    3.2805   3.54294  3.720087],6
3987,263341,263341,9,"[1.         1.8        2.43       2.916      3.2805     3.54294
 3.720087   3.8263752  3.87420489]",8
3988,40950,40950,6,[1.       1.8      2.43     2.916    3.2805   3.54294  3.720087],6
3989,339460,339460,9,"[1.         1.8        2.43       2.916      3.2805     3.54294
 3.720087   3.8263752  3.87420489]",8
3990,288995,288995,30,"[0.25       0.45       0.6075     0.729      0.820125   0.885735
 0.93002175 0.9565938  0.96855122 0.96855122 0.95886571 0.94143179
 0.91789599 0.88965304 0.85787972 0.82356453 0.78753358 0.75047318
 0.71294952 0.67542586 0.63827744 0.60180444 0.56624327 0.53177629
 0.49854027 0.46663369 0.43612303 0.40704816 0.37942703 0.35325965
 0.32853148]",30
3991,261483,261483,30,"[0.25       0.45       0.6075     0.729      0.820125   0.885735
 0.93002175 0.9565938  0.96855122 0.96855122 0.95886571 0.94143179
 0.91789599 0.88965304 0.85787972 0.82356453 0.78753358 0.75047318
 0.71294952 0.67542586 0.63827744 0.60180444 0.56624327 0.53177629
 0.49854027 0.46663369 0.43612303 0.40704816 0.37942703 0.35325965
 0.32853148]",30
3992,301273,301273,30,"[0.25       0.45       0.6075     0.729      0.820125   0.885735
 0.93002175 0.9565938  0.96855122 0.96855122 0.95886571 0.94143179
 0.91789599 0.88965304 0.85787972 0.82356453 0.78753358 0.75047318
 0.71294952 0.67542586 0.63827744 0.60180444 0.56624327 0.53177629
 0.49854027 0.46663369 0.43612303 0.40704816 0.37942703 0.35325965
 0.32853148]",30
3993,93670,93670,3,[0.29411765 0.52941176 0.71470588 0.85764706],3
3994,84926,84926,6,[1.       1.8      2.43     2.916    3.2805   3.54294  3.720087],6
3995,37626,37626,30,"[0.25       0.45       0.6075     0.729      0.820125   0.885735
 0.93002175 0.9565938  0.96855122 0.96855122 0.95886571 0.94143179
 0.91789599 0.88965304 0.85787972 0.82356453 0.78753358 0.75047318
 0.71294952 0.67542586 0.63827744 0.60180444 0.56624327 0.53177629
 0.49854027 0.46663369 0.43612303 0.40704816 0.37942703 0.35325965
 0.32853148]",30
3996,46158,46158,60,"[0.25       0.45       0.6075     0.729      0.820125   0.885735
 0.93002175 0.9565938  0.96855122 0.96855122 0.95886571 0.94143179
 0.91789599 0.88965304 0.85787972 0.82356453 0.78753358 0.75047318
 0.71294952 0.67542586 0.63827744 0.60180444 0.56624327 0.53177629
 0.49854027 0.46663369 0.43612303 0.40704816 0.37942703 0.35325965
 0.32853148 0.30521634 0.28327892 0.26267681 0.24336234 0.225284
 0.2083877  0.19261782 0.17791804 0.16423203 0.15150405 0.13967934
 0.12870454 0.1185279  0.10909954 0.10037158 0.09229821 0.08483581
 0.0779429  0.07158021 0.06571063 0.06029917 0.05531289 0.05072088
 0.04649414 0.04260554 0.03902972 0.035743   0.03272334 0.02995017
 0.02740441]",60
3997,194618,194618,3,[0.29411765 0.52941176 0.71470588 0.85764706],3
3998,316602,316602,60,"[0.25       0.45       0.6075     0.729      0.820125   0.885735
 0.93002175 0.9565938  0.96855122 0.96855122 0.95886571 0.94143179
 0.91789599 0.88965304 0.85787972 0.82356453 0.78753358 0.75047318
 0.71294952 0.67542586 0.63827744 0.60180444 0.56624327 0.53177629
 0.49854027 0.46663369 0.43612303 0.40704816 0.37942703 0.35325965
 0.32853148 0.30521634 0.28327892 0.26267681 0.24336234 0.225284
 0.2083877  0.19261782 0.17791804 0.16423203 0.15150405 0.13967934
 0.12870454 0.1185279  0.10909954 0.10037158 0.09229821 0.08483581
 0.0779429  0.07158021 0.06571063 0.06029917 0.05531289 0.05072088
 0.04649414 0.04260554 0.03902972 0.035743   0.03272334 0.02995017
 0.02740441]",60
3999,238865,238865,30,"[0.25       0.45       0.6075     0.729      0.820125   0.885735
 0.93002175 0.9565938  0.96855122 0.96855122 0.95886571 0.94143179
 0.91789599 0.88965304 0.85787972 0.82356453 0.78753358 0.75047318
 0.71294952 0.67542586 0.63827744 0.60180444 0.56624327 0.53177629
 0.49854027 0.46663369 0.43612303 0.40704816 0.37942703 0.35325965
 0.32853148]",30
4000,35070,35070,30,"[0.25       0.45       0.6075     0.729      0.820125   0.885735
 0.93002175 0.9565938  0.96855122 0.96855122 0.95886571 0.94143179
 0.91789599 0.88965304 0.85787972 0.82356453 0.78753358 0.75047318
 0.71294952 0.67542586 0.63827744 0.60180444 0.56624327 0.53177629
 0.49854027 0.46663369 0.43612303 0.40704816 0.37942703 0.35325965
 0.32853148]",30
4001,200674,200674,1,[1.  1.8],1
4002,94376,94376,3,[0.29411765 0.52941176 0.71470588 0.85764706],3
4003,61730,61730,60,"[0.25       0.45       0.6075     0.729      0.820125   0.885735
 0.93002175 0.9565938  0.96855122 0.96855122 0.95886571 0.94143179
 0.91789599 0.88965304 0.85787972 0.82356453 0.78753358 0.75047318
 0.71294952 0.67542586 0.63827744 0.60180444 0.56624327 0.53177629
 0.49854027 0.46663369 0.43612303 0.40704816 0.37942703 0.35325965
 0.32853148 0.30521634 0.28327892 0.26267681 0.24336234 0.225284
 0.2083877  0.19261782 0.17791804 0.16423203 0.15150405 0.13967934
 0.12870454 0.1185279  0.10909954 0.10037158 0.09229821 0.08483581
 0.0779429  0.07158021 0.06571063 0.06029917 0.05531289 0.05072088
 0.04649414 0.04260554 0.03902972 0.035743   0.03272334 0.02995017
 0.02740441]",60
4004,20005,20005,30,"[0.25       0.45       0.6075     0.729      0.820125   0.885735
 0.93002175 0.9565938  0.96855122 0.96855122 0.95886571 0.94143179
 0.91789599 0.88965304 0.85787972 0.82356453 0.78753358 0.75047318
 0.71294952 0.67542586 0.63827744 0.60180444 0.56624327 0.53177629
 0.49854027 0.46663369 0.43612303 0.40704816 0.37942703 0.35325965
 0.32853148]",30
4005,271008,271008,60,"[0.25       0.45       0.6075     0.729      0.820125   0.885735
 0.93002175 0.9565938  0.96855122 0.96855122 0.95886571 0.94143179
 0.91789599 0.88965304 0.85787972 0.82356453 0.78753358 0.75047318
 0.71294952 0.67542586 0.63827744 0.60180444 0.56624327 0.53177629
 0.49854027 0.46663369 0.43612303 0.40704816 0.37942703 0.35325965
 0.32853148 0.30521634 0.28327892 0.26267681 0.24336234 0.225284
 0.2083877  0.19261782 0.17791804 0.16423203 0.15150405 0.13967934
 0.12870454 0.1185279  0.10909954 0.10037158 0.09229821 0.08483581
 0.0779429  0.07158021 0.06571063 0.06029917 0.05531289 0.05072088
 0.04649414 0.04260554 0.03902972 0.035743   0.03272334 0.02995017
 0.02740441]",60
4006,87863,87863,1,[1.  1.8],1
4007,158937,158937,3,[0.29411765 0.52941176 0.71470588 0.85764706],3
4008,82890,82890,30,"[0.25       0.45       0.6075     0.729      0.820125   0.885735
 0.93002175 0.9565938  0.96855122 0.96855122 0.95886571 0.94143179
 0.91789599 0.88965304 0.85787972 0.82356453 0.78753358 0.75047318
 0.71294952 0.67542586 0.63827744 0.60180444 0.56624327 0.53177629
 0.49854027 0.46663369 0.43612303 0.40704816 0.37942703 0.35325965
 0.32853148]",30
4009,285791,285791,30,"[0.25       0.45       0.6075     0.729      0.820125   0.885735
 0.93002175 0.9565938  0.96855122 0.96855122 0.95886571 0.94143179
 0.91789599 0.88965304 0.85787972 0.82356453 0.78753358 0.75047318
 0.71294952 0.67542586 0.63827744 0.60180444 0.56624327 0.53177629
 0.49854027 0.46663369 0.43612303 0.40704816 0.37942703 0.35325965
 0.32853148]",30
4010,69590,69590,60,"[0.25       0.45       0.6075     0.729      0.820125   0.885735
 0.93002175 0.9565938  0.96855122 0.96855122 0.95886571 0.94143179
 0.91789599 0.88965304 0.85787972 0.82356453 0.78753358 0.75047318
 0.71294952 0.67542586 0.63827744 0.60180444 0.56624327 0.53177629
 0.49854027 0.46663369 0.43612303 0.40704816 0.37942703 0.35325965
 0.32853148 0.30521634 0.28327892 0.26267681 0.24336234 0.225284
 0.2083877  0.19261782 0.17791804 0.16423203 0.15150405 0.13967934
 0.12870454 0.1185279  0.10909954 0.10037158 0.09229821 0.08483581
 0.0779429  0.07158021 0.06571063 0.06029917 0.05531289 0.05072088
 0.04649414 0.04260554 0.03902972 0.035743   0.03272334 0.02995017
 0.02740441]",60
4011,336277,336277,1,[1.  1.8],1
4012,273832,273832,30,"[0.25       0.45       0.6075     0.729      0.820125   0.885735
 0.93002175 0.9565938  0.96855122 0.96855122 0.95886571 0.94143179
 0.91789599 0.88965304 0.85787972 0.82356453 0.78753358 0.75047318
 0.71294952 0.67542586 0.63827744 0.60180444 0.56624327 0.53177629
 0.49854027 0.46663369 0.43612303 0.40704816 0.37942703 0.35325965
 0.32853148]",30
4013,90814,90814,9,"[1.         1.8        2.43       2.916      3.2805     3.54294
 3.720087   3.8263752  3.87420489]",8
4014,315945,315945,30,"[0.25       0.45       0.6075     0.729      0.820125   0.885735
 0.93002175 0.9565938  0.96855122 0.96855122 0.95886571 0.94143179
 0.91789599 0.88965304 0.85787972 0.82356453 0.78753358 0.75047318
 0.71294952 0.67542586 0.63827744 0.60180444 0.56624327 0.53177629
 0.49854027 0.46663369 0.43612303 0.40704816 0.37942703 0.35325965
 0.32853148]",30
4015,205645,205645,60,"[0.25       0.45       0.6075     0.729      0.820125   0.885735
 0.93002175 0.9565938  0.96855122 0.96855122 0.95886571 0.94143179
 0.91789599 0.88965304 0.85787972 0.82356453 0.78753358 0.75047318
 0.71294952 0.67542586 0.63827744 0.60180444 0.56624327 0.53177629
 0.49854027 0.46663369 0.43612303 0.40704816 0.37942703 0.35325965
 0.32853148 0.30521634 0.28327892 0.26267681 0.24336234 0.225284
 0.2083877  0.19261782 0.17791804 0.16423203 0.15150405 0.13967934
 0.12870454 0.1185279  0.10909954 0.10037158 0.09229821 0.08483581
 0.0779429  0.07158021 0.06571063 0.06029917 0.05531289 0.05072088
 0.04649414 0.04260554 0.03902972 0.035743   0.03272334 0.02995017
 0.02740441]",60
4016,33400,33400,6,[1.       1.8      2.43     2.916    3.2805   3.54294  3.720087],6
4017,65128,65128,60,"[0.25       0.45       0.6075     0.729      0.820125   0.885735
 0.93002175 0.9565938  0.96855122 0.96855122 0.95886571 0.94143179
 0.91789599 0.88965304 0.85787972 0.82356453 0.78753358 0.75047318
 0.71294952 0.67542586 0.63827744 0.60180444 0.56624327 0.53177629
 0.49854027 0.46663369 0.43612303 0.40704816 0.37942703 0.35325965
 0.32853148 0.30521634 0.28327892 0.26267681 0.24336234 0.225284
 0.2083877  0.19261782 0.17791804 0.16423203 0.15150405 0.13967934
 0.12870454 0.1185279  0.10909954 0.10037158 0.09229821 0.08483581
 0.0779429  0.07158021 0.06571063 0.06029917 0.05531289 0.05072088
 0.04649414 0.04260554 0.03902972 0.035743   0.03272334 0.02995017
 0.02740441]",60
4018,340862,340862,30,"[0.25       0.45       0.6075     0.729      0.820125   0.885735
 0.93002175 0.9565938  0.96855122 0.96855122 0.95886571 0.94143179
 0.91789599 0.88965304 0.85787972 0.82356453 0.78753358 0.75047318
 0.71294952 0.67542586 0.63827744 0.60180444 0.56624327 0.53177629
 0.49854027 0.46663369 0.43612303 0.40704816 0.37942703 0.35325965
 0.32853148]",30
4019,226997,226997,30,"[0.25       0.45       0.6075     0.729      0.820125   0.885735
 0.93002175 0.9565938  0.96855122 0.96855122 0.95886571 0.94143179
 0.91789599 0.88965304 0.85787972 0.82356453 0.78753358 0.75047318
 0.71294952 0.67542586 0.63827744 0.60180444 0.56624327 0.53177629
 0.49854027 0.46663369 0.43612303 0.40704816 0.37942703 0.35325965
 0.32853148]",30
4020,231320,231320,6,[1.       1.8      2.43     2.916    3.2805   3.54294  3.720087],6
4021,231320,231320,1,[1.  1.8],1
4022,304261,304261,3,[0.29411765 0.52941176 0.71470588 0.85764706],3
4023,101032,101032,3,[0.29411765 0.52941176 0.71470588 0.85764706],3
4024,37041,37041,60,"[0.25       0.45       0.6075     0.729      0.820125   0.885735
 0.93002175 0.9565938  0.96855122 0.96855122 0.95886571 0.94143179
 0.91789599 0.88965304 0.85787972 0.82356453 0.78753358 0.75047318
 0.71294952 0.67542586 0.63827744 0.60180444 0.56624327 0.53177629
 0.49854027 0.46663369 0.43612303 0.40704816 0.37942703 0.35325965
 0.32853148 0.30521634 0.28327892 0.26267681 0.24336234 0.225284
 0.2083877  0.19261782 0.17791804 0.16423203 0.15150405 0.13967934
 0.12870454 0.1185279  0.10909954 0.10037158 0.09229821 0.08483581
 0.0779429  0.07158021 0.06571063 0.06029917 0.05531289 0.05072088
 0.04649414 0.04260554 0.03902972 0.035743   0.03272334 0.02995017
 0.02740441]",60
4025,199483,199483,60,"[0.25       0.45       0.6075     0.729      0.820125   0.885735
 0.93002175 0.9565938  0.96855122 0.96855122 0.95886571 0.94143179
 0.91789599 0.88965304 0.85787972 0.82356453 0.78753358 0.75047318
 0.71294952 0.67542586 0.63827744 0.60180444 0.56624327 0.53177629
 0.49854027 0.46663369 0.43612303 0.40704816 0.37942703 0.35325965
 0.32853148 0.30521634 0.28327892 0.26267681 0.24336234 0.225284
 0.2083877  0.19261782 0.17791804 0.16423203 0.15150405 0.13967934
 0.12870454 0.1185279  0.10909954 0.10037158 0.09229821 0.08483581
 0.0779429  0.07158021 0.06571063 0.06029917 0.05531289 0.05072088
 0.04649414 0.04260554 0.03902972 0.035743   0.03272334 0.02995017
 0.02740441]",60
4026,245158,245158,1,[1.  1.8],1
4027,962,962,30,"[0.25       0.45       0.6075     0.729      0.820125   0.885735
 0.93002175 0.9565938  0.96855122 0.96855122 0.95886571 0.94143179
 0.91789599 0.88965304 0.85787972 0.82356453 0.78753358 0.75047318
 0.71294952 0.67542586 0.63827744 0.60180444 0.56624327 0.53177629
 0.49854027 0.46663369 0.43612303 0.40704816 0.37942703 0.35325965
 0.32853148]",30
4028,144520,144520,9,"[1.         1.8        2.43       2.916      3.2805     3.54294
 3.720087   3.8263752  3.87420489]",8
4029,39311,39311,60,"[0.25       0.45       0.6075     0.729      0.820125   0.885735
 0.93002175 0.9565938  0.96855122 0.96855122 0.95886571 0.94143179
 0.91789599 0.88965304 0.85787972 0.82356453 0.78753358 0.75047318
 0.71294952 0.67542586 0.63827744 0.60180444 0.56624327 0.53177629
 0.49854027 0.46663369 0.43612303 0.40704816 0.37942703 0.35325965
 0.32853148 0.30521634 0.28327892 0.26267681 0.24336234 0.225284
 0.2083877  0.19261782 0.17791804 0.16423203 0.15150405 0.13967934
 0.12870454 0.1185279  0.10909954 0.10037158 0.09229821 0.08483581
 0.0779429  0.07158021 0.06571063 0.06029917 0.05531289 0.05072088
 0.04649414 0.04260554 0.03902972 0.035743   0.03272334 0.02995017
 0.02740441]",60
4030,255631,255631,3,[0.29411765 0.52941176 0.71470588 0.85764706],3
4031,293998,293998,9,"[1.         1.8        2.43       2.916      3.2805     3.54294
 3.720087   3.8263752  3.87420489]",8
4032,113153,113153,9,"[1.         1.8        2.43       2.916      3.2805     3.54294
 3.720087   3.8263752  3.87420489]",8
4033,74761,74761,6,[1.       1.8      2.43     2.916    3.2805   3.54294  3.720087],6
4034,55283,55283,1,[1.  1.8],1
4035,240329,240329,3,[0.29411765 0.52941176 0.71470588 0.85764706],3
4036,157159,157159,3,[0.29411765 0.52941176 0.71470588 0.85764706],3
4037,277552,277552,9,"[1.         1.8        2.43       2.916      3.2805     3.54294
 3.720087   3.8263752  3.87420489]",8
4038,171480,171480,60,"[0.25       0.45       0.6075     0.729      0.820125   0.885735
 0.93002175 0.9565938  0.96855122 0.96855122 0.95886571 0.94143179
 0.91789599 0.88965304 0.85787972 0.82356453 0.78753358 0.75047318
 0.71294952 0.67542586 0.63827744 0.60180444 0.56624327 0.53177629
 0.49854027 0.46663369 0.43612303 0.40704816 0.37942703 0.35325965
 0.32853148 0.30521634 0.28327892 0.26267681 0.24336234 0.225284
 0.2083877  0.19261782 0.17791804 0.16423203 0.15150405 0.13967934
 0.12870454 0.1185279  0.10909954 0.10037158 0.09229821 0.08483581
 0.0779429  0.07158021 0.06571063 0.06029917 0.05531289 0.05072088
 0.04649414 0.04260554 0.03902972 0.035743   0.03272334 0.02995017
 0.02740441]",60
4039,15983,15983,60,"[0.25       0.45       0.6075     0.729      0.820125   0.885735
 0.93002175 0.9565938  0.96855122 0.96855122 0.95886571 0.94143179
 0.91789599 0.88965304 0.85787972 0.82356453 0.78753358 0.75047318
 0.71294952 0.67542586 0.63827744 0.60180444 0.56624327 0.53177629
 0.49854027 0.46663369 0.43612303 0.40704816 0.37942703 0.35325965
 0.32853148 0.30521634 0.28327892 0.26267681 0.24336234 0.225284
 0.2083877  0.19261782 0.17791804 0.16423203 0.15150405 0.13967934
 0.12870454 0.1185279  0.10909954 0.10037158 0.09229821 0.08483581
 0.0779429  0.07158021 0.06571063 0.06029917 0.05531289 0.05072088
 0.04649414 0.04260554 0.03902972 0.035743   0.03272334 0.02995017
 0.02740441]",60
4040,146472,146472,3,[0.29411765 0.52941176 0.71470588 0.85764706],3
4041,301273,301273,9,"[1.         1.8        2.43       2.916      3.2805     3.54294
 3.720087   3.8263752  3.87420489]",8
4042,215937,215937,9,"[1.         1.8        2.43       2.916      3.2805     3.54294
 3.720087   3.8263752  3.87420489]",8
4043,168437,168437,30,"[0.25       0.45       0.6075     0.729      0.820125   0.885735
 0.93002175 0.9565938  0.96855122 0.96855122 0.95886571 0.94143179
 0.91789599 0.88965304 0.85787972 0.82356453 0.78753358 0.75047318
 0.71294952 0.67542586 0.63827744 0.60180444 0.56624327 0.53177629
 0.49854027 0.46663369 0.43612303 0.40704816 0.37942703 0.35325965
 0.32853148]",30
4044,309933,309933,30,"[0.25       0.45       0.6075     0.729      0.820125   0.885735
 0.93002175 0.9565938  0.96855122 0.96855122 0.95886571 0.94143179
 0.91789599 0.88965304 0.85787972 0.82356453 0.78753358 0.75047318
 0.71294952 0.67542586 0.63827744 0.60180444 0.56624327 0.53177629
 0.49854027 0.46663369 0.43612303 0.40704816 0.37942703 0.35325965
 0.32853148]",30
4045,23270,23270,30,"[0.25       0.45       0.6075     0.729      0.820125   0.885735
 0.93002175 0.9565938  0.96855122 0.96855122 0.95886571 0.94143179
 0.91789599 0.88965304 0.85787972 0.82356453 0.78753358 0.75047318
 0.71294952 0.67542586 0.63827744 0.60180444 0.56624327 0.53177629
 0.49854027 0.46663369 0.43612303 0.40704816 0.37942703 0.35325965
 0.32853148]",30
4046,285834,285834,6,[1.       1.8      2.43     2.916    3.2805   3.54294  3.720087],6
4047,347151,347151,3,[0.29411765 0.52941176 0.71470588 0.85764706],3
4048,302698,302698,6,[1.       1.8      2.43     2.916    3.2805   3.54294  3.720087],6
4049,69522,69522,9,"[1.         1.8        2.43       2.916      3.2805     3.54294
 3.720087   3.8263752  3.87420489]",8
4050,304965,304965,60,"[0.25       0.45       0.6075     0.729      0.820125   0.885735
 0.93002175 0.9565938  0.96855122 0.96855122 0.95886571 0.94143179
 0.91789599 0.88965304 0.85787972 0.82356453 0.78753358 0.75047318
 0.71294952 0.67542586 0.63827744 0.60180444 0.56624327 0.53177629
 0.49854027 0.46663369 0.43612303 0.40704816 0.37942703 0.35325965
 0.32853148 0.30521634 0.28327892 0.26267681 0.24336234 0.225284
 0.2083877  0.19261782 0.17791804 0.16423203 0.15150405 0.13967934
 0.12870454 0.1185279  0.10909954 0.10037158 0.09229821 0.08483581
 0.0779429  0.07158021 0.06571063 0.06029917 0.05531289 0.05072088
 0.04649414 0.04260554 0.03902972 0.035743   0.03272334 0.02995017
 0.02740441]",60
4051,279089,279089,60,"[0.25       0.45       0.6075     0.729      0.820125   0.885735
 0.93002175 0.9565938  0.96855122 0.96855122 0.95886571 0.94143179
 0.91789599 0.88965304 0.85787972 0.82356453 0.78753358 0.75047318
 0.71294952 0.67542586 0.63827744 0.60180444 0.56624327 0.53177629
 0.49854027 0.46663369 0.43612303 0.40704816 0.37942703 0.35325965
 0.32853148 0.30521634 0.28327892 0.26267681 0.24336234 0.225284
 0.2083877  0.19261782 0.17791804 0.16423203 0.15150405 0.13967934
 0.12870454 0.1185279  0.10909954 0.10037158 0.09229821 0.08483581
 0.0779429  0.07158021 0.06571063 0.06029917 0.05531289 0.05072088
 0.04649414 0.04260554 0.03902972 0.035743   0.03272334 0.02995017
 0.02740441]",60
4052,211228,211228,60,"[0.25       0.45       0.6075     0.729      0.820125   0.885735
 0.93002175 0.9565938  0.96855122 0.96855122 0.95886571 0.94143179
 0.91789599 0.88965304 0.85787972 0.82356453 0.78753358 0.75047318
 0.71294952 0.67542586 0.63827744 0.60180444 0.56624327 0.53177629
 0.49854027 0.46663369 0.43612303 0.40704816 0.37942703 0.35325965
 0.32853148 0.30521634 0.28327892 0.26267681 0.24336234 0.225284
 0.2083877  0.19261782 0.17791804 0.16423203 0.15150405 0.13967934
 0.12870454 0.1185279  0.10909954 0.10037158 0.09229821 0.08483581
 0.0779429  0.07158021 0.06571063 0.06029917 0.05531289 0.05072088
 0.04649414 0.04260554 0.03902972 0.035743   0.03272334 0.02995017
 0.02740441]",60
4053,194473,194473,30,"[0.25       0.45       0.6075     0.729      0.820125   0.885735
 0.93002175 0.9565938  0.96855122 0.96855122 0.95886571 0.94143179
 0.91789599 0.88965304 0.85787972 0.82356453 0.78753358 0.75047318
 0.71294952 0.67542586 0.63827744 0.60180444 0.56624327 0.53177629
 0.49854027 0.46663369 0.43612303 0.40704816 0.37942703 0.35325965
 0.32853148]",30
4054,108397,108397,9,"[1.         1.8        2.43       2.916      3.2805     3.54294
 3.720087   3.8263752  3.87420489]",8
4055,35833,35833,3,[0.29411765 0.52941176 0.71470588 0.85764706],3
4056,287266,287266,3,[0.29411765 0.52941176 0.71470588 0.85764706],3
4057,193293,193293,3,[0.29411765 0.52941176 0.71470588 0.85764706],3
4058,265746,265746,30,"[0.25       0.45       0.6075     0.729      0.820125   0.885735
 0.93002175 0.9565938  0.96855122 0.96855122 0.95886571 0.94143179
 0.91789599 0.88965304 0.85787972 0.82356453 0.78753358 0.75047318
 0.71294952 0.67542586 0.63827744 0.60180444 0.56624327 0.53177629
 0.49854027 0.46663369 0.43612303 0.40704816 0.37942703 0.35325965
 0.32853148]",30
4059,97147,97147,1,[1.  1.8],1
4060,79591,79591,3,[0.29411765 0.52941176 0.71470588 0.85764706],3
4061,100158,100158,3,[0.29411765 0.52941176 0.71470588 0.85764706],3
4062,290566,290566,3,[0.29411765 0.52941176 0.71470588 0.85764706],3
4063,276779,276779,30,"[0.25       0.45       0.6075     0.729      0.820125   0.885735
 0.93002175 0.9565938  0.96855122 0.96855122 0.95886571 0.94143179
 0.91789599 0.88965304 0.85787972 0.82356453 0.78753358 0.75047318
 0.71294952 0.67542586 0.63827744 0.60180444 0.56624327 0.53177629
 0.49854027 0.46663369 0.43612303 0.40704816 0.37942703 0.35325965
 0.32853148]",30
4064,184458,184458,30,"[0.25       0.45       0.6075     0.729      0.820125   0.885735
 0.93002175 0.9565938  0.96855122 0.96855122 0.95886571 0.94143179
 0.91789599 0.88965304 0.85787972 0.82356453 0.78753358 0.75047318
 0.71294952 0.67542586 0.63827744 0.60180444 0.56624327 0.53177629
 0.49854027 0.46663369 0.43612303 0.40704816 0.37942703 0.35325965
 0.32853148]",30
4065,122151,122151,1,[1.  1.8],1
4066,296571,296571,6,[1.       1.8      2.43     2.916    3.2805   3.54294  3.720087],6
4067,233897,233897,30,"[0.25       0.45       0.6075     0.729      0.820125   0.885735
 0.93002175 0.9565938  0.96855122 0.96855122 0.95886571 0.94143179
 0.91789599 0.88965304 0.85787972 0.82356453 0.78753358 0.75047318
 0.71294952 0.67542586 0.63827744 0.60180444 0.56624327 0.53177629
 0.49854027 0.46663369 0.43612303 0.40704816 0.37942703 0.35325965
 0.32853148]",30
4068,212125,212125,1,[1.  1.8],1
4069,83844,83844,60,"[0.25       0.45       0.6075     0.729      0.820125   0.885735
 0.93002175 0.9565938  0.96855122 0.96855122 0.95886571 0.94143179
 0.91789599 0.88965304 0.85787972 0.82356453 0.78753358 0.75047318
 0.71294952 0.67542586 0.63827744 0.60180444 0.56624327 0.53177629
 0.49854027 0.46663369 0.43612303 0.40704816 0.37942703 0.35325965
 0.32853148 0.30521634 0.28327892 0.26267681 0.24336234 0.225284
 0.2083877  0.19261782 0.17791804 0.16423203 0.15150405 0.13967934
 0.12870454 0.1185279  0.10909954 0.10037158 0.09229821 0.08483581
 0.0779429  0.07158021 0.06571063 0.06029917 0.05531289 0.05072088
 0.04649414 0.04260554 0.03902972 0.035743   0.03272334 0.02995017
 0.02740441]",60
4070,323089,323089,3,[0.29411765 0.52941176 0.71470588 0.85764706],3
4071,110377,110377,9,"[1.         1.8        2.43       2.916      3.2805     3.54294
 3.720087   3.8263752  3.87420489]",8
4072,54761,54761,30,"[0.25       0.45       0.6075     0.729      0.820125   0.885735
 0.93002175 0.9565938  0.96855122 0.96855122 0.95886571 0.94143179
 0.91789599 0.88965304 0.85787972 0.82356453 0.78753358 0.75047318
 0.71294952 0.67542586 0.63827744 0.60180444 0.56624327 0.53177629
 0.49854027 0.46663369 0.43612303 0.40704816 0.37942703 0.35325965
 0.32853148]",30
4073,232303,232303,3,[0.29411765 0.52941176 0.71470588 0.85764706],3
4074,61382,61382,3,[0.29411765 0.52941176 0.71470588 0.85764706],3
4075,144313,144313,1,[1.  1.8],1
4076,341736,341736,9,"[1.         1.8        2.43       2.916      3.2805     3.54294
 3.720087   3.8263752  3.87420489]",8
4077,22478,22478,3,[0.29411765 0.52941176 0.71470588 0.85764706],3
4078,110576,110576,6,[1.       1.8      2.43     2.916    3.2805   3.54294  3.720087],6
4079,291418,291418,30,"[0.25       0.45       0.6075     0.729      0.820125   0.885735
 0.93002175 0.9565938  0.96855122 0.96855122 0.95886571 0.94143179
 0.91789599 0.88965304 0.85787972 0.82356453 0.78753358 0.75047318
 0.71294952 0.67542586 0.63827744 0.60180444 0.56624327 0.53177629
 0.49854027 0.46663369 0.43612303 0.40704816 0.37942703 0.35325965
 0.32853148]",30
4080,89919,89919,3,[0.29411765 0.52941176 0.71470588 0.85764706],3
4081,30400,30400,60,"[0.25       0.45       0.6075     0.729      0.820125   0.885735
 0.93002175 0.9565938  0.96855122 0.96855122 0.95886571 0.94143179
 0.91789599 0.88965304 0.85787972 0.82356453 0.78753358 0.75047318
 0.71294952 0.67542586 0.63827744 0.60180444 0.56624327 0.53177629
 0.49854027 0.46663369 0.43612303 0.40704816 0.37942703 0.35325965
 0.32853148 0.30521634 0.28327892 0.26267681 0.24336234 0.225284
 0.2083877  0.19261782 0.17791804 0.16423203 0.15150405 0.13967934
 0.12870454 0.1185279  0.10909954 0.10037158 0.09229821 0.08483581
 0.0779429  0.07158021 0.06571063 0.06029917 0.05531289 0.05072088
 0.04649414 0.04260554 0.03902972 0.035743   0.03272334 0.02995017
 0.02740441]",60
4082,279799,279799,3,[0.29411765 0.52941176 0.71470588 0.85764706],3
4083,110961,110961,6,[1.       1.8      2.43     2.916    3.2805   3.54294  3.720087],6
4084,331986,331986,6,[1.       1.8      2.43     2.916    3.2805   3.54294  3.720087],6
4085,301479,301479,6,[1.       1.8      2.43     2.916    3.2805   3.54294  3.720087],6
4086,275233,275233,1,[1.  1.8],1
4087,212606,212606,9,"[1.         1.8        2.43       2.916      3.2805     3.54294
 3.720087   3.8263752  3.87420489]",8
4088,283494,283494,6,[1.       1.8      2.43     2.916    3.2805   3.54294  3.720087],6
4089,176470,176470,60,"[0.25       0.45       0.6075     0.729      0.820125   0.885735
 0.93002175 0.9565938  0.96855122 0.96855122 0.95886571 0.94143179
 0.91789599 0.88965304 0.85787972 0.82356453 0.78753358 0.75047318
 0.71294952 0.67542586 0.63827744 0.60180444 0.56624327 0.53177629
 0.49854027 0.46663369 0.43612303 0.40704816 0.37942703 0.35325965
 0.32853148 0.30521634 0.28327892 0.26267681 0.24336234 0.225284
 0.2083877  0.19261782 0.17791804 0.16423203 0.15150405 0.13967934
 0.12870454 0.1185279  0.10909954 0.10037158 0.09229821 0.08483581
 0.0779429  0.07158021 0.06571063 0.06029917 0.05531289 0.05072088
 0.04649414 0.04260554 0.03902972 0.035743   0.03272334 0.02995017
 0.02740441]",60
4090,11951,11951,1,[1.  1.8],1
4091,42593,42593,30,"[0.25       0.45       0.6075     0.729      0.820125   0.885735
 0.93002175 0.9565938  0.96855122 0.96855122 0.95886571 0.94143179
 0.91789599 0.88965304 0.85787972 0.82356453 0.78753358 0.75047318
 0.71294952 0.67542586 0.63827744 0.60180444 0.56624327 0.53177629
 0.49854027 0.46663369 0.43612303 0.40704816 0.37942703 0.35325965
 0.32853148]",30
4092,328283,328283,3,[0.29411765 0.52941176 0.71470588 0.85764706],3
4093,345742,345742,3,[0.29411765 0.52941176 0.71470588 0.85764706],3
4094,62980,62980,1,[1.  1.8],1
4095,61815,61815,1,[1.  1.8],1
4096,294250,294250,6,[1.       1.8      2.43     2.916    3.2805   3.54294  3.720087],6
4097,55020,55020,30,"[0.25       0.45       0.6075     0.729      0.820125   0.885735
 0.93002175 0.9565938  0.96855122 0.96855122 0.95886571 0.94143179
 0.91789599 0.88965304 0.85787972 0.82356453 0.78753358 0.75047318
 0.71294952 0.67542586 0.63827744 0.60180444 0.56624327 0.53177629
 0.49854027 0.46663369 0.43612303 0.40704816 0.37942703 0.35325965
 0.32853148]",30
4098,171689,171689,9,"[1.         1.8        2.43       2.916      3.2805     3.54294
 3.720087   3.8263752  3.87420489]",8
4099,224591,224591,6,[1.       1.8      2.43     2.916    3.2805   3.54294  3.720087],6
4100,193036,193036,30,"[0.25       0.45       0.6075     0.729      0.820125   0.885735
 0.93002175 0.9565938  0.96855122 0.96855122 0.95886571 0.94143179
 0.91789599 0.88965304 0.85787972 0.82356453 0.78753358 0.75047318
 0.71294952 0.67542586 0.63827744 0.60180444 0.56624327 0.53177629
 0.49854027 0.46663369 0.43612303 0.40704816 0.37942703 0.35325965
 0.32853148]",30
4101,211632,211632,30,"[0.25       0.45       0.6075     0.729      0.820125   0.885735
 0.93002175 0.9565938  0.96855122 0.96855122 0.95886571 0.94143179
 0.91789599 0.88965304 0.85787972 0.82356453 0.78753358 0.75047318
 0.71294952 0.67542586 0.63827744 0.60180444 0.56624327 0.53177629
 0.49854027 0.46663369 0.43612303 0.40704816 0.37942703 0.35325965
 0.32853148]",30
4102,303211,303211,6,[1.       1.8      2.43     2.916    3.2805   3.54294  3.720087],6
4103,184746,184746,6,[1.       1.8      2.43     2.916    3.2805   3.54294  3.720087],6
4104,143875,143875,9,"[1.         1.8        2.43       2.916      3.2805     3.54294
 3.720087   3.8263752  3.87420489]",8
4105,160026,160026,30,"[0.25       0.45       0.6075     0.729      0.820125   0.885735
 0.93002175 0.9565938  0.96855122 0.96855122 0.95886571 0.94143179
 0.91789599 0.88965304 0.85787972 0.82356453 0.78753358 0.75047318
 0.71294952 0.67542586 0.63827744 0.60180444 0.56624327 0.53177629
 0.49854027 0.46663369 0.43612303 0.40704816 0.37942703 0.35325965
 0.32853148]",30
4106,238479,238479,30,"[0.25       0.45       0.6075     0.729      0.820125   0.885735
 0.93002175 0.9565938  0.96855122 0.96855122 0.95886571 0.94143179
 0.91789599 0.88965304 0.85787972 0.82356453 0.78753358 0.75047318
 0.71294952 0.67542586 0.63827744 0.60180444 0.56624327 0.53177629
 0.49854027 0.46663369 0.43612303 0.40704816 0.37942703 0.35325965
 0.32853148]",30
4107,165978,165978,6,[1.       1.8      2.43     2.916    3.2805   3.54294  3.720087],6
4108,277976,277976,6,[1.       1.8      2.43     2.916    3.2805   3.54294  3.720087],6
4109,55750,55750,60,"[0.25       0.45       0.6075     0.729      0.820125   0.885735
 0.93002175 0.9565938  0.96855122 0.96855122 0.95886571 0.94143179
 0.91789599 0.88965304 0.85787972 0.82356453 0.78753358 0.75047318
 0.71294952 0.67542586 0.63827744 0.60180444 0.56624327 0.53177629
 0.49854027 0.46663369 0.43612303 0.40704816 0.37942703 0.35325965
 0.32853148 0.30521634 0.28327892 0.26267681 0.24336234 0.225284
 0.2083877  0.19261782 0.17791804 0.16423203 0.15150405 0.13967934
 0.12870454 0.1185279  0.10909954 0.10037158 0.09229821 0.08483581
 0.0779429  0.07158021 0.06571063 0.06029917 0.05531289 0.05072088
 0.04649414 0.04260554 0.03902972 0.035743   0.03272334 0.02995017
 0.02740441]",60
4110,171768,171768,1,[1.  1.8],1
4111,150590,150590,1,[1.  1.8],1
4112,201733,201733,30,"[0.25       0.45       0.6075     0.729      0.820125   0.885735
 0.93002175 0.9565938  0.96855122 0.96855122 0.95886571 0.94143179
 0.91789599 0.88965304 0.85787972 0.82356453 0.78753358 0.75047318
 0.71294952 0.67542586 0.63827744 0.60180444 0.56624327 0.53177629
 0.49854027 0.46663369 0.43612303 0.40704816 0.37942703 0.35325965
 0.32853148]",30
4113,176490,176490,1,[1.  1.8],1
4114,75437,75437,30,"[0.25       0.45       0.6075     0.729      0.820125   0.885735
 0.93002175 0.9565938  0.96855122 0.96855122 0.95886571 0.94143179
 0.91789599 0.88965304 0.85787972 0.82356453 0.78753358 0.75047318
 0.71294952 0.67542586 0.63827744 0.60180444 0.56624327 0.53177629
 0.49854027 0.46663369 0.43612303 0.40704816 0.37942703 0.35325965
 0.32853148]",30
4115,133429,133429,3,[0.29411765 0.52941176 0.71470588 0.85764706],3
4116,43128,43128,9,"[1.         1.8        2.43       2.916      3.2805     3.54294
 3.720087   3.8263752  3.87420489]",8
4117,176722,176722,6,[1.       1.8      2.43     2.916    3.2805   3.54294  3.720087],6
4118,272048,272048,6,[1.       1.8      2.43     2.916    3.2805   3.54294  3.720087],6
4119,73882,73882,30,"[0.25       0.45       0.6075     0.729      0.820125   0.885735
 0.93002175 0.9565938  0.96855122 0.96855122 0.95886571 0.94143179
 0.91789599 0.88965304 0.85787972 0.82356453 0.78753358 0.75047318
 0.71294952 0.67542586 0.63827744 0.60180444 0.56624327 0.53177629
 0.49854027 0.46663369 0.43612303 0.40704816 0.37942703 0.35325965
 0.32853148]",30
4120,239807,239807,1,[1.  1.8],1
4121,332947,332947,9,"[1.         1.8        2.43       2.916      3.2805     3.54294
 3.720087   3.8263752  3.87420489]",8
4122,350705,350705,6,[1.       1.8      2.43     2.916    3.2805   3.54294  3.720087],6
4123,214705,214705,30,"[0.25       0.45       0.6075     0.729      0.820125   0.885735
 0.93002175 0.9565938  0.96855122 0.96855122 0.95886571 0.94143179
 0.91789599 0.88965304 0.85787972 0.82356453 0.78753358 0.75047318
 0.71294952 0.67542586 0.63827744 0.60180444 0.56624327 0.53177629
 0.49854027 0.46663369 0.43612303 0.40704816 0.37942703 0.35325965
 0.32853148]",30
4124,33959,33959,3,[0.29411765 0.52941176 0.71470588 0.85764706],3
4125,160480,160480,6,[1.       1.8      2.43     2.916    3.2805   3.54294  3.720087],6
4126,33321,33321,3,[0.29411765 0.52941176 0.71470588 0.85764706],3
4127,155030,155030,6,[1.       1.8      2.43     2.916    3.2805   3.54294  3.720087],6
4128,85289,85289,30,"[0.25       0.45       0.6075     0.729      0.820125   0.885735
 0.93002175 0.9565938  0.96855122 0.96855122 0.95886571 0.94143179
 0.91789599 0.88965304 0.85787972 0.82356453 0.78753358 0.75047318
 0.71294952 0.67542586 0.63827744 0.60180444 0.56624327 0.53177629
 0.49854027 0.46663369 0.43612303 0.40704816 0.37942703 0.35325965
 0.32853148]",30
4129,224218,224218,1,[1.  1.8],1
4130,222140,222140,9,"[1.         1.8        2.43       2.916      3.2805     3.54294
 3.720087   3.8263752  3.87420489]",8
4131,164624,164624,60,"[0.25       0.45       0.6075     0.729      0.820125   0.885735
 0.93002175 0.9565938  0.96855122 0.96855122 0.95886571 0.94143179
 0.91789599 0.88965304 0.85787972 0.82356453 0.78753358 0.75047318
 0.71294952 0.67542586 0.63827744 0.60180444 0.56624327 0.53177629
 0.49854027 0.46663369 0.43612303 0.40704816 0.37942703 0.35325965
 0.32853148 0.30521634 0.28327892 0.26267681 0.24336234 0.225284
 0.2083877  0.19261782 0.17791804 0.16423203 0.15150405 0.13967934
 0.12870454 0.1185279  0.10909954 0.10037158 0.09229821 0.08483581
 0.0779429  0.07158021 0.06571063 0.06029917 0.05531289 0.05072088
 0.04649414 0.04260554 0.03902972 0.035743   0.03272334 0.02995017
 0.02740441]",60
4132,194407,194407,3,[0.29411765 0.52941176 0.71470588 0.85764706],3
4133,103281,103281,60,"[0.25       0.45       0.6075     0.729      0.820125   0.885735
 0.93002175 0.9565938  0.96855122 0.96855122 0.95886571 0.94143179
 0.91789599 0.88965304 0.85787972 0.82356453 0.78753358 0.75047318
 0.71294952 0.67542586 0.63827744 0.60180444 0.56624327 0.53177629
 0.49854027 0.46663369 0.43612303 0.40704816 0.37942703 0.35325965
 0.32853148 0.30521634 0.28327892 0.26267681 0.24336234 0.225284
 0.2083877  0.19261782 0.17791804 0.16423203 0.15150405 0.13967934
 0.12870454 0.1185279  0.10909954 0.10037158 0.09229821 0.08483581
 0.0779429  0.07158021 0.06571063 0.06029917 0.05531289 0.05072088
 0.04649414 0.04260554 0.03902972 0.035743   0.03272334 0.02995017
 0.02740441]",60
4134,102580,102580,60,"[0.25       0.45       0.6075     0.729      0.820125   0.885735
 0.93002175 0.9565938  0.96855122 0.96855122 0.95886571 0.94143179
 0.91789599 0.88965304 0.85787972 0.82356453 0.78753358 0.75047318
 0.71294952 0.67542586 0.63827744 0.60180444 0.56624327 0.53177629
 0.49854027 0.46663369 0.43612303 0.40704816 0.37942703 0.35325965
 0.32853148 0.30521634 0.28327892 0.26267681 0.24336234 0.225284
 0.2083877  0.19261782 0.17791804 0.16423203 0.15150405 0.13967934
 0.12870454 0.1185279  0.10909954 0.10037158 0.09229821 0.08483581
 0.0779429  0.07158021 0.06571063 0.06029917 0.05531289 0.05072088
 0.04649414 0.04260554 0.03902972 0.035743   0.03272334 0.02995017
 0.02740441]",60
4135,107344,107344,1,[1.  1.8],1
4136,173909,173909,6,[1.       1.8      2.43     2.916    3.2805   3.54294  3.720087],6
4137,168290,168290,30,"[0.25       0.45       0.6075     0.729      0.820125   0.885735
 0.93002175 0.9565938  0.96855122 0.96855122 0.95886571 0.94143179
 0.91789599 0.88965304 0.85787972 0.82356453 0.78753358 0.75047318
 0.71294952 0.67542586 0.63827744 0.60180444 0.56624327 0.53177629
 0.49854027 0.46663369 0.43612303 0.40704816 0.37942703 0.35325965
 0.32853148]",30
4138,326197,326197,3,[0.29411765 0.52941176 0.71470588 0.85764706],3
4139,98331,98331,6,[1.       1.8      2.43     2.916    3.2805   3.54294  3.720087],6
4140,178911,178911,60,"[0.25       0.45       0.6075     0.729      0.820125   0.885735
 0.93002175 0.9565938  0.96855122 0.96855122 0.95886571 0.94143179
 0.91789599 0.88965304 0.85787972 0.82356453 0.78753358 0.75047318
 0.71294952 0.67542586 0.63827744 0.60180444 0.56624327 0.53177629
 0.49854027 0.46663369 0.43612303 0.40704816 0.37942703 0.35325965
 0.32853148 0.30521634 0.28327892 0.26267681 0.24336234 0.225284
 0.2083877  0.19261782 0.17791804 0.16423203 0.15150405 0.13967934
 0.12870454 0.1185279  0.10909954 0.10037158 0.09229821 0.08483581
 0.0779429  0.07158021 0.06571063 0.06029917 0.05531289 0.05072088
 0.04649414 0.04260554 0.03902972 0.035743   0.03272334 0.02995017
 0.02740441]",60
4141,21709,21709,9,"[1.         1.8        2.43       2.916      3.2805     3.54294
 3.720087   3.8263752  3.87420489]",8
4142,164236,164236,30,"[0.25       0.45       0.6075     0.729      0.820125   0.885735
 0.93002175 0.9565938  0.96855122 0.96855122 0.95886571 0.94143179
 0.91789599 0.88965304 0.85787972 0.82356453 0.78753358 0.75047318
 0.71294952 0.67542586 0.63827744 0.60180444 0.56624327 0.53177629
 0.49854027 0.46663369 0.43612303 0.40704816 0.37942703 0.35325965
 0.32853148]",30
4143,250499,250499,30,"[0.25       0.45       0.6075     0.729      0.820125   0.885735
 0.93002175 0.9565938  0.96855122 0.96855122 0.95886571 0.94143179
 0.91789599 0.88965304 0.85787972 0.82356453 0.78753358 0.75047318
 0.71294952 0.67542586 0.63827744 0.60180444 0.56624327 0.53177629
 0.49854027 0.46663369 0.43612303 0.40704816 0.37942703 0.35325965
 0.32853148]",30
4144,91557,91557,9,"[1.         1.8        2.43       2.916      3.2805     3.54294
 3.720087   3.8263752  3.87420489]",8
4145,164774,164774,9,"[1.         1.8        2.43       2.916      3.2805     3.54294
 3.720087   3.8263752  3.87420489]",8
4146,157159,157159,6,[1.       1.8      2.43     2.916    3.2805   3.54294  3.720087],6
4147,324945,324945,1,[1.  1.8],1
4148,132634,132634,30,"[0.25       0.45       0.6075     0.729      0.820125   0.885735
 0.93002175 0.9565938  0.96855122 0.96855122 0.95886571 0.94143179
 0.91789599 0.88965304 0.85787972 0.82356453 0.78753358 0.75047318
 0.71294952 0.67542586 0.63827744 0.60180444 0.56624327 0.53177629
 0.49854027 0.46663369 0.43612303 0.40704816 0.37942703 0.35325965
 0.32853148]",30
4149,121251,121251,30,"[0.25       0.45       0.6075     0.729      0.820125   0.885735
 0.93002175 0.9565938  0.96855122 0.96855122 0.95886571 0.94143179
 0.91789599 0.88965304 0.85787972 0.82356453 0.78753358 0.75047318
 0.71294952 0.67542586 0.63827744 0.60180444 0.56624327 0.53177629
 0.49854027 0.46663369 0.43612303 0.40704816 0.37942703 0.35325965
 0.32853148]",30
4150,39760,39760,60,"[0.25       0.45       0.6075     0.729      0.820125   0.885735
 0.93002175 0.9565938  0.96855122 0.96855122 0.95886571 0.94143179
 0.91789599 0.88965304 0.85787972 0.82356453 0.78753358 0.75047318
 0.71294952 0.67542586 0.63827744 0.60180444 0.56624327 0.53177629
 0.49854027 0.46663369 0.43612303 0.40704816 0.37942703 0.35325965
 0.32853148 0.30521634 0.28327892 0.26267681 0.24336234 0.225284
 0.2083877  0.19261782 0.17791804 0.16423203 0.15150405 0.13967934
 0.12870454 0.1185279  0.10909954 0.10037158 0.09229821 0.08483581
 0.0779429  0.07158021 0.06571063 0.06029917 0.05531289 0.05072088
 0.04649414 0.04260554 0.03902972 0.035743   0.03272334 0.02995017
 0.02740441]",60
4151,43934,43934,30,"[0.25       0.45       0.6075     0.729      0.820125   0.885735
 0.93002175 0.9565938  0.96855122 0.96855122 0.95886571 0.94143179
 0.91789599 0.88965304 0.85787972 0.82356453 0.78753358 0.75047318
 0.71294952 0.67542586 0.63827744 0.60180444 0.56624327 0.53177629
 0.49854027 0.46663369 0.43612303 0.40704816 0.37942703 0.35325965
 0.32853148]",30
4152,54074,54074,60,"[0.25       0.45       0.6075     0.729      0.820125   0.885735
 0.93002175 0.9565938  0.96855122 0.96855122 0.95886571 0.94143179
 0.91789599 0.88965304 0.85787972 0.82356453 0.78753358 0.75047318
 0.71294952 0.67542586 0.63827744 0.60180444 0.56624327 0.53177629
 0.49854027 0.46663369 0.43612303 0.40704816 0.37942703 0.35325965
 0.32853148 0.30521634 0.28327892 0.26267681 0.24336234 0.225284
 0.2083877  0.19261782 0.17791804 0.16423203 0.15150405 0.13967934
 0.12870454 0.1185279  0.10909954 0.10037158 0.09229821 0.08483581
 0.0779429  0.07158021 0.06571063 0.06029917 0.05531289 0.05072088
 0.04649414 0.04260554 0.03902972 0.035743   0.03272334 0.02995017
 0.02740441]",60
4153,166596,166596,60,"[0.25       0.45       0.6075     0.729      0.820125   0.885735
 0.93002175 0.9565938  0.96855122 0.96855122 0.95886571 0.94143179
 0.91789599 0.88965304 0.85787972 0.82356453 0.78753358 0.75047318
 0.71294952 0.67542586 0.63827744 0.60180444 0.56624327 0.53177629
 0.49854027 0.46663369 0.43612303 0.40704816 0.37942703 0.35325965
 0.32853148 0.30521634 0.28327892 0.26267681 0.24336234 0.225284
 0.2083877  0.19261782 0.17791804 0.16423203 0.15150405 0.13967934
 0.12870454 0.1185279  0.10909954 0.10037158 0.09229821 0.08483581
 0.0779429  0.07158021 0.06571063 0.06029917 0.05531289 0.05072088
 0.04649414 0.04260554 0.03902972 0.035743   0.03272334 0.02995017
 0.02740441]",60
4154,166113,166113,60,"[0.25       0.45       0.6075     0.729      0.820125   0.885735
 0.93002175 0.9565938  0.96855122 0.96855122 0.95886571 0.94143179
 0.91789599 0.88965304 0.85787972 0.82356453 0.78753358 0.75047318
 0.71294952 0.67542586 0.63827744 0.60180444 0.56624327 0.53177629
 0.49854027 0.46663369 0.43612303 0.40704816 0.37942703 0.35325965
 0.32853148 0.30521634 0.28327892 0.26267681 0.24336234 0.225284
 0.2083877  0.19261782 0.17791804 0.16423203 0.15150405 0.13967934
 0.12870454 0.1185279  0.10909954 0.10037158 0.09229821 0.08483581
 0.0779429  0.07158021 0.06571063 0.06029917 0.05531289 0.05072088
 0.04649414 0.04260554 0.03902972 0.035743   0.03272334 0.02995017
 0.02740441]",60
4155,60077,60077,1,[1.  1.8],1
4156,333744,333744,6,[1.       1.8      2.43     2.916    3.2805   3.54294  3.720087],6
4157,328283,328283,60,"[0.25       0.45       0.6075     0.729      0.820125   0.885735
 0.93002175 0.9565938  0.96855122 0.96855122 0.95886571 0.94143179
 0.91789599 0.88965304 0.85787972 0.82356453 0.78753358 0.75047318
 0.71294952 0.67542586 0.63827744 0.60180444 0.56624327 0.53177629
 0.49854027 0.46663369 0.43612303 0.40704816 0.37942703 0.35325965
 0.32853148 0.30521634 0.28327892 0.26267681 0.24336234 0.225284
 0.2083877  0.19261782 0.17791804 0.16423203 0.15150405 0.13967934
 0.12870454 0.1185279  0.10909954 0.10037158 0.09229821 0.08483581
 0.0779429  0.07158021 0.06571063 0.06029917 0.05531289 0.05072088
 0.04649414 0.04260554 0.03902972 0.035743   0.03272334 0.02995017
 0.02740441]",60
4158,235243,235243,1,[1.  1.8],1
4159,161586,161586,1,[1.  1.8],1
4160,159347,159347,6,[1.       1.8      2.43     2.916    3.2805   3.54294  3.720087],6
4161,207338,207338,30,"[0.25       0.45       0.6075     0.729      0.820125   0.885735
 0.93002175 0.9565938  0.96855122 0.96855122 0.95886571 0.94143179
 0.91789599 0.88965304 0.85787972 0.82356453 0.78753358 0.75047318
 0.71294952 0.67542586 0.63827744 0.60180444 0.56624327 0.53177629
 0.49854027 0.46663369 0.43612303 0.40704816 0.37942703 0.35325965
 0.32853148]",30
4162,202535,202535,30,"[0.25       0.45       0.6075     0.729      0.820125   0.885735
 0.93002175 0.9565938  0.96855122 0.96855122 0.95886571 0.94143179
 0.91789599 0.88965304 0.85787972 0.82356453 0.78753358 0.75047318
 0.71294952 0.67542586 0.63827744 0.60180444 0.56624327 0.53177629
 0.49854027 0.46663369 0.43612303 0.40704816 0.37942703 0.35325965
 0.32853148]",30
4163,271327,271327,30,"[0.25       0.45       0.6075     0.729      0.820125   0.885735
 0.93002175 0.9565938  0.96855122 0.96855122 0.95886571 0.94143179
 0.91789599 0.88965304 0.85787972 0.82356453 0.78753358 0.75047318
 0.71294952 0.67542586 0.63827744 0.60180444 0.56624327 0.53177629
 0.49854027 0.46663369 0.43612303 0.40704816 0.37942703 0.35325965
 0.32853148]",30
4164,20694,20694,9,"[1.         1.8        2.43       2.916      3.2805     3.54294
 3.720087   3.8263752  3.87420489]",8
4165,192355,192355,1,[1.  1.8],1
4166,182816,182816,9,"[1.         1.8        2.43       2.916      3.2805     3.54294
 3.720087   3.8263752  3.87420489]",8
4167,65827,65827,3,[0.29411765 0.52941176 0.71470588 0.85764706],3
4168,342038,342038,1,[1.  1.8],1
4169,91390,91390,60,"[0.25       0.45       0.6075     0.729      0.820125   0.885735
 0.93002175 0.9565938  0.96855122 0.96855122 0.95886571 0.94143179
 0.91789599 0.88965304 0.85787972 0.82356453 0.78753358 0.75047318
 0.71294952 0.67542586 0.63827744 0.60180444 0.56624327 0.53177629
 0.49854027 0.46663369 0.43612303 0.40704816 0.37942703 0.35325965
 0.32853148 0.30521634 0.28327892 0.26267681 0.24336234 0.225284
 0.2083877  0.19261782 0.17791804 0.16423203 0.15150405 0.13967934
 0.12870454 0.1185279  0.10909954 0.10037158 0.09229821 0.08483581
 0.0779429  0.07158021 0.06571063 0.06029917 0.05531289 0.05072088
 0.04649414 0.04260554 0.03902972 0.035743   0.03272334 0.02995017
 0.02740441]",60
4170,270473,270473,1,[1.  1.8],1
4171,209475,209475,1,[1.  1.8],1
4172,158827,158827,60,"[0.25       0.45       0.6075     0.729      0.820125   0.885735
 0.93002175 0.9565938  0.96855122 0.96855122 0.95886571 0.94143179
 0.91789599 0.88965304 0.85787972 0.82356453 0.78753358 0.75047318
 0.71294952 0.67542586 0.63827744 0.60180444 0.56624327 0.53177629
 0.49854027 0.46663369 0.43612303 0.40704816 0.37942703 0.35325965
 0.32853148 0.30521634 0.28327892 0.26267681 0.24336234 0.225284
 0.2083877  0.19261782 0.17791804 0.16423203 0.15150405 0.13967934
 0.12870454 0.1185279  0.10909954 0.10037158 0.09229821 0.08483581
 0.0779429  0.07158021 0.06571063 0.06029917 0.05531289 0.05072088
 0.04649414 0.04260554 0.03902972 0.035743   0.03272334 0.02995017
 0.02740441]",60
4173,236056,236056,6,[1.       1.8      2.43     2.916    3.2805   3.54294  3.720087],6
4174,310941,310941,3,[0.29411765 0.52941176 0.71470588 0.85764706],3
4175,168468,168468,9,"[1.         1.8        2.43       2.916      3.2805     3.54294
 3.720087   3.8263752  3.87420489]",8
4176,336318,336318,1,[1.  1.8],1
4177,164318,164318,9,"[1.         1.8        2.43       2.916      3.2805     3.54294
 3.720087   3.8263752  3.87420489]",8
4178,4926,4926,6,[1.       1.8      2.43     2.916    3.2805   3.54294  3.720087],6
4179,346193,346193,60,"[0.25       0.45       0.6075     0.729      0.820125   0.885735
 0.93002175 0.9565938  0.96855122 0.96855122 0.95886571 0.94143179
 0.91789599 0.88965304 0.85787972 0.82356453 0.78753358 0.75047318
 0.71294952 0.67542586 0.63827744 0.60180444 0.56624327 0.53177629
 0.49854027 0.46663369 0.43612303 0.40704816 0.37942703 0.35325965
 0.32853148 0.30521634 0.28327892 0.26267681 0.24336234 0.225284
 0.2083877  0.19261782 0.17791804 0.16423203 0.15150405 0.13967934
 0.12870454 0.1185279  0.10909954 0.10037158 0.09229821 0.08483581
 0.0779429  0.07158021 0.06571063 0.06029917 0.05531289 0.05072088
 0.04649414 0.04260554 0.03902972 0.035743   0.03272334 0.02995017
 0.02740441]",60
4180,248154,248154,6,[1.       1.8      2.43     2.916    3.2805   3.54294  3.720087],6
4181,183995,183995,3,[0.29411765 0.52941176 0.71470588 0.85764706],3
4182,272265,272265,30,"[0.25       0.45       0.6075     0.729      0.820125   0.885735
 0.93002175 0.9565938  0.96855122 0.96855122 0.95886571 0.94143179
 0.91789599 0.88965304 0.85787972 0.82356453 0.78753358 0.75047318
 0.71294952 0.67542586 0.63827744 0.60180444 0.56624327 0.53177629
 0.49854027 0.46663369 0.43612303 0.40704816 0.37942703 0.35325965
 0.32853148]",30
4183,232690,232690,60,"[0.25       0.45       0.6075     0.729      0.820125   0.885735
 0.93002175 0.9565938  0.96855122 0.96855122 0.95886571 0.94143179
 0.91789599 0.88965304 0.85787972 0.82356453 0.78753358 0.75047318
 0.71294952 0.67542586 0.63827744 0.60180444 0.56624327 0.53177629
 0.49854027 0.46663369 0.43612303 0.40704816 0.37942703 0.35325965
 0.32853148 0.30521634 0.28327892 0.26267681 0.24336234 0.225284
 0.2083877  0.19261782 0.17791804 0.16423203 0.15150405 0.13967934
 0.12870454 0.1185279  0.10909954 0.10037158 0.09229821 0.08483581
 0.0779429  0.07158021 0.06571063 0.06029917 0.05531289 0.05072088
 0.04649414 0.04260554 0.03902972 0.035743   0.03272334 0.02995017
 0.02740441]",60
4184,58578,58578,60,"[0.25       0.45       0.6075     0.729      0.820125   0.885735
 0.93002175 0.9565938  0.96855122 0.96855122 0.95886571 0.94143179
 0.91789599 0.88965304 0.85787972 0.82356453 0.78753358 0.75047318
 0.71294952 0.67542586 0.63827744 0.60180444 0.56624327 0.53177629
 0.49854027 0.46663369 0.43612303 0.40704816 0.37942703 0.35325965
 0.32853148 0.30521634 0.28327892 0.26267681 0.24336234 0.225284
 0.2083877  0.19261782 0.17791804 0.16423203 0.15150405 0.13967934
 0.12870454 0.1185279  0.10909954 0.10037158 0.09229821 0.08483581
 0.0779429  0.07158021 0.06571063 0.06029917 0.05531289 0.05072088
 0.04649414 0.04260554 0.03902972 0.035743   0.03272334 0.02995017
 0.02740441]",60
4185,78105,78105,6,[1.       1.8      2.43     2.916    3.2805   3.54294  3.720087],6
4186,7428,7428,3,[0.29411765 0.52941176 0.71470588 0.85764706],3
4187,173753,173753,30,"[0.25       0.45       0.6075     0.729      0.820125   0.885735
 0.93002175 0.9565938  0.96855122 0.96855122 0.95886571 0.94143179
 0.91789599 0.88965304 0.85787972 0.82356453 0.78753358 0.75047318
 0.71294952 0.67542586 0.63827744 0.60180444 0.56624327 0.53177629
 0.49854027 0.46663369 0.43612303 0.40704816 0.37942703 0.35325965
 0.32853148]",30
4188,298342,298342,1,[1.  1.8],1
4189,211632,211632,60,"[0.25       0.45       0.6075     0.729      0.820125   0.885735
 0.93002175 0.9565938  0.96855122 0.96855122 0.95886571 0.94143179
 0.91789599 0.88965304 0.85787972 0.82356453 0.78753358 0.75047318
 0.71294952 0.67542586 0.63827744 0.60180444 0.56624327 0.53177629
 0.49854027 0.46663369 0.43612303 0.40704816 0.37942703 0.35325965
 0.32853148 0.30521634 0.28327892 0.26267681 0.24336234 0.225284
 0.2083877  0.19261782 0.17791804 0.16423203 0.15150405 0.13967934
 0.12870454 0.1185279  0.10909954 0.10037158 0.09229821 0.08483581
 0.0779429  0.07158021 0.06571063 0.06029917 0.05531289 0.05072088
 0.04649414 0.04260554 0.03902972 0.035743   0.03272334 0.02995017
 0.02740441]",60
4190,115239,115239,6,[1.       1.8      2.43     2.916    3.2805   3.54294  3.720087],6
4191,149092,149092,30,"[0.25       0.45       0.6075     0.729      0.820125   0.885735
 0.93002175 0.9565938  0.96855122 0.96855122 0.95886571 0.94143179
 0.91789599 0.88965304 0.85787972 0.82356453 0.78753358 0.75047318
 0.71294952 0.67542586 0.63827744 0.60180444 0.56624327 0.53177629
 0.49854027 0.46663369 0.43612303 0.40704816 0.37942703 0.35325965
 0.32853148]",30
4192,260494,260494,9,"[1.         1.8        2.43       2.916      3.2805     3.54294
 3.720087   3.8263752  3.87420489]",8
4193,83622,83622,30,"[0.25       0.45       0.6075     0.729      0.820125   0.885735
 0.93002175 0.9565938  0.96855122 0.96855122 0.95886571 0.94143179
 0.91789599 0.88965304 0.85787972 0.82356453 0.78753358 0.75047318
 0.71294952 0.67542586 0.63827744 0.60180444 0.56624327 0.53177629
 0.49854027 0.46663369 0.43612303 0.40704816 0.37942703 0.35325965
 0.32853148]",30
4194,78153,78153,60,"[0.25       0.45       0.6075     0.729      0.820125   0.885735
 0.93002175 0.9565938  0.96855122 0.96855122 0.95886571 0.94143179
 0.91789599 0.88965304 0.85787972 0.82356453 0.78753358 0.75047318
 0.71294952 0.67542586 0.63827744 0.60180444 0.56624327 0.53177629
 0.49854027 0.46663369 0.43612303 0.40704816 0.37942703 0.35325965
 0.32853148 0.30521634 0.28327892 0.26267681 0.24336234 0.225284
 0.2083877  0.19261782 0.17791804 0.16423203 0.15150405 0.13967934
 0.12870454 0.1185279  0.10909954 0.10037158 0.09229821 0.08483581
 0.0779429  0.07158021 0.06571063 0.06029917 0.05531289 0.05072088
 0.04649414 0.04260554 0.03902972 0.035743   0.03272334 0.02995017
 0.02740441]",60
4195,62803,62803,1,[1.  1.8],1
4196,50089,50089,9,"[1.         1.8        2.43       2.916      3.2805     3.54294
 3.720087   3.8263752  3.87420489]",8
4197,343395,343395,3,[0.29411765 0.52941176 0.71470588 0.85764706],3
4198,176794,176794,1,[1.  1.8],1
4199,253662,253662,3,[0.29411765 0.52941176 0.71470588 0.85764706],3
4200,185523,185523,30,"[0.25       0.45       0.6075     0.729      0.820125   0.885735
 0.93002175 0.9565938  0.96855122 0.96855122 0.95886571 0.94143179
 0.91789599 0.88965304 0.85787972 0.82356453 0.78753358 0.75047318
 0.71294952 0.67542586 0.63827744 0.60180444 0.56624327 0.53177629
 0.49854027 0.46663369 0.43612303 0.40704816 0.37942703 0.35325965
 0.32853148]",30
4201,46395,46395,3,[0.29411765 0.52941176 0.71470588 0.85764706],3
4202,42240,42240,6,[1.       1.8      2.43     2.916    3.2805   3.54294  3.720087],6
4203,9029,9029,1,[1.  1.8],1
4204,39344,39344,30,"[0.25       0.45       0.6075     0.729      0.820125   0.885735
 0.93002175 0.9565938  0.96855122 0.96855122 0.95886571 0.94143179
 0.91789599 0.88965304 0.85787972 0.82356453 0.78753358 0.75047318
 0.71294952 0.67542586 0.63827744 0.60180444 0.56624327 0.53177629
 0.49854027 0.46663369 0.43612303 0.40704816 0.37942703 0.35325965
 0.32853148]",30
4205,258233,258233,9,"[1.         1.8        2.43       2.916      3.2805     3.54294
 3.720087   3.8263752  3.87420489]",8
4206,213041,213041,1,[1.  1.8],1
4207,36566,36566,1,[1.  1.8],1
4208,24888,24888,60,"[0.25       0.45       0.6075     0.729      0.820125   0.885735
 0.93002175 0.9565938  0.96855122 0.96855122 0.95886571 0.94143179
 0.91789599 0.88965304 0.85787972 0.82356453 0.78753358 0.75047318
 0.71294952 0.67542586 0.63827744 0.60180444 0.56624327 0.53177629
 0.49854027 0.46663369 0.43612303 0.40704816 0.37942703 0.35325965
 0.32853148 0.30521634 0.28327892 0.26267681 0.24336234 0.225284
 0.2083877  0.19261782 0.17791804 0.16423203 0.15150405 0.13967934
 0.12870454 0.1185279  0.10909954 0.10037158 0.09229821 0.08483581
 0.0779429  0.07158021 0.06571063 0.06029917 0.05531289 0.05072088
 0.04649414 0.04260554 0.03902972 0.035743   0.03272334 0.02995017
 0.02740441]",60
4209,202005,202005,60,"[0.25       0.45       0.6075     0.729      0.820125   0.885735
 0.93002175 0.9565938  0.96855122 0.96855122 0.95886571 0.94143179
 0.91789599 0.88965304 0.85787972 0.82356453 0.78753358 0.75047318
 0.71294952 0.67542586 0.63827744 0.60180444 0.56624327 0.53177629
 0.49854027 0.46663369 0.43612303 0.40704816 0.37942703 0.35325965
 0.32853148 0.30521634 0.28327892 0.26267681 0.24336234 0.225284
 0.2083877  0.19261782 0.17791804 0.16423203 0.15150405 0.13967934
 0.12870454 0.1185279  0.10909954 0.10037158 0.09229821 0.08483581
 0.0779429  0.07158021 0.06571063 0.06029917 0.05531289 0.05072088
 0.04649414 0.04260554 0.03902972 0.035743   0.03272334 0.02995017
 0.02740441]",60
4210,162595,162595,60,"[0.25       0.45       0.6075     0.729      0.820125   0.885735
 0.93002175 0.9565938  0.96855122 0.96855122 0.95886571 0.94143179
 0.91789599 0.88965304 0.85787972 0.82356453 0.78753358 0.75047318
 0.71294952 0.67542586 0.63827744 0.60180444 0.56624327 0.53177629
 0.49854027 0.46663369 0.43612303 0.40704816 0.37942703 0.35325965
 0.32853148 0.30521634 0.28327892 0.26267681 0.24336234 0.225284
 0.2083877  0.19261782 0.17791804 0.16423203 0.15150405 0.13967934
 0.12870454 0.1185279  0.10909954 0.10037158 0.09229821 0.08483581
 0.0779429  0.07158021 0.06571063 0.06029917 0.05531289 0.05072088
 0.04649414 0.04260554 0.03902972 0.035743   0.03272334 0.02995017
 0.02740441]",60
4211,11270,11270,9,"[1.         1.8        2.43       2.916      3.2805     3.54294
 3.720087   3.8263752  3.87420489]",8
4212,212285,212285,6,[1.       1.8      2.43     2.916    3.2805   3.54294  3.720087],6
4213,37132,37132,6,[1.       1.8      2.43     2.916    3.2805   3.54294  3.720087],6
4214,341091,341091,30,"[0.25       0.45       0.6075     0.729      0.820125   0.885735
 0.93002175 0.9565938  0.96855122 0.96855122 0.95886571 0.94143179
 0.91789599 0.88965304 0.85787972 0.82356453 0.78753358 0.75047318
 0.71294952 0.67542586 0.63827744 0.60180444 0.56624327 0.53177629
 0.49854027 0.46663369 0.43612303 0.40704816 0.37942703 0.35325965
 0.32853148]",30
4215,70676,70676,6,[1.       1.8      2.43     2.916    3.2805   3.54294  3.720087],6
4216,122702,122702,1,[1.  1.8],1
4217,78931,78931,3,[0.29411765 0.52941176 0.71470588 0.85764706],3
4218,53754,53754,60,"[0.25       0.45       0.6075     0.729      0.820125   0.885735
 0.93002175 0.9565938  0.96855122 0.96855122 0.95886571 0.94143179
 0.91789599 0.88965304 0.85787972 0.82356453 0.78753358 0.75047318
 0.71294952 0.67542586 0.63827744 0.60180444 0.56624327 0.53177629
 0.49854027 0.46663369 0.43612303 0.40704816 0.37942703 0.35325965
 0.32853148 0.30521634 0.28327892 0.26267681 0.24336234 0.225284
 0.2083877  0.19261782 0.17791804 0.16423203 0.15150405 0.13967934
 0.12870454 0.1185279  0.10909954 0.10037158 0.09229821 0.08483581
 0.0779429  0.07158021 0.06571063 0.06029917 0.05531289 0.05072088
 0.04649414 0.04260554 0.03902972 0.035743   0.03272334 0.02995017
 0.02740441]",60
4219,288127,288127,3,[0.29411765 0.52941176 0.71470588 0.85764706],3
4220,930,930,3,[0.29411765 0.52941176 0.71470588 0.85764706],3
4221,212019,212019,1,[1.  1.8],1
4222,255361,255361,30,"[0.25       0.45       0.6075     0.729      0.820125   0.885735
 0.93002175 0.9565938  0.96855122 0.96855122 0.95886571 0.94143179
 0.91789599 0.88965304 0.85787972 0.82356453 0.78753358 0.75047318
 0.71294952 0.67542586 0.63827744 0.60180444 0.56624327 0.53177629
 0.49854027 0.46663369 0.43612303 0.40704816 0.37942703 0.35325965
 0.32853148]",30
4223,198628,198628,6,[1.       1.8      2.43     2.916    3.2805   3.54294  3.720087],6
4224,334474,334474,6,[1.       1.8      2.43     2.916    3.2805   3.54294  3.720087],6
4225,214798,214798,6,[1.       1.8      2.43     2.916    3.2805   3.54294  3.720087],6
4226,257532,257532,1,[1.  1.8],1
4227,204298,204298,6,[1.       1.8      2.43     2.916    3.2805   3.54294  3.720087],6
4228,235091,235091,9,"[1.         1.8        2.43       2.916      3.2805     3.54294
 3.720087   3.8263752  3.87420489]",8
4229,178032,178032,1,[1.  1.8],1
4230,319637,319637,60,"[0.25       0.45       0.6075     0.729      0.820125   0.885735
 0.93002175 0.9565938  0.96855122 0.96855122 0.95886571 0.94143179
 0.91789599 0.88965304 0.85787972 0.82356453 0.78753358 0.75047318
 0.71294952 0.67542586 0.63827744 0.60180444 0.56624327 0.53177629
 0.49854027 0.46663369 0.43612303 0.40704816 0.37942703 0.35325965
 0.32853148 0.30521634 0.28327892 0.26267681 0.24336234 0.225284
 0.2083877  0.19261782 0.17791804 0.16423203 0.15150405 0.13967934
 0.12870454 0.1185279  0.10909954 0.10037158 0.09229821 0.08483581
 0.0779429  0.07158021 0.06571063 0.06029917 0.05531289 0.05072088
 0.04649414 0.04260554 0.03902972 0.035743   0.03272334 0.02995017
 0.02740441]",60
4231,117462,117462,6,[1.       1.8      2.43     2.916    3.2805   3.54294  3.720087],6
4232,201281,201281,1,[1.  1.8],1
4233,249579,249579,6,[1.       1.8      2.43     2.916    3.2805   3.54294  3.720087],6
4234,53452,53452,60,"[0.25       0.45       0.6075     0.729      0.820125   0.885735
 0.93002175 0.9565938  0.96855122 0.96855122 0.95886571 0.94143179
 0.91789599 0.88965304 0.85787972 0.82356453 0.78753358 0.75047318
 0.71294952 0.67542586 0.63827744 0.60180444 0.56624327 0.53177629
 0.49854027 0.46663369 0.43612303 0.40704816 0.37942703 0.35325965
 0.32853148 0.30521634 0.28327892 0.26267681 0.24336234 0.225284
 0.2083877  0.19261782 0.17791804 0.16423203 0.15150405 0.13967934
 0.12870454 0.1185279  0.10909954 0.10037158 0.09229821 0.08483581
 0.0779429  0.07158021 0.06571063 0.06029917 0.05531289 0.05072088
 0.04649414 0.04260554 0.03902972 0.035743   0.03272334 0.02995017
 0.02740441]",60
4235,44417,44417,30,"[0.25       0.45       0.6075     0.729      0.820125   0.885735
 0.93002175 0.9565938  0.96855122 0.96855122 0.95886571 0.94143179
 0.91789599 0.88965304 0.85787972 0.82356453 0.78753358 0.75047318
 0.71294952 0.67542586 0.63827744 0.60180444 0.56624327 0.53177629
 0.49854027 0.46663369 0.43612303 0.40704816 0.37942703 0.35325965
 0.32853148]",30
4236,206694,206694,30,"[0.25       0.45       0.6075     0.729      0.820125   0.885735
 0.93002175 0.9565938  0.96855122 0.96855122 0.95886571 0.94143179
 0.91789599 0.88965304 0.85787972 0.82356453 0.78753358 0.75047318
 0.71294952 0.67542586 0.63827744 0.60180444 0.56624327 0.53177629
 0.49854027 0.46663369 0.43612303 0.40704816 0.37942703 0.35325965
 0.32853148]",30
4237,222828,222828,3,[0.29411765 0.52941176 0.71470588 0.85764706],3
4238,228254,228254,30,"[0.25       0.45       0.6075     0.729      0.820125   0.885735
 0.93002175 0.9565938  0.96855122 0.96855122 0.95886571 0.94143179
 0.91789599 0.88965304 0.85787972 0.82356453 0.78753358 0.75047318
 0.71294952 0.67542586 0.63827744 0.60180444 0.56624327 0.53177629
 0.49854027 0.46663369 0.43612303 0.40704816 0.37942703 0.35325965
 0.32853148]",30
4239,206806,206806,6,[1.       1.8      2.43     2.916    3.2805   3.54294  3.720087],6
4240,162409,162409,30,"[0.25       0.45       0.6075     0.729      0.820125   0.885735
 0.93002175 0.9565938  0.96855122 0.96855122 0.95886571 0.94143179
 0.91789599 0.88965304 0.85787972 0.82356453 0.78753358 0.75047318
 0.71294952 0.67542586 0.63827744 0.60180444 0.56624327 0.53177629
 0.49854027 0.46663369 0.43612303 0.40704816 0.37942703 0.35325965
 0.32853148]",30
4241,36108,36108,60,"[0.25       0.45       0.6075     0.729      0.820125   0.885735
 0.93002175 0.9565938  0.96855122 0.96855122 0.95886571 0.94143179
 0.91789599 0.88965304 0.85787972 0.82356453 0.78753358 0.75047318
 0.71294952 0.67542586 0.63827744 0.60180444 0.56624327 0.53177629
 0.49854027 0.46663369 0.43612303 0.40704816 0.37942703 0.35325965
 0.32853148 0.30521634 0.28327892 0.26267681 0.24336234 0.225284
 0.2083877  0.19261782 0.17791804 0.16423203 0.15150405 0.13967934
 0.12870454 0.1185279  0.10909954 0.10037158 0.09229821 0.08483581
 0.0779429  0.07158021 0.06571063 0.06029917 0.05531289 0.05072088
 0.04649414 0.04260554 0.03902972 0.035743   0.03272334 0.02995017
 0.02740441]",60
4242,149588,149588,1,[1.  1.8],1
4243,297002,297002,1,[1.  1.8],1
4244,107937,107937,30,"[0.25       0.45       0.6075     0.729      0.820125   0.885735
 0.93002175 0.9565938  0.96855122 0.96855122 0.95886571 0.94143179
 0.91789599 0.88965304 0.85787972 0.82356453 0.78753358 0.75047318
 0.71294952 0.67542586 0.63827744 0.60180444 0.56624327 0.53177629
 0.49854027 0.46663369 0.43612303 0.40704816 0.37942703 0.35325965
 0.32853148]",30
4245,92364,92364,1,[1.  1.8],1
4246,136418,136418,9,"[1.         1.8        2.43       2.916      3.2805     3.54294
 3.720087   3.8263752  3.87420489]",8
4247,176203,176203,6,[1.       1.8      2.43     2.916    3.2805   3.54294  3.720087],6
4248,48883,48883,1,[1.  1.8],1
4249,62980,62980,9,"[1.         1.8        2.43       2.916      3.2805     3.54294
 3.720087   3.8263752  3.87420489]",8
4250,23781,23781,1,[1.  1.8],1
4251,41930,41930,9,"[1.         1.8        2.43       2.916      3.2805     3.54294
 3.720087   3.8263752  3.87420489]",8
4252,348210,348210,3,[0.29411765 0.52941176 0.71470588 0.85764706],3
4253,118338,118338,9,"[1.         1.8        2.43       2.916      3.2805     3.54294
 3.720087   3.8263752  3.87420489]",8
4254,247450,247450,30,"[0.25       0.45       0.6075     0.729      0.820125   0.885735
 0.93002175 0.9565938  0.96855122 0.96855122 0.95886571 0.94143179
 0.91789599 0.88965304 0.85787972 0.82356453 0.78753358 0.75047318
 0.71294952 0.67542586 0.63827744 0.60180444 0.56624327 0.53177629
 0.49854027 0.46663369 0.43612303 0.40704816 0.37942703 0.35325965
 0.32853148]",30
4255,45396,45396,60,"[0.25       0.45       0.6075     0.729      0.820125   0.885735
 0.93002175 0.9565938  0.96855122 0.96855122 0.95886571 0.94143179
 0.91789599 0.88965304 0.85787972 0.82356453 0.78753358 0.75047318
 0.71294952 0.67542586 0.63827744 0.60180444 0.56624327 0.53177629
 0.49854027 0.46663369 0.43612303 0.40704816 0.37942703 0.35325965
 0.32853148 0.30521634 0.28327892 0.26267681 0.24336234 0.225284
 0.2083877  0.19261782 0.17791804 0.16423203 0.15150405 0.13967934
 0.12870454 0.1185279  0.10909954 0.10037158 0.09229821 0.08483581
 0.0779429  0.07158021 0.06571063 0.06029917 0.05531289 0.05072088
 0.04649414 0.04260554 0.03902972 0.035743   0.03272334 0.02995017
 0.02740441]",60
4256,236944,236944,3,[0.29411765 0.52941176 0.71470588 0.85764706],3
4257,127501,127501,60,"[0.25       0.45       0.6075     0.729      0.820125   0.885735
 0.93002175 0.9565938  0.96855122 0.96855122 0.95886571 0.94143179
 0.91789599 0.88965304 0.85787972 0.82356453 0.78753358 0.75047318
 0.71294952 0.67542586 0.63827744 0.60180444 0.56624327 0.53177629
 0.49854027 0.46663369 0.43612303 0.40704816 0.37942703 0.35325965
 0.32853148 0.30521634 0.28327892 0.26267681 0.24336234 0.225284
 0.2083877  0.19261782 0.17791804 0.16423203 0.15150405 0.13967934
 0.12870454 0.1185279  0.10909954 0.10037158 0.09229821 0.08483581
 0.0779429  0.07158021 0.06571063 0.06029917 0.05531289 0.05072088
 0.04649414 0.04260554 0.03902972 0.035743   0.03272334 0.02995017
 0.02740441]",60
4258,9700,9700,30,"[0.25       0.45       0.6075     0.729      0.820125   0.885735
 0.93002175 0.9565938  0.96855122 0.96855122 0.95886571 0.94143179
 0.91789599 0.88965304 0.85787972 0.82356453 0.78753358 0.75047318
 0.71294952 0.67542586 0.63827744 0.60180444 0.56624327 0.53177629
 0.49854027 0.46663369 0.43612303 0.40704816 0.37942703 0.35325965
 0.32853148]",30
4259,315087,315087,60,"[0.25       0.45       0.6075     0.729      0.820125   0.885735
 0.93002175 0.9565938  0.96855122 0.96855122 0.95886571 0.94143179
 0.91789599 0.88965304 0.85787972 0.82356453 0.78753358 0.75047318
 0.71294952 0.67542586 0.63827744 0.60180444 0.56624327 0.53177629
 0.49854027 0.46663369 0.43612303 0.40704816 0.37942703 0.35325965
 0.32853148 0.30521634 0.28327892 0.26267681 0.24336234 0.225284
 0.2083877  0.19261782 0.17791804 0.16423203 0.15150405 0.13967934
 0.12870454 0.1185279  0.10909954 0.10037158 0.09229821 0.08483581
 0.0779429  0.07158021 0.06571063 0.06029917 0.05531289 0.05072088
 0.04649414 0.04260554 0.03902972 0.035743   0.03272334 0.02995017
 0.02740441]",60
4260,290249,290249,30,"[0.25       0.45       0.6075     0.729      0.820125   0.885735
 0.93002175 0.9565938  0.96855122 0.96855122 0.95886571 0.94143179
 0.91789599 0.88965304 0.85787972 0.82356453 0.78753358 0.75047318
 0.71294952 0.67542586 0.63827744 0.60180444 0.56624327 0.53177629
 0.49854027 0.46663369 0.43612303 0.40704816 0.37942703 0.35325965
 0.32853148]",30
4261,195942,195942,6,[1.       1.8      2.43     2.916    3.2805   3.54294  3.720087],6
4262,344618,344618,6,[1.       1.8      2.43     2.916    3.2805   3.54294  3.720087],6
4263,296982,296982,9,"[1.         1.8        2.43       2.916      3.2805     3.54294
 3.720087   3.8263752  3.87420489]",8
4264,32457,32457,30,"[0.25       0.45       0.6075     0.729      0.820125   0.885735
 0.93002175 0.9565938  0.96855122 0.96855122 0.95886571 0.94143179
 0.91789599 0.88965304 0.85787972 0.82356453 0.78753358 0.75047318
 0.71294952 0.67542586 0.63827744 0.60180444 0.56624327 0.53177629
 0.49854027 0.46663369 0.43612303 0.40704816 0.37942703 0.35325965
 0.32853148]",30
4265,37886,37886,3,[0.29411765 0.52941176 0.71470588 0.85764706],3
4266,187179,187179,3,[0.29411765 0.52941176 0.71470588 0.85764706],3
4267,100076,100076,60,"[0.25       0.45       0.6075     0.729      0.820125   0.885735
 0.93002175 0.9565938  0.96855122 0.96855122 0.95886571 0.94143179
 0.91789599 0.88965304 0.85787972 0.82356453 0.78753358 0.75047318
 0.71294952 0.67542586 0.63827744 0.60180444 0.56624327 0.53177629
 0.49854027 0.46663369 0.43612303 0.40704816 0.37942703 0.35325965
 0.32853148 0.30521634 0.28327892 0.26267681 0.24336234 0.225284
 0.2083877  0.19261782 0.17791804 0.16423203 0.15150405 0.13967934
 0.12870454 0.1185279  0.10909954 0.10037158 0.09229821 0.08483581
 0.0779429  0.07158021 0.06571063 0.06029917 0.05531289 0.05072088
 0.04649414 0.04260554 0.03902972 0.035743   0.03272334 0.02995017
 0.02740441]",60
4268,334392,334392,1,[1.  1.8],1
4269,197301,197301,30,"[0.25       0.45       0.6075     0.729      0.820125   0.885735
 0.93002175 0.9565938  0.96855122 0.96855122 0.95886571 0.94143179
 0.91789599 0.88965304 0.85787972 0.82356453 0.78753358 0.75047318
 0.71294952 0.67542586 0.63827744 0.60180444 0.56624327 0.53177629
 0.49854027 0.46663369 0.43612303 0.40704816 0.37942703 0.35325965
 0.32853148]",30
4270,54900,54900,6,[1.       1.8      2.43     2.916    3.2805   3.54294  3.720087],6
4271,308334,308334,3,[0.29411765 0.52941176 0.71470588 0.85764706],3
4272,279937,279937,9,"[1.         1.8        2.43       2.916      3.2805     3.54294
 3.720087   3.8263752  3.87420489]",8
4273,236266,236266,9,"[1.         1.8        2.43       2.916      3.2805     3.54294
 3.720087   3.8263752  3.87420489]",8
4274,299210,299210,60,"[0.25       0.45       0.6075     0.729      0.820125   0.885735
 0.93002175 0.9565938  0.96855122 0.96855122 0.95886571 0.94143179
 0.91789599 0.88965304 0.85787972 0.82356453 0.78753358 0.75047318
 0.71294952 0.67542586 0.63827744 0.60180444 0.56624327 0.53177629
 0.49854027 0.46663369 0.43612303 0.40704816 0.37942703 0.35325965
 0.32853148 0.30521634 0.28327892 0.26267681 0.24336234 0.225284
 0.2083877  0.19261782 0.17791804 0.16423203 0.15150405 0.13967934
 0.12870454 0.1185279  0.10909954 0.10037158 0.09229821 0.08483581
 0.0779429  0.07158021 0.06571063 0.06029917 0.05531289 0.05072088
 0.04649414 0.04260554 0.03902972 0.035743   0.03272334 0.02995017
 0.02740441]",60
4275,320646,320646,1,[1.  1.8],1
4276,106722,106722,30,"[0.25       0.45       0.6075     0.729      0.820125   0.885735
 0.93002175 0.9565938  0.96855122 0.96855122 0.95886571 0.94143179
 0.91789599 0.88965304 0.85787972 0.82356453 0.78753358 0.75047318
 0.71294952 0.67542586 0.63827744 0.60180444 0.56624327 0.53177629
 0.49854027 0.46663369 0.43612303 0.40704816 0.37942703 0.35325965
 0.32853148]",30
4277,76851,76851,3,[0.29411765 0.52941176 0.71470588 0.85764706],3
4278,19220,19220,60,"[0.25       0.45       0.6075     0.729      0.820125   0.885735
 0.93002175 0.9565938  0.96855122 0.96855122 0.95886571 0.94143179
 0.91789599 0.88965304 0.85787972 0.82356453 0.78753358 0.75047318
 0.71294952 0.67542586 0.63827744 0.60180444 0.56624327 0.53177629
 0.49854027 0.46663369 0.43612303 0.40704816 0.37942703 0.35325965
 0.32853148 0.30521634 0.28327892 0.26267681 0.24336234 0.225284
 0.2083877  0.19261782 0.17791804 0.16423203 0.15150405 0.13967934
 0.12870454 0.1185279  0.10909954 0.10037158 0.09229821 0.08483581
 0.0779429  0.07158021 0.06571063 0.06029917 0.05531289 0.05072088
 0.04649414 0.04260554 0.03902972 0.035743   0.03272334 0.02995017
 0.02740441]",60
4279,149589,149589,3,[0.29411765 0.52941176 0.71470588 0.85764706],3
4280,235188,235188,9,"[1.         1.8        2.43       2.916      3.2805     3.54294
 3.720087   3.8263752  3.87420489]",8
4281,211365,211365,6,[1.       1.8      2.43     2.916    3.2805   3.54294  3.720087],6
4282,234265,234265,9,"[1.         1.8        2.43       2.916      3.2805     3.54294
 3.720087   3.8263752  3.87420489]",8
4283,52796,52796,9,"[1.         1.8        2.43       2.916      3.2805     3.54294
 3.720087   3.8263752  3.87420489]",8
4284,140810,140810,9,"[1.         1.8        2.43       2.916      3.2805     3.54294
 3.720087   3.8263752  3.87420489]",8
4285,158999,158999,60,"[0.25       0.45       0.6075     0.729      0.820125   0.885735
 0.93002175 0.9565938  0.96855122 0.96855122 0.95886571 0.94143179
 0.91789599 0.88965304 0.85787972 0.82356453 0.78753358 0.75047318
 0.71294952 0.67542586 0.63827744 0.60180444 0.56624327 0.53177629
 0.49854027 0.46663369 0.43612303 0.40704816 0.37942703 0.35325965
 0.32853148 0.30521634 0.28327892 0.26267681 0.24336234 0.225284
 0.2083877  0.19261782 0.17791804 0.16423203 0.15150405 0.13967934
 0.12870454 0.1185279  0.10909954 0.10037158 0.09229821 0.08483581
 0.0779429  0.07158021 0.06571063 0.06029917 0.05531289 0.05072088
 0.04649414 0.04260554 0.03902972 0.035743   0.03272334 0.02995017
 0.02740441]",60
4286,210927,210927,60,"[0.25       0.45       0.6075     0.729      0.820125   0.885735
 0.93002175 0.9565938  0.96855122 0.96855122 0.95886571 0.94143179
 0.91789599 0.88965304 0.85787972 0.82356453 0.78753358 0.75047318
 0.71294952 0.67542586 0.63827744 0.60180444 0.56624327 0.53177629
 0.49854027 0.46663369 0.43612303 0.40704816 0.37942703 0.35325965
 0.32853148 0.30521634 0.28327892 0.26267681 0.24336234 0.225284
 0.2083877  0.19261782 0.17791804 0.16423203 0.15150405 0.13967934
 0.12870454 0.1185279  0.10909954 0.10037158 0.09229821 0.08483581
 0.0779429  0.07158021 0.06571063 0.06029917 0.05531289 0.05072088
 0.04649414 0.04260554 0.03902972 0.035743   0.03272334 0.02995017
 0.02740441]",60
4287,113131,113131,9,"[1.         1.8        2.43       2.916      3.2805     3.54294
 3.720087   3.8263752  3.87420489]",8
4288,82386,82386,3,[0.29411765 0.52941176 0.71470588 0.85764706],3
4289,109990,109990,6,[1.       1.8      2.43     2.916    3.2805   3.54294  3.720087],6
4290,213943,213943,60,"[0.25       0.45       0.6075     0.729      0.820125   0.885735
 0.93002175 0.9565938  0.96855122 0.96855122 0.95886571 0.94143179
 0.91789599 0.88965304 0.85787972 0.82356453 0.78753358 0.75047318
 0.71294952 0.67542586 0.63827744 0.60180444 0.56624327 0.53177629
 0.49854027 0.46663369 0.43612303 0.40704816 0.37942703 0.35325965
 0.32853148 0.30521634 0.28327892 0.26267681 0.24336234 0.225284
 0.2083877  0.19261782 0.17791804 0.16423203 0.15150405 0.13967934
 0.12870454 0.1185279  0.10909954 0.10037158 0.09229821 0.08483581
 0.0779429  0.07158021 0.06571063 0.06029917 0.05531289 0.05072088
 0.04649414 0.04260554 0.03902972 0.035743   0.03272334 0.02995017
 0.02740441]",60
4291,169329,169329,6,[1.       1.8      2.43     2.916    3.2805   3.54294  3.720087],6
4292,178913,178913,6,[1.       1.8      2.43     2.916    3.2805   3.54294  3.720087],6
4293,236225,236225,60,"[0.25       0.45       0.6075     0.729      0.820125   0.885735
 0.93002175 0.9565938  0.96855122 0.96855122 0.95886571 0.94143179
 0.91789599 0.88965304 0.85787972 0.82356453 0.78753358 0.75047318
 0.71294952 0.67542586 0.63827744 0.60180444 0.56624327 0.53177629
 0.49854027 0.46663369 0.43612303 0.40704816 0.37942703 0.35325965
 0.32853148 0.30521634 0.28327892 0.26267681 0.24336234 0.225284
 0.2083877  0.19261782 0.17791804 0.16423203 0.15150405 0.13967934
 0.12870454 0.1185279  0.10909954 0.10037158 0.09229821 0.08483581
 0.0779429  0.07158021 0.06571063 0.06029917 0.05531289 0.05072088
 0.04649414 0.04260554 0.03902972 0.035743   0.03272334 0.02995017
 0.02740441]",60
4294,164322,164322,60,"[0.25       0.45       0.6075     0.729      0.820125   0.885735
 0.93002175 0.9565938  0.96855122 0.96855122 0.95886571 0.94143179
 0.91789599 0.88965304 0.85787972 0.82356453 0.78753358 0.75047318
 0.71294952 0.67542586 0.63827744 0.60180444 0.56624327 0.53177629
 0.49854027 0.46663369 0.43612303 0.40704816 0.37942703 0.35325965
 0.32853148 0.30521634 0.28327892 0.26267681 0.24336234 0.225284
 0.2083877  0.19261782 0.17791804 0.16423203 0.15150405 0.13967934
 0.12870454 0.1185279  0.10909954 0.10037158 0.09229821 0.08483581
 0.0779429  0.07158021 0.06571063 0.06029917 0.05531289 0.05072088
 0.04649414 0.04260554 0.03902972 0.035743   0.03272334 0.02995017
 0.02740441]",60
4295,29575,29575,1,[1.  1.8],1
4296,164358,164358,9,"[1.         1.8        2.43       2.916      3.2805     3.54294
 3.720087   3.8263752  3.87420489]",8
4297,50451,50451,3,[0.29411765 0.52941176 0.71470588 0.85764706],3
4298,278203,278203,3,[0.29411765 0.52941176 0.71470588 0.85764706],3
4299,291830,291830,1,[1.  1.8],1
4300,322189,322189,9,"[1.         1.8        2.43       2.916      3.2805     3.54294
 3.720087   3.8263752  3.87420489]",8
4301,244431,244431,3,[0.29411765 0.52941176 0.71470588 0.85764706],3
4302,268813,268813,9,"[1.         1.8        2.43       2.916      3.2805     3.54294
 3.720087   3.8263752  3.87420489]",8
4303,332806,332806,1,[1.  1.8],1
4304,163597,163597,6,[1.       1.8      2.43     2.916    3.2805   3.54294  3.720087],6
4305,123336,123336,60,"[0.25       0.45       0.6075     0.729      0.820125   0.885735
 0.93002175 0.9565938  0.96855122 0.96855122 0.95886571 0.94143179
 0.91789599 0.88965304 0.85787972 0.82356453 0.78753358 0.75047318
 0.71294952 0.67542586 0.63827744 0.60180444 0.56624327 0.53177629
 0.49854027 0.46663369 0.43612303 0.40704816 0.37942703 0.35325965
 0.32853148 0.30521634 0.28327892 0.26267681 0.24336234 0.225284
 0.2083877  0.19261782 0.17791804 0.16423203 0.15150405 0.13967934
 0.12870454 0.1185279  0.10909954 0.10037158 0.09229821 0.08483581
 0.0779429  0.07158021 0.06571063 0.06029917 0.05531289 0.05072088
 0.04649414 0.04260554 0.03902972 0.035743   0.03272334 0.02995017
 0.02740441]",60
4306,264210,264210,6,[1.       1.8      2.43     2.916    3.2805   3.54294  3.720087],6
4307,82128,82128,1,[1.  1.8],1
4308,183357,183357,60,"[0.25       0.45       0.6075     0.729      0.820125   0.885735
 0.93002175 0.9565938  0.96855122 0.96855122 0.95886571 0.94143179
 0.91789599 0.88965304 0.85787972 0.82356453 0.78753358 0.75047318
 0.71294952 0.67542586 0.63827744 0.60180444 0.56624327 0.53177629
 0.49854027 0.46663369 0.43612303 0.40704816 0.37942703 0.35325965
 0.32853148 0.30521634 0.28327892 0.26267681 0.24336234 0.225284
 0.2083877  0.19261782 0.17791804 0.16423203 0.15150405 0.13967934
 0.12870454 0.1185279  0.10909954 0.10037158 0.09229821 0.08483581
 0.0779429  0.07158021 0.06571063 0.06029917 0.05531289 0.05072088
 0.04649414 0.04260554 0.03902972 0.035743   0.03272334 0.02995017
 0.02740441]",60
4309,320479,320479,60,"[0.25       0.45       0.6075     0.729      0.820125   0.885735
 0.93002175 0.9565938  0.96855122 0.96855122 0.95886571 0.94143179
 0.91789599 0.88965304 0.85787972 0.82356453 0.78753358 0.75047318
 0.71294952 0.67542586 0.63827744 0.60180444 0.56624327 0.53177629
 0.49854027 0.46663369 0.43612303 0.40704816 0.37942703 0.35325965
 0.32853148 0.30521634 0.28327892 0.26267681 0.24336234 0.225284
 0.2083877  0.19261782 0.17791804 0.16423203 0.15150405 0.13967934
 0.12870454 0.1185279  0.10909954 0.10037158 0.09229821 0.08483581
 0.0779429  0.07158021 0.06571063 0.06029917 0.05531289 0.05072088
 0.04649414 0.04260554 0.03902972 0.035743   0.03272334 0.02995017
 0.02740441]",60
4310,125103,125103,60,"[0.25       0.45       0.6075     0.729      0.820125   0.885735
 0.93002175 0.9565938  0.96855122 0.96855122 0.95886571 0.94143179
 0.91789599 0.88965304 0.85787972 0.82356453 0.78753358 0.75047318
 0.71294952 0.67542586 0.63827744 0.60180444 0.56624327 0.53177629
 0.49854027 0.46663369 0.43612303 0.40704816 0.37942703 0.35325965
 0.32853148 0.30521634 0.28327892 0.26267681 0.24336234 0.225284
 0.2083877  0.19261782 0.17791804 0.16423203 0.15150405 0.13967934
 0.12870454 0.1185279  0.10909954 0.10037158 0.09229821 0.08483581
 0.0779429  0.07158021 0.06571063 0.06029917 0.05531289 0.05072088
 0.04649414 0.04260554 0.03902972 0.035743   0.03272334 0.02995017
 0.02740441]",60
4311,221430,221430,3,[0.29411765 0.52941176 0.71470588 0.85764706],3
4312,274629,274629,30,"[0.25       0.45       0.6075     0.729      0.820125   0.885735
 0.93002175 0.9565938  0.96855122 0.96855122 0.95886571 0.94143179
 0.91789599 0.88965304 0.85787972 0.82356453 0.78753358 0.75047318
 0.71294952 0.67542586 0.63827744 0.60180444 0.56624327 0.53177629
 0.49854027 0.46663369 0.43612303 0.40704816 0.37942703 0.35325965
 0.32853148]",30
4313,167984,167984,60,"[0.25       0.45       0.6075     0.729      0.820125   0.885735
 0.93002175 0.9565938  0.96855122 0.96855122 0.95886571 0.94143179
 0.91789599 0.88965304 0.85787972 0.82356453 0.78753358 0.75047318
 0.71294952 0.67542586 0.63827744 0.60180444 0.56624327 0.53177629
 0.49854027 0.46663369 0.43612303 0.40704816 0.37942703 0.35325965
 0.32853148 0.30521634 0.28327892 0.26267681 0.24336234 0.225284
 0.2083877  0.19261782 0.17791804 0.16423203 0.15150405 0.13967934
 0.12870454 0.1185279  0.10909954 0.10037158 0.09229821 0.08483581
 0.0779429  0.07158021 0.06571063 0.06029917 0.05531289 0.05072088
 0.04649414 0.04260554 0.03902972 0.035743   0.03272334 0.02995017
 0.02740441]",60
4314,234291,234291,3,[0.29411765 0.52941176 0.71470588 0.85764706],3
4315,166350,166350,9,"[1.         1.8        2.43       2.916      3.2805     3.54294
 3.720087   3.8263752  3.87420489]",8
4316,109088,109088,1,[1.  1.8],1
4317,22289,22289,30,"[0.25       0.45       0.6075     0.729      0.820125   0.885735
 0.93002175 0.9565938  0.96855122 0.96855122 0.95886571 0.94143179
 0.91789599 0.88965304 0.85787972 0.82356453 0.78753358 0.75047318
 0.71294952 0.67542586 0.63827744 0.60180444 0.56624327 0.53177629
 0.49854027 0.46663369 0.43612303 0.40704816 0.37942703 0.35325965
 0.32853148]",30
4318,142385,142385,1,[1.  1.8],1
4319,235189,235189,30,"[0.25       0.45       0.6075     0.729      0.820125   0.885735
 0.93002175 0.9565938  0.96855122 0.96855122 0.95886571 0.94143179
 0.91789599 0.88965304 0.85787972 0.82356453 0.78753358 0.75047318
 0.71294952 0.67542586 0.63827744 0.60180444 0.56624327 0.53177629
 0.49854027 0.46663369 0.43612303 0.40704816 0.37942703 0.35325965
 0.32853148]",30
4320,36057,36057,60,"[0.25       0.45       0.6075     0.729      0.820125   0.885735
 0.93002175 0.9565938  0.96855122 0.96855122 0.95886571 0.94143179
 0.91789599 0.88965304 0.85787972 0.82356453 0.78753358 0.75047318
 0.71294952 0.67542586 0.63827744 0.60180444 0.56624327 0.53177629
 0.49854027 0.46663369 0.43612303 0.40704816 0.37942703 0.35325965
 0.32853148 0.30521634 0.28327892 0.26267681 0.24336234 0.225284
 0.2083877  0.19261782 0.17791804 0.16423203 0.15150405 0.13967934
 0.12870454 0.1185279  0.10909954 0.10037158 0.09229821 0.08483581
 0.0779429  0.07158021 0.06571063 0.06029917 0.05531289 0.05072088
 0.04649414 0.04260554 0.03902972 0.035743   0.03272334 0.02995017
 0.02740441]",60
4321,74299,74299,60,"[0.25       0.45       0.6075     0.729      0.820125   0.885735
 0.93002175 0.9565938  0.96855122 0.96855122 0.95886571 0.94143179
 0.91789599 0.88965304 0.85787972 0.82356453 0.78753358 0.75047318
 0.71294952 0.67542586 0.63827744 0.60180444 0.56624327 0.53177629
 0.49854027 0.46663369 0.43612303 0.40704816 0.37942703 0.35325965
 0.32853148 0.30521634 0.28327892 0.26267681 0.24336234 0.225284
 0.2083877  0.19261782 0.17791804 0.16423203 0.15150405 0.13967934
 0.12870454 0.1185279  0.10909954 0.10037158 0.09229821 0.08483581
 0.0779429  0.07158021 0.06571063 0.06029917 0.05531289 0.05072088
 0.04649414 0.04260554 0.03902972 0.035743   0.03272334 0.02995017
 0.02740441]",60
4322,113225,113225,3,[0.29411765 0.52941176 0.71470588 0.85764706],3
4323,179377,179377,6,[1.       1.8      2.43     2.916    3.2805   3.54294  3.720087],6
4324,179873,179873,60,"[0.25       0.45       0.6075     0.729      0.820125   0.885735
 0.93002175 0.9565938  0.96855122 0.96855122 0.95886571 0.94143179
 0.91789599 0.88965304 0.85787972 0.82356453 0.78753358 0.75047318
 0.71294952 0.67542586 0.63827744 0.60180444 0.56624327 0.53177629
 0.49854027 0.46663369 0.43612303 0.40704816 0.37942703 0.35325965
 0.32853148 0.30521634 0.28327892 0.26267681 0.24336234 0.225284
 0.2083877  0.19261782 0.17791804 0.16423203 0.15150405 0.13967934
 0.12870454 0.1185279  0.10909954 0.10037158 0.09229821 0.08483581
 0.0779429  0.07158021 0.06571063 0.06029917 0.05531289 0.05072088
 0.04649414 0.04260554 0.03902972 0.035743   0.03272334 0.02995017
 0.02740441]",60
4325,332935,332935,1,[1.  1.8],1
4326,105330,105330,60,"[0.25       0.45       0.6075     0.729      0.820125   0.885735
 0.93002175 0.9565938  0.96855122 0.96855122 0.95886571 0.94143179
 0.91789599 0.88965304 0.85787972 0.82356453 0.78753358 0.75047318
 0.71294952 0.67542586 0.63827744 0.60180444 0.56624327 0.53177629
 0.49854027 0.46663369 0.43612303 0.40704816 0.37942703 0.35325965
 0.32853148 0.30521634 0.28327892 0.26267681 0.24336234 0.225284
 0.2083877  0.19261782 0.17791804 0.16423203 0.15150405 0.13967934
 0.12870454 0.1185279  0.10909954 0.10037158 0.09229821 0.08483581
 0.0779429  0.07158021 0.06571063 0.06029917 0.05531289 0.05072088
 0.04649414 0.04260554 0.03902972 0.035743   0.03272334 0.02995017
 0.02740441]",60
4327,305797,305797,6,[1.       1.8      2.43     2.916    3.2805   3.54294  3.720087],6
4328,244978,244978,1,[1.  1.8],1
4329,32525,32525,30,"[0.25       0.45       0.6075     0.729      0.820125   0.885735
 0.93002175 0.9565938  0.96855122 0.96855122 0.95886571 0.94143179
 0.91789599 0.88965304 0.85787972 0.82356453 0.78753358 0.75047318
 0.71294952 0.67542586 0.63827744 0.60180444 0.56624327 0.53177629
 0.49854027 0.46663369 0.43612303 0.40704816 0.37942703 0.35325965
 0.32853148]",30
4330,214549,214549,1,[1.  1.8],1
4331,188123,188123,1,[1.  1.8],1
4332,263704,263704,60,"[0.25       0.45       0.6075     0.729      0.820125   0.885735
 0.93002175 0.9565938  0.96855122 0.96855122 0.95886571 0.94143179
 0.91789599 0.88965304 0.85787972 0.82356453 0.78753358 0.75047318
 0.71294952 0.67542586 0.63827744 0.60180444 0.56624327 0.53177629
 0.49854027 0.46663369 0.43612303 0.40704816 0.37942703 0.35325965
 0.32853148 0.30521634 0.28327892 0.26267681 0.24336234 0.225284
 0.2083877  0.19261782 0.17791804 0.16423203 0.15150405 0.13967934
 0.12870454 0.1185279  0.10909954 0.10037158 0.09229821 0.08483581
 0.0779429  0.07158021 0.06571063 0.06029917 0.05531289 0.05072088
 0.04649414 0.04260554 0.03902972 0.035743   0.03272334 0.02995017
 0.02740441]",60
4333,119455,119455,1,[1.  1.8],1
4334,70544,70544,6,[1.       1.8      2.43     2.916    3.2805   3.54294  3.720087],6
4335,347275,347275,30,"[0.25       0.45       0.6075     0.729      0.820125   0.885735
 0.93002175 0.9565938  0.96855122 0.96855122 0.95886571 0.94143179
 0.91789599 0.88965304 0.85787972 0.82356453 0.78753358 0.75047318
 0.71294952 0.67542586 0.63827744 0.60180444 0.56624327 0.53177629
 0.49854027 0.46663369 0.43612303 0.40704816 0.37942703 0.35325965
 0.32853148]",30
4336,252731,252731,1,[1.  1.8],1
4337,141540,141540,3,[0.29411765 0.52941176 0.71470588 0.85764706],3
4338,337783,337783,60,"[0.25       0.45       0.6075     0.729      0.820125   0.885735
 0.93002175 0.9565938  0.96855122 0.96855122 0.95886571 0.94143179
 0.91789599 0.88965304 0.85787972 0.82356453 0.78753358 0.75047318
 0.71294952 0.67542586 0.63827744 0.60180444 0.56624327 0.53177629
 0.49854027 0.46663369 0.43612303 0.40704816 0.37942703 0.35325965
 0.32853148 0.30521634 0.28327892 0.26267681 0.24336234 0.225284
 0.2083877  0.19261782 0.17791804 0.16423203 0.15150405 0.13967934
 0.12870454 0.1185279  0.10909954 0.10037158 0.09229821 0.08483581
 0.0779429  0.07158021 0.06571063 0.06029917 0.05531289 0.05072088
 0.04649414 0.04260554 0.03902972 0.035743   0.03272334 0.02995017
 0.02740441]",60
4339,47041,47041,60,"[0.25       0.45       0.6075     0.729      0.820125   0.885735
 0.93002175 0.9565938  0.96855122 0.96855122 0.95886571 0.94143179
 0.91789599 0.88965304 0.85787972 0.82356453 0.78753358 0.75047318
 0.71294952 0.67542586 0.63827744 0.60180444 0.56624327 0.53177629
 0.49854027 0.46663369 0.43612303 0.40704816 0.37942703 0.35325965
 0.32853148 0.30521634 0.28327892 0.26267681 0.24336234 0.225284
 0.2083877  0.19261782 0.17791804 0.16423203 0.15150405 0.13967934
 0.12870454 0.1185279  0.10909954 0.10037158 0.09229821 0.08483581
 0.0779429  0.07158021 0.06571063 0.06029917 0.05531289 0.05072088
 0.04649414 0.04260554 0.03902972 0.035743   0.03272334 0.02995017
 0.02740441]",60
4340,92364,92364,3,[0.29411765 0.52941176 0.71470588 0.85764706],3
4341,176799,176799,1,[1.  1.8],1
4342,208141,208141,9,"[1.         1.8        2.43       2.916      3.2805     3.54294
 3.720087   3.8263752  3.87420489]",8
4343,62827,62827,30,"[0.25       0.45       0.6075     0.729      0.820125   0.885735
 0.93002175 0.9565938  0.96855122 0.96855122 0.95886571 0.94143179
 0.91789599 0.88965304 0.85787972 0.82356453 0.78753358 0.75047318
 0.71294952 0.67542586 0.63827744 0.60180444 0.56624327 0.53177629
 0.49854027 0.46663369 0.43612303 0.40704816 0.37942703 0.35325965
 0.32853148]",30
4344,77129,77129,30,"[0.25       0.45       0.6075     0.729      0.820125   0.885735
 0.93002175 0.9565938  0.96855122 0.96855122 0.95886571 0.94143179
 0.91789599 0.88965304 0.85787972 0.82356453 0.78753358 0.75047318
 0.71294952 0.67542586 0.63827744 0.60180444 0.56624327 0.53177629
 0.49854027 0.46663369 0.43612303 0.40704816 0.37942703 0.35325965
 0.32853148]",30
4345,314625,314625,6,[1.       1.8      2.43     2.916    3.2805   3.54294  3.720087],6
4346,170997,170997,6,[1.       1.8      2.43     2.916    3.2805   3.54294  3.720087],6
4347,162143,162143,1,[1.  1.8],1
4348,264444,264444,60,"[0.25       0.45       0.6075     0.729      0.820125   0.885735
 0.93002175 0.9565938  0.96855122 0.96855122 0.95886571 0.94143179
 0.91789599 0.88965304 0.85787972 0.82356453 0.78753358 0.75047318
 0.71294952 0.67542586 0.63827744 0.60180444 0.56624327 0.53177629
 0.49854027 0.46663369 0.43612303 0.40704816 0.37942703 0.35325965
 0.32853148 0.30521634 0.28327892 0.26267681 0.24336234 0.225284
 0.2083877  0.19261782 0.17791804 0.16423203 0.15150405 0.13967934
 0.12870454 0.1185279  0.10909954 0.10037158 0.09229821 0.08483581
 0.0779429  0.07158021 0.06571063 0.06029917 0.05531289 0.05072088
 0.04649414 0.04260554 0.03902972 0.035743   0.03272334 0.02995017
 0.02740441]",60
4349,48722,48722,30,"[0.25       0.45       0.6075     0.729      0.820125   0.885735
 0.93002175 0.9565938  0.96855122 0.96855122 0.95886571 0.94143179
 0.91789599 0.88965304 0.85787972 0.82356453 0.78753358 0.75047318
 0.71294952 0.67542586 0.63827744 0.60180444 0.56624327 0.53177629
 0.49854027 0.46663369 0.43612303 0.40704816 0.37942703 0.35325965
 0.32853148]",30
4350,146441,146441,6,[1.       1.8      2.43     2.916    3.2805   3.54294  3.720087],6
4351,124664,124664,60,"[0.25       0.45       0.6075     0.729      0.820125   0.885735
 0.93002175 0.9565938  0.96855122 0.96855122 0.95886571 0.94143179
 0.91789599 0.88965304 0.85787972 0.82356453 0.78753358 0.75047318
 0.71294952 0.67542586 0.63827744 0.60180444 0.56624327 0.53177629
 0.49854027 0.46663369 0.43612303 0.40704816 0.37942703 0.35325965
 0.32853148 0.30521634 0.28327892 0.26267681 0.24336234 0.225284
 0.2083877  0.19261782 0.17791804 0.16423203 0.15150405 0.13967934
 0.12870454 0.1185279  0.10909954 0.10037158 0.09229821 0.08483581
 0.0779429  0.07158021 0.06571063 0.06029917 0.05531289 0.05072088
 0.04649414 0.04260554 0.03902972 0.035743   0.03272334 0.02995017
 0.02740441]",60
4352,226154,226154,3,[0.29411765 0.52941176 0.71470588 0.85764706],3
4353,250042,250042,60,"[0.25       0.45       0.6075     0.729      0.820125   0.885735
 0.93002175 0.9565938  0.96855122 0.96855122 0.95886571 0.94143179
 0.91789599 0.88965304 0.85787972 0.82356453 0.78753358 0.75047318
 0.71294952 0.67542586 0.63827744 0.60180444 0.56624327 0.53177629
 0.49854027 0.46663369 0.43612303 0.40704816 0.37942703 0.35325965
 0.32853148 0.30521634 0.28327892 0.26267681 0.24336234 0.225284
 0.2083877  0.19261782 0.17791804 0.16423203 0.15150405 0.13967934
 0.12870454 0.1185279  0.10909954 0.10037158 0.09229821 0.08483581
 0.0779429  0.07158021 0.06571063 0.06029917 0.05531289 0.05072088
 0.04649414 0.04260554 0.03902972 0.035743   0.03272334 0.02995017
 0.02740441]",60
4354,90115,90115,1,[1.  1.8],1
4355,117112,117112,3,[0.29411765 0.52941176 0.71470588 0.85764706],3
4356,335001,335001,9,"[1.         1.8        2.43       2.916      3.2805     3.54294
 3.720087   3.8263752  3.87420489]",8
4357,180196,180196,30,"[0.25       0.45       0.6075     0.729      0.820125   0.885735
 0.93002175 0.9565938  0.96855122 0.96855122 0.95886571 0.94143179
 0.91789599 0.88965304 0.85787972 0.82356453 0.78753358 0.75047318
 0.71294952 0.67542586 0.63827744 0.60180444 0.56624327 0.53177629
 0.49854027 0.46663369 0.43612303 0.40704816 0.37942703 0.35325965
 0.32853148]",30
4358,210278,210278,60,"[0.25       0.45       0.6075     0.729      0.820125   0.885735
 0.93002175 0.9565938  0.96855122 0.96855122 0.95886571 0.94143179
 0.91789599 0.88965304 0.85787972 0.82356453 0.78753358 0.75047318
 0.71294952 0.67542586 0.63827744 0.60180444 0.56624327 0.53177629
 0.49854027 0.46663369 0.43612303 0.40704816 0.37942703 0.35325965
 0.32853148 0.30521634 0.28327892 0.26267681 0.24336234 0.225284
 0.2083877  0.19261782 0.17791804 0.16423203 0.15150405 0.13967934
 0.12870454 0.1185279  0.10909954 0.10037158 0.09229821 0.08483581
 0.0779429  0.07158021 0.06571063 0.06029917 0.05531289 0.05072088
 0.04649414 0.04260554 0.03902972 0.035743   0.03272334 0.02995017
 0.02740441]",60
4359,55116,55116,60,"[0.25       0.45       0.6075     0.729      0.820125   0.885735
 0.93002175 0.9565938  0.96855122 0.96855122 0.95886571 0.94143179
 0.91789599 0.88965304 0.85787972 0.82356453 0.78753358 0.75047318
 0.71294952 0.67542586 0.63827744 0.60180444 0.56624327 0.53177629
 0.49854027 0.46663369 0.43612303 0.40704816 0.37942703 0.35325965
 0.32853148 0.30521634 0.28327892 0.26267681 0.24336234 0.225284
 0.2083877  0.19261782 0.17791804 0.16423203 0.15150405 0.13967934
 0.12870454 0.1185279  0.10909954 0.10037158 0.09229821 0.08483581
 0.0779429  0.07158021 0.06571063 0.06029917 0.05531289 0.05072088
 0.04649414 0.04260554 0.03902972 0.035743   0.03272334 0.02995017
 0.02740441]",60
4360,116300,116300,9,"[1.         1.8        2.43       2.916      3.2805     3.54294
 3.720087   3.8263752  3.87420489]",8
4361,33536,33536,30,"[0.25       0.45       0.6075     0.729      0.820125   0.885735
 0.93002175 0.9565938  0.96855122 0.96855122 0.95886571 0.94143179
 0.91789599 0.88965304 0.85787972 0.82356453 0.78753358 0.75047318
 0.71294952 0.67542586 0.63827744 0.60180444 0.56624327 0.53177629
 0.49854027 0.46663369 0.43612303 0.40704816 0.37942703 0.35325965
 0.32853148]",30
4362,74763,74763,3,[0.29411765 0.52941176 0.71470588 0.85764706],3
4363,285753,285753,9,"[1.         1.8        2.43       2.916      3.2805     3.54294
 3.720087   3.8263752  3.87420489]",8
4364,56881,56881,6,[1.       1.8      2.43     2.916    3.2805   3.54294  3.720087],6
4365,34014,34014,60,"[0.25       0.45       0.6075     0.729      0.820125   0.885735
 0.93002175 0.9565938  0.96855122 0.96855122 0.95886571 0.94143179
 0.91789599 0.88965304 0.85787972 0.82356453 0.78753358 0.75047318
 0.71294952 0.67542586 0.63827744 0.60180444 0.56624327 0.53177629
 0.49854027 0.46663369 0.43612303 0.40704816 0.37942703 0.35325965
 0.32853148 0.30521634 0.28327892 0.26267681 0.24336234 0.225284
 0.2083877  0.19261782 0.17791804 0.16423203 0.15150405 0.13967934
 0.12870454 0.1185279  0.10909954 0.10037158 0.09229821 0.08483581
 0.0779429  0.07158021 0.06571063 0.06029917 0.05531289 0.05072088
 0.04649414 0.04260554 0.03902972 0.035743   0.03272334 0.02995017
 0.02740441]",60
4366,113132,113132,60,"[0.25       0.45       0.6075     0.729      0.820125   0.885735
 0.93002175 0.9565938  0.96855122 0.96855122 0.95886571 0.94143179
 0.91789599 0.88965304 0.85787972 0.82356453 0.78753358 0.75047318
 0.71294952 0.67542586 0.63827744 0.60180444 0.56624327 0.53177629
 0.49854027 0.46663369 0.43612303 0.40704816 0.37942703 0.35325965
 0.32853148 0.30521634 0.28327892 0.26267681 0.24336234 0.225284
 0.2083877  0.19261782 0.17791804 0.16423203 0.15150405 0.13967934
 0.12870454 0.1185279  0.10909954 0.10037158 0.09229821 0.08483581
 0.0779429  0.07158021 0.06571063 0.06029917 0.05531289 0.05072088
 0.04649414 0.04260554 0.03902972 0.035743   0.03272334 0.02995017
 0.02740441]",60
4367,312290,312290,6,[1.       1.8      2.43     2.916    3.2805   3.54294  3.720087],6
4368,297215,297215,3,[0.29411765 0.52941176 0.71470588 0.85764706],3
4369,48147,48147,1,[1.  1.8],1
4370,308364,308364,9,"[1.         1.8        2.43       2.916      3.2805     3.54294
 3.720087   3.8263752  3.87420489]",8
4371,196173,196173,6,[1.       1.8      2.43     2.916    3.2805   3.54294  3.720087],6
4372,61531,61531,9,"[1.         1.8        2.43       2.916      3.2805     3.54294
 3.720087   3.8263752  3.87420489]",8
4373,158717,158717,3,[0.29411765 0.52941176 0.71470588 0.85764706],3
4374,348431,348431,30,"[0.25       0.45       0.6075     0.729      0.820125   0.885735
 0.93002175 0.9565938  0.96855122 0.96855122 0.95886571 0.94143179
 0.91789599 0.88965304 0.85787972 0.82356453 0.78753358 0.75047318
 0.71294952 0.67542586 0.63827744 0.60180444 0.56624327 0.53177629
 0.49854027 0.46663369 0.43612303 0.40704816 0.37942703 0.35325965
 0.32853148]",30
4375,274291,274291,9,"[1.         1.8        2.43       2.916      3.2805     3.54294
 3.720087   3.8263752  3.87420489]",8
4376,285449,285449,60,"[0.25       0.45       0.6075     0.729      0.820125   0.885735
 0.93002175 0.9565938  0.96855122 0.96855122 0.95886571 0.94143179
 0.91789599 0.88965304 0.85787972 0.82356453 0.78753358 0.75047318
 0.71294952 0.67542586 0.63827744 0.60180444 0.56624327 0.53177629
 0.49854027 0.46663369 0.43612303 0.40704816 0.37942703 0.35325965
 0.32853148 0.30521634 0.28327892 0.26267681 0.24336234 0.225284
 0.2083877  0.19261782 0.17791804 0.16423203 0.15150405 0.13967934
 0.12870454 0.1185279  0.10909954 0.10037158 0.09229821 0.08483581
 0.0779429  0.07158021 0.06571063 0.06029917 0.05531289 0.05072088
 0.04649414 0.04260554 0.03902972 0.035743   0.03272334 0.02995017
 0.02740441]",60
4377,12404,12404,60,"[0.25       0.45       0.6075     0.729      0.820125   0.885735
 0.93002175 0.9565938  0.96855122 0.96855122 0.95886571 0.94143179
 0.91789599 0.88965304 0.85787972 0.82356453 0.78753358 0.75047318
 0.71294952 0.67542586 0.63827744 0.60180444 0.56624327 0.53177629
 0.49854027 0.46663369 0.43612303 0.40704816 0.37942703 0.35325965
 0.32853148 0.30521634 0.28327892 0.26267681 0.24336234 0.225284
 0.2083877  0.19261782 0.17791804 0.16423203 0.15150405 0.13967934
 0.12870454 0.1185279  0.10909954 0.10037158 0.09229821 0.08483581
 0.0779429  0.07158021 0.06571063 0.06029917 0.05531289 0.05072088
 0.04649414 0.04260554 0.03902972 0.035743   0.03272334 0.02995017
 0.02740441]",60
4378,214266,214266,30,"[0.25       0.45       0.6075     0.729      0.820125   0.885735
 0.93002175 0.9565938  0.96855122 0.96855122 0.95886571 0.94143179
 0.91789599 0.88965304 0.85787972 0.82356453 0.78753358 0.75047318
 0.71294952 0.67542586 0.63827744 0.60180444 0.56624327 0.53177629
 0.49854027 0.46663369 0.43612303 0.40704816 0.37942703 0.35325965
 0.32853148]",30
4379,251641,251641,30,"[0.25       0.45       0.6075     0.729      0.820125   0.885735
 0.93002175 0.9565938  0.96855122 0.96855122 0.95886571 0.94143179
 0.91789599 0.88965304 0.85787972 0.82356453 0.78753358 0.75047318
 0.71294952 0.67542586 0.63827744 0.60180444 0.56624327 0.53177629
 0.49854027 0.46663369 0.43612303 0.40704816 0.37942703 0.35325965
 0.32853148]",30
4380,257430,257430,9,"[1.         1.8        2.43       2.916      3.2805     3.54294
 3.720087   3.8263752  3.87420489]",8
4381,206979,206979,3,[0.29411765 0.52941176 0.71470588 0.85764706],3
4382,36537,36537,3,[0.29411765 0.52941176 0.71470588 0.85764706],3
4383,196543,196543,9,"[1.         1.8        2.43       2.916      3.2805     3.54294
 3.720087   3.8263752  3.87420489]",8
4384,144186,144186,6,[1.       1.8      2.43     2.916    3.2805   3.54294  3.720087],6
4385,141549,141549,3,[0.29411765 0.52941176 0.71470588 0.85764706],3
4386,59214,59214,30,"[0.25       0.45       0.6075     0.729      0.820125   0.885735
 0.93002175 0.9565938  0.96855122 0.96855122 0.95886571 0.94143179
 0.91789599 0.88965304 0.85787972 0.82356453 0.78753358 0.75047318
 0.71294952 0.67542586 0.63827744 0.60180444 0.56624327 0.53177629
 0.49854027 0.46663369 0.43612303 0.40704816 0.37942703 0.35325965
 0.32853148]",30
4387,20039,20039,6,[1.       1.8      2.43     2.916    3.2805   3.54294  3.720087],6
4388,294802,294802,6,[1.       1.8      2.43     2.916    3.2805   3.54294  3.720087],6
4389,125654,125654,60,"[0.25       0.45       0.6075     0.729      0.820125   0.885735
 0.93002175 0.9565938  0.96855122 0.96855122 0.95886571 0.94143179
 0.91789599 0.88965304 0.85787972 0.82356453 0.78753358 0.75047318
 0.71294952 0.67542586 0.63827744 0.60180444 0.56624327 0.53177629
 0.49854027 0.46663369 0.43612303 0.40704816 0.37942703 0.35325965
 0.32853148 0.30521634 0.28327892 0.26267681 0.24336234 0.225284
 0.2083877  0.19261782 0.17791804 0.16423203 0.15150405 0.13967934
 0.12870454 0.1185279  0.10909954 0.10037158 0.09229821 0.08483581
 0.0779429  0.07158021 0.06571063 0.06029917 0.05531289 0.05072088
 0.04649414 0.04260554 0.03902972 0.035743   0.03272334 0.02995017
 0.02740441]",60
4390,62322,62322,9,"[1.         1.8        2.43       2.916      3.2805     3.54294
 3.720087   3.8263752  3.87420489]",8
4391,125755,125755,1,[1.  1.8],1
4392,144733,144733,60,"[0.25       0.45       0.6075     0.729      0.820125   0.885735
 0.93002175 0.9565938  0.96855122 0.96855122 0.95886571 0.94143179
 0.91789599 0.88965304 0.85787972 0.82356453 0.78753358 0.75047318
 0.71294952 0.67542586 0.63827744 0.60180444 0.56624327 0.53177629
 0.49854027 0.46663369 0.43612303 0.40704816 0.37942703 0.35325965
 0.32853148 0.30521634 0.28327892 0.26267681 0.24336234 0.225284
 0.2083877  0.19261782 0.17791804 0.16423203 0.15150405 0.13967934
 0.12870454 0.1185279  0.10909954 0.10037158 0.09229821 0.08483581
 0.0779429  0.07158021 0.06571063 0.06029917 0.05531289 0.05072088
 0.04649414 0.04260554 0.03902972 0.035743   0.03272334 0.02995017
 0.02740441]",60
4393,256863,256863,9,"[1.         1.8        2.43       2.916      3.2805     3.54294
 3.720087   3.8263752  3.87420489]",8
4394,169826,169826,6,[1.       1.8      2.43     2.916    3.2805   3.54294  3.720087],6
4395,203961,203961,30,"[0.25       0.45       0.6075     0.729      0.820125   0.885735
 0.93002175 0.9565938  0.96855122 0.96855122 0.95886571 0.94143179
 0.91789599 0.88965304 0.85787972 0.82356453 0.78753358 0.75047318
 0.71294952 0.67542586 0.63827744 0.60180444 0.56624327 0.53177629
 0.49854027 0.46663369 0.43612303 0.40704816 0.37942703 0.35325965
 0.32853148]",30
4396,89228,89228,1,[1.  1.8],1
4397,281833,281833,3,[0.29411765 0.52941176 0.71470588 0.85764706],3
4398,101520,101520,1,[1.  1.8],1
4399,280414,280414,6,[1.       1.8      2.43     2.916    3.2805   3.54294  3.720087],6
4400,54714,54714,1,[1.  1.8],1
4401,347951,347951,1,[1.  1.8],1
4402,135059,135059,30,"[0.25       0.45       0.6075     0.729      0.820125   0.885735
 0.93002175 0.9565938  0.96855122 0.96855122 0.95886571 0.94143179
 0.91789599 0.88965304 0.85787972 0.82356453 0.78753358 0.75047318
 0.71294952 0.67542586 0.63827744 0.60180444 0.56624327 0.53177629
 0.49854027 0.46663369 0.43612303 0.40704816 0.37942703 0.35325965
 0.32853148]",30
4403,66758,66758,3,[0.29411765 0.52941176 0.71470588 0.85764706],3
4404,163785,163785,9,"[1.         1.8        2.43       2.916      3.2805     3.54294
 3.720087   3.8263752  3.87420489]",8
4405,269919,269919,30,"[0.25       0.45       0.6075     0.729      0.820125   0.885735
 0.93002175 0.9565938  0.96855122 0.96855122 0.95886571 0.94143179
 0.91789599 0.88965304 0.85787972 0.82356453 0.78753358 0.75047318
 0.71294952 0.67542586 0.63827744 0.60180444 0.56624327 0.53177629
 0.49854027 0.46663369 0.43612303 0.40704816 0.37942703 0.35325965
 0.32853148]",30
4406,312035,312035,3,[0.29411765 0.52941176 0.71470588 0.85764706],3
4407,75893,75893,1,[1.  1.8],1
4408,179264,179264,30,"[0.25       0.45       0.6075     0.729      0.820125   0.885735
 0.93002175 0.9565938  0.96855122 0.96855122 0.95886571 0.94143179
 0.91789599 0.88965304 0.85787972 0.82356453 0.78753358 0.75047318
 0.71294952 0.67542586 0.63827744 0.60180444 0.56624327 0.53177629
 0.49854027 0.46663369 0.43612303 0.40704816 0.37942703 0.35325965
 0.32853148]",30
4409,337198,337198,6,[1.       1.8      2.43     2.916    3.2805   3.54294  3.720087],6
4410,71357,71357,9,"[1.         1.8        2.43       2.916      3.2805     3.54294
 3.720087   3.8263752  3.87420489]",8
4411,36537,36537,9,"[1.         1.8        2.43       2.916      3.2805     3.54294
 3.720087   3.8263752  3.87420489]",8
4412,305294,305294,3,[0.29411765 0.52941176 0.71470588 0.85764706],3
4413,70271,70271,60,"[0.25       0.45       0.6075     0.729      0.820125   0.885735
 0.93002175 0.9565938  0.96855122 0.96855122 0.95886571 0.94143179
 0.91789599 0.88965304 0.85787972 0.82356453 0.78753358 0.75047318
 0.71294952 0.67542586 0.63827744 0.60180444 0.56624327 0.53177629
 0.49854027 0.46663369 0.43612303 0.40704816 0.37942703 0.35325965
 0.32853148 0.30521634 0.28327892 0.26267681 0.24336234 0.225284
 0.2083877  0.19261782 0.17791804 0.16423203 0.15150405 0.13967934
 0.12870454 0.1185279  0.10909954 0.10037158 0.09229821 0.08483581
 0.0779429  0.07158021 0.06571063 0.06029917 0.05531289 0.05072088
 0.04649414 0.04260554 0.03902972 0.035743   0.03272334 0.02995017
 0.02740441]",60
4414,82000,82000,30,"[0.25       0.45       0.6075     0.729      0.820125   0.885735
 0.93002175 0.9565938  0.96855122 0.96855122 0.95886571 0.94143179
 0.91789599 0.88965304 0.85787972 0.82356453 0.78753358 0.75047318
 0.71294952 0.67542586 0.63827744 0.60180444 0.56624327 0.53177629
 0.49854027 0.46663369 0.43612303 0.40704816 0.37942703 0.35325965
 0.32853148]",30
4415,245899,245899,3,[0.29411765 0.52941176 0.71470588 0.85764706],3
4416,168305,168305,1,[1.  1.8],1
4417,349085,349085,30,"[0.25       0.45       0.6075     0.729      0.820125   0.885735
 0.93002175 0.9565938  0.96855122 0.96855122 0.95886571 0.94143179
 0.91789599 0.88965304 0.85787972 0.82356453 0.78753358 0.75047318
 0.71294952 0.67542586 0.63827744 0.60180444 0.56624327 0.53177629
 0.49854027 0.46663369 0.43612303 0.40704816 0.37942703 0.35325965
 0.32853148]",30
4418,161119,161119,3,[0.29411765 0.52941176 0.71470588 0.85764706],3
4419,31364,31364,30,"[0.25       0.45       0.6075     0.729      0.820125   0.885735
 0.93002175 0.9565938  0.96855122 0.96855122 0.95886571 0.94143179
 0.91789599 0.88965304 0.85787972 0.82356453 0.78753358 0.75047318
 0.71294952 0.67542586 0.63827744 0.60180444 0.56624327 0.53177629
 0.49854027 0.46663369 0.43612303 0.40704816 0.37942703 0.35325965
 0.32853148]",30
4420,237585,237585,30,"[0.25       0.45       0.6075     0.729      0.820125   0.885735
 0.93002175 0.9565938  0.96855122 0.96855122 0.95886571 0.94143179
 0.91789599 0.88965304 0.85787972 0.82356453 0.78753358 0.75047318
 0.71294952 0.67542586 0.63827744 0.60180444 0.56624327 0.53177629
 0.49854027 0.46663369 0.43612303 0.40704816 0.37942703 0.35325965
 0.32853148]",30
4421,14401,14401,30,"[0.25       0.45       0.6075     0.729      0.820125   0.885735
 0.93002175 0.9565938  0.96855122 0.96855122 0.95886571 0.94143179
 0.91789599 0.88965304 0.85787972 0.82356453 0.78753358 0.75047318
 0.71294952 0.67542586 0.63827744 0.60180444 0.56624327 0.53177629
 0.49854027 0.46663369 0.43612303 0.40704816 0.37942703 0.35325965
 0.32853148]",30
4422,42351,42351,3,[0.29411765 0.52941176 0.71470588 0.85764706],3
4423,233076,233076,9,"[1.         1.8        2.43       2.916      3.2805     3.54294
 3.720087   3.8263752  3.87420489]",8
4424,30401,30401,1,[1.  1.8],1
4425,82754,82754,1,[1.  1.8],1
4426,226925,226925,1,[1.  1.8],1
4427,147787,147787,30,"[0.25       0.45       0.6075     0.729      0.820125   0.885735
 0.93002175 0.9565938  0.96855122 0.96855122 0.95886571 0.94143179
 0.91789599 0.88965304 0.85787972 0.82356453 0.78753358 0.75047318
 0.71294952 0.67542586 0.63827744 0.60180444 0.56624327 0.53177629
 0.49854027 0.46663369 0.43612303 0.40704816 0.37942703 0.35325965
 0.32853148]",30
4428,235750,235750,9,"[1.         1.8        2.43       2.916      3.2805     3.54294
 3.720087   3.8263752  3.87420489]",8
4429,187128,187128,1,[1.  1.8],1
4430,168134,168134,60,"[0.25       0.45       0.6075     0.729      0.820125   0.885735
 0.93002175 0.9565938  0.96855122 0.96855122 0.95886571 0.94143179
 0.91789599 0.88965304 0.85787972 0.82356453 0.78753358 0.75047318
 0.71294952 0.67542586 0.63827744 0.60180444 0.56624327 0.53177629
 0.49854027 0.46663369 0.43612303 0.40704816 0.37942703 0.35325965
 0.32853148 0.30521634 0.28327892 0.26267681 0.24336234 0.225284
 0.2083877  0.19261782 0.17791804 0.16423203 0.15150405 0.13967934
 0.12870454 0.1185279  0.10909954 0.10037158 0.09229821 0.08483581
 0.0779429  0.07158021 0.06571063 0.06029917 0.05531289 0.05072088
 0.04649414 0.04260554 0.03902972 0.035743   0.03272334 0.02995017
 0.02740441]",60
4431,116298,116298,60,"[0.25       0.45       0.6075     0.729      0.820125   0.885735
 0.93002175 0.9565938  0.96855122 0.96855122 0.95886571 0.94143179
 0.91789599 0.88965304 0.85787972 0.82356453 0.78753358 0.75047318
 0.71294952 0.67542586 0.63827744 0.60180444 0.56624327 0.53177629
 0.49854027 0.46663369 0.43612303 0.40704816 0.37942703 0.35325965
 0.32853148 0.30521634 0.28327892 0.26267681 0.24336234 0.225284
 0.2083877  0.19261782 0.17791804 0.16423203 0.15150405 0.13967934
 0.12870454 0.1185279  0.10909954 0.10037158 0.09229821 0.08483581
 0.0779429  0.07158021 0.06571063 0.06029917 0.05531289 0.05072088
 0.04649414 0.04260554 0.03902972 0.035743   0.03272334 0.02995017
 0.02740441]",60
4432,208768,208768,1,[1.  1.8],1
4433,26026,26026,60,"[0.25       0.45       0.6075     0.729      0.820125   0.885735
 0.93002175 0.9565938  0.96855122 0.96855122 0.95886571 0.94143179
 0.91789599 0.88965304 0.85787972 0.82356453 0.78753358 0.75047318
 0.71294952 0.67542586 0.63827744 0.60180444 0.56624327 0.53177629
 0.49854027 0.46663369 0.43612303 0.40704816 0.37942703 0.35325965
 0.32853148 0.30521634 0.28327892 0.26267681 0.24336234 0.225284
 0.2083877  0.19261782 0.17791804 0.16423203 0.15150405 0.13967934
 0.12870454 0.1185279  0.10909954 0.10037158 0.09229821 0.08483581
 0.0779429  0.07158021 0.06571063 0.06029917 0.05531289 0.05072088
 0.04649414 0.04260554 0.03902972 0.035743   0.03272334 0.02995017
 0.02740441]",60
4434,321134,321134,6,[1.       1.8      2.43     2.916    3.2805   3.54294  3.720087],6
4435,348662,348662,9,"[1.         1.8        2.43       2.916      3.2805     3.54294
 3.720087   3.8263752  3.87420489]",8
4436,40605,40605,9,"[1.         1.8        2.43       2.916      3.2805     3.54294
 3.720087   3.8263752  3.87420489]",8
4437,239356,239356,6,[1.       1.8      2.43     2.916    3.2805   3.54294  3.720087],6
4438,233670,233670,9,"[1.         1.8        2.43       2.916      3.2805     3.54294
 3.720087   3.8263752  3.87420489]",8
4439,322506,322506,3,[0.29411765 0.52941176 0.71470588 0.85764706],3
4440,160839,160839,3,[0.29411765 0.52941176 0.71470588 0.85764706],3
4441,108286,108286,30,"[0.25       0.45       0.6075     0.729      0.820125   0.885735
 0.93002175 0.9565938  0.96855122 0.96855122 0.95886571 0.94143179
 0.91789599 0.88965304 0.85787972 0.82356453 0.78753358 0.75047318
 0.71294952 0.67542586 0.63827744 0.60180444 0.56624327 0.53177629
 0.49854027 0.46663369 0.43612303 0.40704816 0.37942703 0.35325965
 0.32853148]",30
4442,228985,228985,30,"[0.25       0.45       0.6075     0.729      0.820125   0.885735
 0.93002175 0.9565938  0.96855122 0.96855122 0.95886571 0.94143179
 0.91789599 0.88965304 0.85787972 0.82356453 0.78753358 0.75047318
 0.71294952 0.67542586 0.63827744 0.60180444 0.56624327 0.53177629
 0.49854027 0.46663369 0.43612303 0.40704816 0.37942703 0.35325965
 0.32853148]",30
4443,165056,165056,30,"[0.25       0.45       0.6075     0.729      0.820125   0.885735
 0.93002175 0.9565938  0.96855122 0.96855122 0.95886571 0.94143179
 0.91789599 0.88965304 0.85787972 0.82356453 0.78753358 0.75047318
 0.71294952 0.67542586 0.63827744 0.60180444 0.56624327 0.53177629
 0.49854027 0.46663369 0.43612303 0.40704816 0.37942703 0.35325965
 0.32853148]",30
4444,32028,32028,1,[1.  1.8],1
4445,303437,303437,6,[1.       1.8      2.43     2.916    3.2805   3.54294  3.720087],6
4446,29146,29146,3,[0.29411765 0.52941176 0.71470588 0.85764706],3
4447,196821,196821,9,"[1.         1.8        2.43       2.916      3.2805     3.54294
 3.720087   3.8263752  3.87420489]",8
4448,70543,70543,3,[0.29411765 0.52941176 0.71470588 0.85764706],3
4449,250224,250224,9,"[1.         1.8        2.43       2.916      3.2805     3.54294
 3.720087   3.8263752  3.87420489]",8
4450,253318,253318,1,[1.  1.8],1
4451,76420,76420,30,"[0.25       0.45       0.6075     0.729      0.820125   0.885735
 0.93002175 0.9565938  0.96855122 0.96855122 0.95886571 0.94143179
 0.91789599 0.88965304 0.85787972 0.82356453 0.78753358 0.75047318
 0.71294952 0.67542586 0.63827744 0.60180444 0.56624327 0.53177629
 0.49854027 0.46663369 0.43612303 0.40704816 0.37942703 0.35325965
 0.32853148]",30
4452,129062,129062,3,[0.29411765 0.52941176 0.71470588 0.85764706],3
4453,216273,216273,30,"[0.25       0.45       0.6075     0.729      0.820125   0.885735
 0.93002175 0.9565938  0.96855122 0.96855122 0.95886571 0.94143179
 0.91789599 0.88965304 0.85787972 0.82356453 0.78753358 0.75047318
 0.71294952 0.67542586 0.63827744 0.60180444 0.56624327 0.53177629
 0.49854027 0.46663369 0.43612303 0.40704816 0.37942703 0.35325965
 0.32853148]",30
4454,167989,167989,60,"[0.25       0.45       0.6075     0.729      0.820125   0.885735
 0.93002175 0.9565938  0.96855122 0.96855122 0.95886571 0.94143179
 0.91789599 0.88965304 0.85787972 0.82356453 0.78753358 0.75047318
 0.71294952 0.67542586 0.63827744 0.60180444 0.56624327 0.53177629
 0.49854027 0.46663369 0.43612303 0.40704816 0.37942703 0.35325965
 0.32853148 0.30521634 0.28327892 0.26267681 0.24336234 0.225284
 0.2083877  0.19261782 0.17791804 0.16423203 0.15150405 0.13967934
 0.12870454 0.1185279  0.10909954 0.10037158 0.09229821 0.08483581
 0.0779429  0.07158021 0.06571063 0.06029917 0.05531289 0.05072088
 0.04649414 0.04260554 0.03902972 0.035743   0.03272334 0.02995017
 0.02740441]",60
4455,24128,24128,6,[1.       1.8      2.43     2.916    3.2805   3.54294  3.720087],6
4456,12963,12963,6,[1.       1.8      2.43     2.916    3.2805   3.54294  3.720087],6
4457,327720,327720,9,"[1.         1.8        2.43       2.916      3.2805     3.54294
 3.720087   3.8263752  3.87420489]",8
4458,340503,340503,30,"[0.25       0.45       0.6075     0.729      0.820125   0.885735
 0.93002175 0.9565938  0.96855122 0.96855122 0.95886571 0.94143179
 0.91789599 0.88965304 0.85787972 0.82356453 0.78753358 0.75047318
 0.71294952 0.67542586 0.63827744 0.60180444 0.56624327 0.53177629
 0.49854027 0.46663369 0.43612303 0.40704816 0.37942703 0.35325965
 0.32853148]",30
4459,205185,205185,6,[1.       1.8      2.43     2.916    3.2805   3.54294  3.720087],6
4460,217118,217118,9,"[1.         1.8        2.43       2.916      3.2805     3.54294
 3.720087   3.8263752  3.87420489]",8
4461,55771,55771,6,[1.       1.8      2.43     2.916    3.2805   3.54294  3.720087],6
4462,292329,292329,1,[1.  1.8],1
4463,93727,93727,60,"[0.25       0.45       0.6075     0.729      0.820125   0.885735
 0.93002175 0.9565938  0.96855122 0.96855122 0.95886571 0.94143179
 0.91789599 0.88965304 0.85787972 0.82356453 0.78753358 0.75047318
 0.71294952 0.67542586 0.63827744 0.60180444 0.56624327 0.53177629
 0.49854027 0.46663369 0.43612303 0.40704816 0.37942703 0.35325965
 0.32853148 0.30521634 0.28327892 0.26267681 0.24336234 0.225284
 0.2083877  0.19261782 0.17791804 0.16423203 0.15150405 0.13967934
 0.12870454 0.1185279  0.10909954 0.10037158 0.09229821 0.08483581
 0.0779429  0.07158021 0.06571063 0.06029917 0.05531289 0.05072088
 0.04649414 0.04260554 0.03902972 0.035743   0.03272334 0.02995017
 0.02740441]",60
4464,240086,240086,30,"[0.25       0.45       0.6075     0.729      0.820125   0.885735
 0.93002175 0.9565938  0.96855122 0.96855122 0.95886571 0.94143179
 0.91789599 0.88965304 0.85787972 0.82356453 0.78753358 0.75047318
 0.71294952 0.67542586 0.63827744 0.60180444 0.56624327 0.53177629
 0.49854027 0.46663369 0.43612303 0.40704816 0.37942703 0.35325965
 0.32853148]",30
4465,251416,251416,3,[0.29411765 0.52941176 0.71470588 0.85764706],3
4466,71119,71119,6,[1.       1.8      2.43     2.916    3.2805   3.54294  3.720087],6
4467,168667,168667,1,[1.  1.8],1
4468,260968,260968,1,[1.  1.8],1
4469,283255,283255,9,"[1.         1.8        2.43       2.916      3.2805     3.54294
 3.720087   3.8263752  3.87420489]",8
4470,325794,325794,1,[1.  1.8],1
4471,346197,346197,6,[1.       1.8      2.43     2.916    3.2805   3.54294  3.720087],6
4472,32955,32955,1,[1.  1.8],1
4473,40311,40311,30,"[0.25       0.45       0.6075     0.729      0.820125   0.885735
 0.93002175 0.9565938  0.96855122 0.96855122 0.95886571 0.94143179
 0.91789599 0.88965304 0.85787972 0.82356453 0.78753358 0.75047318
 0.71294952 0.67542586 0.63827744 0.60180444 0.56624327 0.53177629
 0.49854027 0.46663369 0.43612303 0.40704816 0.37942703 0.35325965
 0.32853148]",30
4474,202643,202643,60,"[0.25       0.45       0.6075     0.729      0.820125   0.885735
 0.93002175 0.9565938  0.96855122 0.96855122 0.95886571 0.94143179
 0.91789599 0.88965304 0.85787972 0.82356453 0.78753358 0.75047318
 0.71294952 0.67542586 0.63827744 0.60180444 0.56624327 0.53177629
 0.49854027 0.46663369 0.43612303 0.40704816 0.37942703 0.35325965
 0.32853148 0.30521634 0.28327892 0.26267681 0.24336234 0.225284
 0.2083877  0.19261782 0.17791804 0.16423203 0.15150405 0.13967934
 0.12870454 0.1185279  0.10909954 0.10037158 0.09229821 0.08483581
 0.0779429  0.07158021 0.06571063 0.06029917 0.05531289 0.05072088
 0.04649414 0.04260554 0.03902972 0.035743   0.03272334 0.02995017
 0.02740441]",60
4475,295317,295317,6,[1.       1.8      2.43     2.916    3.2805   3.54294  3.720087],6
4476,16480,16480,9,"[1.         1.8        2.43       2.916      3.2805     3.54294
 3.720087   3.8263752  3.87420489]",8
4477,106554,106554,30,"[0.25       0.45       0.6075     0.729      0.820125   0.885735
 0.93002175 0.9565938  0.96855122 0.96855122 0.95886571 0.94143179
 0.91789599 0.88965304 0.85787972 0.82356453 0.78753358 0.75047318
 0.71294952 0.67542586 0.63827744 0.60180444 0.56624327 0.53177629
 0.49854027 0.46663369 0.43612303 0.40704816 0.37942703 0.35325965
 0.32853148]",30
4478,138096,138096,60,"[0.25       0.45       0.6075     0.729      0.820125   0.885735
 0.93002175 0.9565938  0.96855122 0.96855122 0.95886571 0.94143179
 0.91789599 0.88965304 0.85787972 0.82356453 0.78753358 0.75047318
 0.71294952 0.67542586 0.63827744 0.60180444 0.56624327 0.53177629
 0.49854027 0.46663369 0.43612303 0.40704816 0.37942703 0.35325965
 0.32853148 0.30521634 0.28327892 0.26267681 0.24336234 0.225284
 0.2083877  0.19261782 0.17791804 0.16423203 0.15150405 0.13967934
 0.12870454 0.1185279  0.10909954 0.10037158 0.09229821 0.08483581
 0.0779429  0.07158021 0.06571063 0.06029917 0.05531289 0.05072088
 0.04649414 0.04260554 0.03902972 0.035743   0.03272334 0.02995017
 0.02740441]",60
4479,121117,121117,60,"[0.25       0.45       0.6075     0.729      0.820125   0.885735
 0.93002175 0.9565938  0.96855122 0.96855122 0.95886571 0.94143179
 0.91789599 0.88965304 0.85787972 0.82356453 0.78753358 0.75047318
 0.71294952 0.67542586 0.63827744 0.60180444 0.56624327 0.53177629
 0.49854027 0.46663369 0.43612303 0.40704816 0.37942703 0.35325965
 0.32853148 0.30521634 0.28327892 0.26267681 0.24336234 0.225284
 0.2083877  0.19261782 0.17791804 0.16423203 0.15150405 0.13967934
 0.12870454 0.1185279  0.10909954 0.10037158 0.09229821 0.08483581
 0.0779429  0.07158021 0.06571063 0.06029917 0.05531289 0.05072088
 0.04649414 0.04260554 0.03902972 0.035743   0.03272334 0.02995017
 0.02740441]",60
4480,250246,250246,60,"[0.25       0.45       0.6075     0.729      0.820125   0.885735
 0.93002175 0.9565938  0.96855122 0.96855122 0.95886571 0.94143179
 0.91789599 0.88965304 0.85787972 0.82356453 0.78753358 0.75047318
 0.71294952 0.67542586 0.63827744 0.60180444 0.56624327 0.53177629
 0.49854027 0.46663369 0.43612303 0.40704816 0.37942703 0.35325965
 0.32853148 0.30521634 0.28327892 0.26267681 0.24336234 0.225284
 0.2083877  0.19261782 0.17791804 0.16423203 0.15150405 0.13967934
 0.12870454 0.1185279  0.10909954 0.10037158 0.09229821 0.08483581
 0.0779429  0.07158021 0.06571063 0.06029917 0.05531289 0.05072088
 0.04649414 0.04260554 0.03902972 0.035743   0.03272334 0.02995017
 0.02740441]",60
4481,316368,316368,6,[1.       1.8      2.43     2.916    3.2805   3.54294  3.720087],6
4482,61401,61401,6,[1.       1.8      2.43     2.916    3.2805   3.54294  3.720087],6
4483,212081,212081,30,"[0.25       0.45       0.6075     0.729      0.820125   0.885735
 0.93002175 0.9565938  0.96855122 0.96855122 0.95886571 0.94143179
 0.91789599 0.88965304 0.85787972 0.82356453 0.78753358 0.75047318
 0.71294952 0.67542586 0.63827744 0.60180444 0.56624327 0.53177629
 0.49854027 0.46663369 0.43612303 0.40704816 0.37942703 0.35325965
 0.32853148]",30
4484,269679,269679,3,[0.29411765 0.52941176 0.71470588 0.85764706],3
4485,62177,62177,3,[0.29411765 0.52941176 0.71470588 0.85764706],3
4486,118845,118845,3,[0.29411765 0.52941176 0.71470588 0.85764706],3
4487,258372,258372,30,"[0.25       0.45       0.6075     0.729      0.820125   0.885735
 0.93002175 0.9565938  0.96855122 0.96855122 0.95886571 0.94143179
 0.91789599 0.88965304 0.85787972 0.82356453 0.78753358 0.75047318
 0.71294952 0.67542586 0.63827744 0.60180444 0.56624327 0.53177629
 0.49854027 0.46663369 0.43612303 0.40704816 0.37942703 0.35325965
 0.32853148]",30
4488,76535,76535,30,"[0.25       0.45       0.6075     0.729      0.820125   0.885735
 0.93002175 0.9565938  0.96855122 0.96855122 0.95886571 0.94143179
 0.91789599 0.88965304 0.85787972 0.82356453 0.78753358 0.75047318
 0.71294952 0.67542586 0.63827744 0.60180444 0.56624327 0.53177629
 0.49854027 0.46663369 0.43612303 0.40704816 0.37942703 0.35325965
 0.32853148]",30
4489,171575,171575,6,[1.       1.8      2.43     2.916    3.2805   3.54294  3.720087],6
4490,83392,83392,3,[0.29411765 0.52941176 0.71470588 0.85764706],3
4491,127091,127091,6,[1.       1.8      2.43     2.916    3.2805   3.54294  3.720087],6
4492,133030,133030,9,"[1.         1.8        2.43       2.916      3.2805     3.54294
 3.720087   3.8263752  3.87420489]",8
4493,9080,9080,60,"[0.25       0.45       0.6075     0.729      0.820125   0.885735
 0.93002175 0.9565938  0.96855122 0.96855122 0.95886571 0.94143179
 0.91789599 0.88965304 0.85787972 0.82356453 0.78753358 0.75047318
 0.71294952 0.67542586 0.63827744 0.60180444 0.56624327 0.53177629
 0.49854027 0.46663369 0.43612303 0.40704816 0.37942703 0.35325965
 0.32853148 0.30521634 0.28327892 0.26267681 0.24336234 0.225284
 0.2083877  0.19261782 0.17791804 0.16423203 0.15150405 0.13967934
 0.12870454 0.1185279  0.10909954 0.10037158 0.09229821 0.08483581
 0.0779429  0.07158021 0.06571063 0.06029917 0.05531289 0.05072088
 0.04649414 0.04260554 0.03902972 0.035743   0.03272334 0.02995017
 0.02740441]",60
4494,201391,201391,3,[0.29411765 0.52941176 0.71470588 0.85764706],3
4495,223370,223370,60,"[0.25       0.45       0.6075     0.729      0.820125   0.885735
 0.93002175 0.9565938  0.96855122 0.96855122 0.95886571 0.94143179
 0.91789599 0.88965304 0.85787972 0.82356453 0.78753358 0.75047318
 0.71294952 0.67542586 0.63827744 0.60180444 0.56624327 0.53177629
 0.49854027 0.46663369 0.43612303 0.40704816 0.37942703 0.35325965
 0.32853148 0.30521634 0.28327892 0.26267681 0.24336234 0.225284
 0.2083877  0.19261782 0.17791804 0.16423203 0.15150405 0.13967934
 0.12870454 0.1185279  0.10909954 0.10037158 0.09229821 0.08483581
 0.0779429  0.07158021 0.06571063 0.06029917 0.05531289 0.05072088
 0.04649414 0.04260554 0.03902972 0.035743   0.03272334 0.02995017
 0.02740441]",60
4496,207947,207947,1,[1.  1.8],1
4497,236750,236750,60,"[0.25       0.45       0.6075     0.729      0.820125   0.885735
 0.93002175 0.9565938  0.96855122 0.96855122 0.95886571 0.94143179
 0.91789599 0.88965304 0.85787972 0.82356453 0.78753358 0.75047318
 0.71294952 0.67542586 0.63827744 0.60180444 0.56624327 0.53177629
 0.49854027 0.46663369 0.43612303 0.40704816 0.37942703 0.35325965
 0.32853148 0.30521634 0.28327892 0.26267681 0.24336234 0.225284
 0.2083877  0.19261782 0.17791804 0.16423203 0.15150405 0.13967934
 0.12870454 0.1185279  0.10909954 0.10037158 0.09229821 0.08483581
 0.0779429  0.07158021 0.06571063 0.06029917 0.05531289 0.05072088
 0.04649414 0.04260554 0.03902972 0.035743   0.03272334 0.02995017
 0.02740441]",60
4498,198978,198978,6,[1.       1.8      2.43     2.916    3.2805   3.54294  3.720087],6
4499,297838,297838,9,"[1.         1.8        2.43       2.916      3.2805     3.54294
 3.720087   3.8263752  3.87420489]",8
4500,31342,31342,1,[1.  1.8],1
4501,41875,41875,6,[1.       1.8      2.43     2.916    3.2805   3.54294  3.720087],6
4502,181887,181887,60,"[0.25       0.45       0.6075     0.729      0.820125   0.885735
 0.93002175 0.9565938  0.96855122 0.96855122 0.95886571 0.94143179
 0.91789599 0.88965304 0.85787972 0.82356453 0.78753358 0.75047318
 0.71294952 0.67542586 0.63827744 0.60180444 0.56624327 0.53177629
 0.49854027 0.46663369 0.43612303 0.40704816 0.37942703 0.35325965
 0.32853148 0.30521634 0.28327892 0.26267681 0.24336234 0.225284
 0.2083877  0.19261782 0.17791804 0.16423203 0.15150405 0.13967934
 0.12870454 0.1185279  0.10909954 0.10037158 0.09229821 0.08483581
 0.0779429  0.07158021 0.06571063 0.06029917 0.05531289 0.05072088
 0.04649414 0.04260554 0.03902972 0.035743   0.03272334 0.02995017
 0.02740441]",60
4503,4469,4469,6,[1.       1.8      2.43     2.916    3.2805   3.54294  3.720087],6
4504,194665,194665,9,"[1.         1.8        2.43       2.916      3.2805     3.54294
 3.720087   3.8263752  3.87420489]",8
4505,268632,268632,60,"[0.25       0.45       0.6075     0.729      0.820125   0.885735
 0.93002175 0.9565938  0.96855122 0.96855122 0.95886571 0.94143179
 0.91789599 0.88965304 0.85787972 0.82356453 0.78753358 0.75047318
 0.71294952 0.67542586 0.63827744 0.60180444 0.56624327 0.53177629
 0.49854027 0.46663369 0.43612303 0.40704816 0.37942703 0.35325965
 0.32853148 0.30521634 0.28327892 0.26267681 0.24336234 0.225284
 0.2083877  0.19261782 0.17791804 0.16423203 0.15150405 0.13967934
 0.12870454 0.1185279  0.10909954 0.10037158 0.09229821 0.08483581
 0.0779429  0.07158021 0.06571063 0.06029917 0.05531289 0.05072088
 0.04649414 0.04260554 0.03902972 0.035743   0.03272334 0.02995017
 0.02740441]",60
4506,268963,268963,30,"[0.25       0.45       0.6075     0.729      0.820125   0.885735
 0.93002175 0.9565938  0.96855122 0.96855122 0.95886571 0.94143179
 0.91789599 0.88965304 0.85787972 0.82356453 0.78753358 0.75047318
 0.71294952 0.67542586 0.63827744 0.60180444 0.56624327 0.53177629
 0.49854027 0.46663369 0.43612303 0.40704816 0.37942703 0.35325965
 0.32853148]",30
4507,181234,181234,9,"[1.         1.8        2.43       2.916      3.2805     3.54294
 3.720087   3.8263752  3.87420489]",8
4508,342321,342321,6,[1.       1.8      2.43     2.916    3.2805   3.54294  3.720087],6
4509,201425,201425,9,"[1.         1.8        2.43       2.916      3.2805     3.54294
 3.720087   3.8263752  3.87420489]",8
4510,4869,4869,1,[1.  1.8],1
4511,119582,119582,6,[1.       1.8      2.43     2.916    3.2805   3.54294  3.720087],6
4512,235596,235596,3,[0.29411765 0.52941176 0.71470588 0.85764706],3
4513,59419,59419,60,"[0.25       0.45       0.6075     0.729      0.820125   0.885735
 0.93002175 0.9565938  0.96855122 0.96855122 0.95886571 0.94143179
 0.91789599 0.88965304 0.85787972 0.82356453 0.78753358 0.75047318
 0.71294952 0.67542586 0.63827744 0.60180444 0.56624327 0.53177629
 0.49854027 0.46663369 0.43612303 0.40704816 0.37942703 0.35325965
 0.32853148 0.30521634 0.28327892 0.26267681 0.24336234 0.225284
 0.2083877  0.19261782 0.17791804 0.16423203 0.15150405 0.13967934
 0.12870454 0.1185279  0.10909954 0.10037158 0.09229821 0.08483581
 0.0779429  0.07158021 0.06571063 0.06029917 0.05531289 0.05072088
 0.04649414 0.04260554 0.03902972 0.035743   0.03272334 0.02995017
 0.02740441]",60
4514,182943,182943,3,[0.29411765 0.52941176 0.71470588 0.85764706],3
4515,324310,324310,9,"[1.         1.8        2.43       2.916      3.2805     3.54294
 3.720087   3.8263752  3.87420489]",8
4516,43820,43820,60,"[0.25       0.45       0.6075     0.729      0.820125   0.885735
 0.93002175 0.9565938  0.96855122 0.96855122 0.95886571 0.94143179
 0.91789599 0.88965304 0.85787972 0.82356453 0.78753358 0.75047318
 0.71294952 0.67542586 0.63827744 0.60180444 0.56624327 0.53177629
 0.49854027 0.46663369 0.43612303 0.40704816 0.37942703 0.35325965
 0.32853148 0.30521634 0.28327892 0.26267681 0.24336234 0.225284
 0.2083877  0.19261782 0.17791804 0.16423203 0.15150405 0.13967934
 0.12870454 0.1185279  0.10909954 0.10037158 0.09229821 0.08483581
 0.0779429  0.07158021 0.06571063 0.06029917 0.05531289 0.05072088
 0.04649414 0.04260554 0.03902972 0.035743   0.03272334 0.02995017
 0.02740441]",60
4517,60686,60686,1,[1.  1.8],1
4518,87477,87477,9,"[1.         1.8        2.43       2.916      3.2805     3.54294
 3.720087   3.8263752  3.87420489]",8
4519,42827,42827,30,"[0.25       0.45       0.6075     0.729      0.820125   0.885735
 0.93002175 0.9565938  0.96855122 0.96855122 0.95886571 0.94143179
 0.91789599 0.88965304 0.85787972 0.82356453 0.78753358 0.75047318
 0.71294952 0.67542586 0.63827744 0.60180444 0.56624327 0.53177629
 0.49854027 0.46663369 0.43612303 0.40704816 0.37942703 0.35325965
 0.32853148]",30
4520,23106,23106,6,[1.       1.8      2.43     2.916    3.2805   3.54294  3.720087],6
4521,251756,251756,6,[1.       1.8      2.43     2.916    3.2805   3.54294  3.720087],6
4522,184028,184028,60,"[0.25       0.45       0.6075     0.729      0.820125   0.885735
 0.93002175 0.9565938  0.96855122 0.96855122 0.95886571 0.94143179
 0.91789599 0.88965304 0.85787972 0.82356453 0.78753358 0.75047318
 0.71294952 0.67542586 0.63827744 0.60180444 0.56624327 0.53177629
 0.49854027 0.46663369 0.43612303 0.40704816 0.37942703 0.35325965
 0.32853148 0.30521634 0.28327892 0.26267681 0.24336234 0.225284
 0.2083877  0.19261782 0.17791804 0.16423203 0.15150405 0.13967934
 0.12870454 0.1185279  0.10909954 0.10037158 0.09229821 0.08483581
 0.0779429  0.07158021 0.06571063 0.06029917 0.05531289 0.05072088
 0.04649414 0.04260554 0.03902972 0.035743   0.03272334 0.02995017
 0.02740441]",60
4523,115964,115964,6,[1.       1.8      2.43     2.916    3.2805   3.54294  3.720087],6
4524,274327,274327,6,[1.       1.8      2.43     2.916    3.2805   3.54294  3.720087],6
4525,331527,331527,1,[1.  1.8],1
4526,326646,326646,6,[1.       1.8      2.43     2.916    3.2805   3.54294  3.720087],6
4527,307936,307936,3,[0.29411765 0.52941176 0.71470588 0.85764706],3
4528,268345,268345,6,[1.       1.8      2.43     2.916    3.2805   3.54294  3.720087],6
4529,317665,317665,6,[1.       1.8      2.43     2.916    3.2805   3.54294  3.720087],6
4530,243870,243870,1,[1.  1.8],1
4531,184027,184027,9,"[1.         1.8        2.43       2.916      3.2805     3.54294
 3.720087   3.8263752  3.87420489]",8
4532,233086,233086,60,"[0.25       0.45       0.6075     0.729      0.820125   0.885735
 0.93002175 0.9565938  0.96855122 0.96855122 0.95886571 0.94143179
 0.91789599 0.88965304 0.85787972 0.82356453 0.78753358 0.75047318
 0.71294952 0.67542586 0.63827744 0.60180444 0.56624327 0.53177629
 0.49854027 0.46663369 0.43612303 0.40704816 0.37942703 0.35325965
 0.32853148 0.30521634 0.28327892 0.26267681 0.24336234 0.225284
 0.2083877  0.19261782 0.17791804 0.16423203 0.15150405 0.13967934
 0.12870454 0.1185279  0.10909954 0.10037158 0.09229821 0.08483581
 0.0779429  0.07158021 0.06571063 0.06029917 0.05531289 0.05072088
 0.04649414 0.04260554 0.03902972 0.035743   0.03272334 0.02995017
 0.02740441]",60
4533,152929,152929,60,"[0.25       0.45       0.6075     0.729      0.820125   0.885735
 0.93002175 0.9565938  0.96855122 0.96855122 0.95886571 0.94143179
 0.91789599 0.88965304 0.85787972 0.82356453 0.78753358 0.75047318
 0.71294952 0.67542586 0.63827744 0.60180444 0.56624327 0.53177629
 0.49854027 0.46663369 0.43612303 0.40704816 0.37942703 0.35325965
 0.32853148 0.30521634 0.28327892 0.26267681 0.24336234 0.225284
 0.2083877  0.19261782 0.17791804 0.16423203 0.15150405 0.13967934
 0.12870454 0.1185279  0.10909954 0.10037158 0.09229821 0.08483581
 0.0779429  0.07158021 0.06571063 0.06029917 0.05531289 0.05072088
 0.04649414 0.04260554 0.03902972 0.035743   0.03272334 0.02995017
 0.02740441]",60
4534,286852,286852,30,"[0.25       0.45       0.6075     0.729      0.820125   0.885735
 0.93002175 0.9565938  0.96855122 0.96855122 0.95886571 0.94143179
 0.91789599 0.88965304 0.85787972 0.82356453 0.78753358 0.75047318
 0.71294952 0.67542586 0.63827744 0.60180444 0.56624327 0.53177629
 0.49854027 0.46663369 0.43612303 0.40704816 0.37942703 0.35325965
 0.32853148]",30
4535,147028,147028,60,"[0.25       0.45       0.6075     0.729      0.820125   0.885735
 0.93002175 0.9565938  0.96855122 0.96855122 0.95886571 0.94143179
 0.91789599 0.88965304 0.85787972 0.82356453 0.78753358 0.75047318
 0.71294952 0.67542586 0.63827744 0.60180444 0.56624327 0.53177629
 0.49854027 0.46663369 0.43612303 0.40704816 0.37942703 0.35325965
 0.32853148 0.30521634 0.28327892 0.26267681 0.24336234 0.225284
 0.2083877  0.19261782 0.17791804 0.16423203 0.15150405 0.13967934
 0.12870454 0.1185279  0.10909954 0.10037158 0.09229821 0.08483581
 0.0779429  0.07158021 0.06571063 0.06029917 0.05531289 0.05072088
 0.04649414 0.04260554 0.03902972 0.035743   0.03272334 0.02995017
 0.02740441]",60
4536,28141,28141,9,"[1.         1.8        2.43       2.916      3.2805     3.54294
 3.720087   3.8263752  3.87420489]",8
4537,19038,19038,1,[1.  1.8],1
4538,119727,119727,9,"[1.         1.8        2.43       2.916      3.2805     3.54294
 3.720087   3.8263752  3.87420489]",8
4539,298890,298890,9,"[1.         1.8        2.43       2.916      3.2805     3.54294
 3.720087   3.8263752  3.87420489]",8
4540,132543,132543,6,[1.       1.8      2.43     2.916    3.2805   3.54294  3.720087],6
4541,205763,205763,3,[0.29411765 0.52941176 0.71470588 0.85764706],3
4542,2747,2747,1,[1.  1.8],1
4543,232059,232059,60,"[0.25       0.45       0.6075     0.729      0.820125   0.885735
 0.93002175 0.9565938  0.96855122 0.96855122 0.95886571 0.94143179
 0.91789599 0.88965304 0.85787972 0.82356453 0.78753358 0.75047318
 0.71294952 0.67542586 0.63827744 0.60180444 0.56624327 0.53177629
 0.49854027 0.46663369 0.43612303 0.40704816 0.37942703 0.35325965
 0.32853148 0.30521634 0.28327892 0.26267681 0.24336234 0.225284
 0.2083877  0.19261782 0.17791804 0.16423203 0.15150405 0.13967934
 0.12870454 0.1185279  0.10909954 0.10037158 0.09229821 0.08483581
 0.0779429  0.07158021 0.06571063 0.06029917 0.05531289 0.05072088
 0.04649414 0.04260554 0.03902972 0.035743   0.03272334 0.02995017
 0.02740441]",60
4544,77952,77952,60,"[0.25       0.45       0.6075     0.729      0.820125   0.885735
 0.93002175 0.9565938  0.96855122 0.96855122 0.95886571 0.94143179
 0.91789599 0.88965304 0.85787972 0.82356453 0.78753358 0.75047318
 0.71294952 0.67542586 0.63827744 0.60180444 0.56624327 0.53177629
 0.49854027 0.46663369 0.43612303 0.40704816 0.37942703 0.35325965
 0.32853148 0.30521634 0.28327892 0.26267681 0.24336234 0.225284
 0.2083877  0.19261782 0.17791804 0.16423203 0.15150405 0.13967934
 0.12870454 0.1185279  0.10909954 0.10037158 0.09229821 0.08483581
 0.0779429  0.07158021 0.06571063 0.06029917 0.05531289 0.05072088
 0.04649414 0.04260554 0.03902972 0.035743   0.03272334 0.02995017
 0.02740441]",60
4545,224384,224384,9,"[1.         1.8        2.43       2.916      3.2805     3.54294
 3.720087   3.8263752  3.87420489]",8
4546,93048,93048,6,[1.       1.8      2.43     2.916    3.2805   3.54294  3.720087],6
4547,236844,236844,9,"[1.         1.8        2.43       2.916      3.2805     3.54294
 3.720087   3.8263752  3.87420489]",8
4548,15108,15108,9,"[1.         1.8        2.43       2.916      3.2805     3.54294
 3.720087   3.8263752  3.87420489]",8
4549,333003,333003,3,[0.29411765 0.52941176 0.71470588 0.85764706],3
4550,52847,52847,60,"[0.25       0.45       0.6075     0.729      0.820125   0.885735
 0.93002175 0.9565938  0.96855122 0.96855122 0.95886571 0.94143179
 0.91789599 0.88965304 0.85787972 0.82356453 0.78753358 0.75047318
 0.71294952 0.67542586 0.63827744 0.60180444 0.56624327 0.53177629
 0.49854027 0.46663369 0.43612303 0.40704816 0.37942703 0.35325965
 0.32853148 0.30521634 0.28327892 0.26267681 0.24336234 0.225284
 0.2083877  0.19261782 0.17791804 0.16423203 0.15150405 0.13967934
 0.12870454 0.1185279  0.10909954 0.10037158 0.09229821 0.08483581
 0.0779429  0.07158021 0.06571063 0.06029917 0.05531289 0.05072088
 0.04649414 0.04260554 0.03902972 0.035743   0.03272334 0.02995017
 0.02740441]",60
4551,347301,347301,30,"[0.25       0.45       0.6075     0.729      0.820125   0.885735
 0.93002175 0.9565938  0.96855122 0.96855122 0.95886571 0.94143179
 0.91789599 0.88965304 0.85787972 0.82356453 0.78753358 0.75047318
 0.71294952 0.67542586 0.63827744 0.60180444 0.56624327 0.53177629
 0.49854027 0.46663369 0.43612303 0.40704816 0.37942703 0.35325965
 0.32853148]",30
4552,81384,81384,30,"[0.25       0.45       0.6075     0.729      0.820125   0.885735
 0.93002175 0.9565938  0.96855122 0.96855122 0.95886571 0.94143179
 0.91789599 0.88965304 0.85787972 0.82356453 0.78753358 0.75047318
 0.71294952 0.67542586 0.63827744 0.60180444 0.56624327 0.53177629
 0.49854027 0.46663369 0.43612303 0.40704816 0.37942703 0.35325965
 0.32853148]",30
4553,36036,36036,9,"[1.         1.8        2.43       2.916      3.2805     3.54294
 3.720087   3.8263752  3.87420489]",8
4554,278176,278176,9,"[1.         1.8        2.43       2.916      3.2805     3.54294
 3.720087   3.8263752  3.87420489]",8
4555,84200,84200,1,[1.  1.8],1
4556,27663,27663,3,[0.29411765 0.52941176 0.71470588 0.85764706],3
4557,214933,214933,30,"[0.25       0.45       0.6075     0.729      0.820125   0.885735
 0.93002175 0.9565938  0.96855122 0.96855122 0.95886571 0.94143179
 0.91789599 0.88965304 0.85787972 0.82356453 0.78753358 0.75047318
 0.71294952 0.67542586 0.63827744 0.60180444 0.56624327 0.53177629
 0.49854027 0.46663369 0.43612303 0.40704816 0.37942703 0.35325965
 0.32853148]",30
4558,37627,37627,6,[1.       1.8      2.43     2.916    3.2805   3.54294  3.720087],6
4559,281826,281826,9,"[1.         1.8        2.43       2.916      3.2805     3.54294
 3.720087   3.8263752  3.87420489]",8
4560,38519,38519,1,[1.  1.8],1
4561,25709,25709,3,[0.29411765 0.52941176 0.71470588 0.85764706],3
4562,37493,37493,9,"[1.         1.8        2.43       2.916      3.2805     3.54294
 3.720087   3.8263752  3.87420489]",8
4563,161015,161015,3,[0.29411765 0.52941176 0.71470588 0.85764706],3
4564,176467,176467,9,"[1.         1.8        2.43       2.916      3.2805     3.54294
 3.720087   3.8263752  3.87420489]",8
4565,347021,347021,6,[1.       1.8      2.43     2.916    3.2805   3.54294  3.720087],6
4566,310899,310899,9,"[1.         1.8        2.43       2.916      3.2805     3.54294
 3.720087   3.8263752  3.87420489]",8
4567,146050,146050,60,"[0.25       0.45       0.6075     0.729      0.820125   0.885735
 0.93002175 0.9565938  0.96855122 0.96855122 0.95886571 0.94143179
 0.91789599 0.88965304 0.85787972 0.82356453 0.78753358 0.75047318
 0.71294952 0.67542586 0.63827744 0.60180444 0.56624327 0.53177629
 0.49854027 0.46663369 0.43612303 0.40704816 0.37942703 0.35325965
 0.32853148 0.30521634 0.28327892 0.26267681 0.24336234 0.225284
 0.2083877  0.19261782 0.17791804 0.16423203 0.15150405 0.13967934
 0.12870454 0.1185279  0.10909954 0.10037158 0.09229821 0.08483581
 0.0779429  0.07158021 0.06571063 0.06029917 0.05531289 0.05072088
 0.04649414 0.04260554 0.03902972 0.035743   0.03272334 0.02995017
 0.02740441]",60
4568,222178,222178,1,[1.  1.8],1
4569,102600,102600,1,[1.  1.8],1
4570,29325,29325,1,[1.  1.8],1
4571,319723,319723,6,[1.       1.8      2.43     2.916    3.2805   3.54294  3.720087],6
4572,19220,19220,6,[1.       1.8      2.43     2.916    3.2805   3.54294  3.720087],6
4573,11176,11176,30,"[0.25       0.45       0.6075     0.729      0.820125   0.885735
 0.93002175 0.9565938  0.96855122 0.96855122 0.95886571 0.94143179
 0.91789599 0.88965304 0.85787972 0.82356453 0.78753358 0.75047318
 0.71294952 0.67542586 0.63827744 0.60180444 0.56624327 0.53177629
 0.49854027 0.46663369 0.43612303 0.40704816 0.37942703 0.35325965
 0.32853148]",30
4574,306262,306262,9,"[1.         1.8        2.43       2.916      3.2805     3.54294
 3.720087   3.8263752  3.87420489]",8
4575,156701,156701,30,"[0.25       0.45       0.6075     0.729      0.820125   0.885735
 0.93002175 0.9565938  0.96855122 0.96855122 0.95886571 0.94143179
 0.91789599 0.88965304 0.85787972 0.82356453 0.78753358 0.75047318
 0.71294952 0.67542586 0.63827744 0.60180444 0.56624327 0.53177629
 0.49854027 0.46663369 0.43612303 0.40704816 0.37942703 0.35325965
 0.32853148]",30
4576,195236,195236,30,"[0.25       0.45       0.6075     0.729      0.820125   0.885735
 0.93002175 0.9565938  0.96855122 0.96855122 0.95886571 0.94143179
 0.91789599 0.88965304 0.85787972 0.82356453 0.78753358 0.75047318
 0.71294952 0.67542586 0.63827744 0.60180444 0.56624327 0.53177629
 0.49854027 0.46663369 0.43612303 0.40704816 0.37942703 0.35325965
 0.32853148]",30
4577,274643,274643,60,"[0.25       0.45       0.6075     0.729      0.820125   0.885735
 0.93002175 0.9565938  0.96855122 0.96855122 0.95886571 0.94143179
 0.91789599 0.88965304 0.85787972 0.82356453 0.78753358 0.75047318
 0.71294952 0.67542586 0.63827744 0.60180444 0.56624327 0.53177629
 0.49854027 0.46663369 0.43612303 0.40704816 0.37942703 0.35325965
 0.32853148 0.30521634 0.28327892 0.26267681 0.24336234 0.225284
 0.2083877  0.19261782 0.17791804 0.16423203 0.15150405 0.13967934
 0.12870454 0.1185279  0.10909954 0.10037158 0.09229821 0.08483581
 0.0779429  0.07158021 0.06571063 0.06029917 0.05531289 0.05072088
 0.04649414 0.04260554 0.03902972 0.035743   0.03272334 0.02995017
 0.02740441]",60
4578,212490,212490,1,[1.  1.8],1
4579,223797,223797,30,"[0.25       0.45       0.6075     0.729      0.820125   0.885735
 0.93002175 0.9565938  0.96855122 0.96855122 0.95886571 0.94143179
 0.91789599 0.88965304 0.85787972 0.82356453 0.78753358 0.75047318
 0.71294952 0.67542586 0.63827744 0.60180444 0.56624327 0.53177629
 0.49854027 0.46663369 0.43612303 0.40704816 0.37942703 0.35325965
 0.32853148]",30
4580,200673,200673,60,"[0.25       0.45       0.6075     0.729      0.820125   0.885735
 0.93002175 0.9565938  0.96855122 0.96855122 0.95886571 0.94143179
 0.91789599 0.88965304 0.85787972 0.82356453 0.78753358 0.75047318
 0.71294952 0.67542586 0.63827744 0.60180444 0.56624327 0.53177629
 0.49854027 0.46663369 0.43612303 0.40704816 0.37942703 0.35325965
 0.32853148 0.30521634 0.28327892 0.26267681 0.24336234 0.225284
 0.2083877  0.19261782 0.17791804 0.16423203 0.15150405 0.13967934
 0.12870454 0.1185279  0.10909954 0.10037158 0.09229821 0.08483581
 0.0779429  0.07158021 0.06571063 0.06029917 0.05531289 0.05072088
 0.04649414 0.04260554 0.03902972 0.035743   0.03272334 0.02995017
 0.02740441]",60
4581,43476,43476,30,"[0.25       0.45       0.6075     0.729      0.820125   0.885735
 0.93002175 0.9565938  0.96855122 0.96855122 0.95886571 0.94143179
 0.91789599 0.88965304 0.85787972 0.82356453 0.78753358 0.75047318
 0.71294952 0.67542586 0.63827744 0.60180444 0.56624327 0.53177629
 0.49854027 0.46663369 0.43612303 0.40704816 0.37942703 0.35325965
 0.32853148]",30
4582,282864,282864,60,"[0.25       0.45       0.6075     0.729      0.820125   0.885735
 0.93002175 0.9565938  0.96855122 0.96855122 0.95886571 0.94143179
 0.91789599 0.88965304 0.85787972 0.82356453 0.78753358 0.75047318
 0.71294952 0.67542586 0.63827744 0.60180444 0.56624327 0.53177629
 0.49854027 0.46663369 0.43612303 0.40704816 0.37942703 0.35325965
 0.32853148 0.30521634 0.28327892 0.26267681 0.24336234 0.225284
 0.2083877  0.19261782 0.17791804 0.16423203 0.15150405 0.13967934
 0.12870454 0.1185279  0.10909954 0.10037158 0.09229821 0.08483581
 0.0779429  0.07158021 0.06571063 0.06029917 0.05531289 0.05072088
 0.04649414 0.04260554 0.03902972 0.035743   0.03272334 0.02995017
 0.02740441]",60
4583,78155,78155,30,"[0.25       0.45       0.6075     0.729      0.820125   0.885735
 0.93002175 0.9565938  0.96855122 0.96855122 0.95886571 0.94143179
 0.91789599 0.88965304 0.85787972 0.82356453 0.78753358 0.75047318
 0.71294952 0.67542586 0.63827744 0.60180444 0.56624327 0.53177629
 0.49854027 0.46663369 0.43612303 0.40704816 0.37942703 0.35325965
 0.32853148]",30
4584,117607,117607,9,"[1.         1.8        2.43       2.916      3.2805     3.54294
 3.720087   3.8263752  3.87420489]",8
4585,83822,83822,6,[1.       1.8      2.43     2.916    3.2805   3.54294  3.720087],6
4586,101055,101055,6,[1.       1.8      2.43     2.916    3.2805   3.54294  3.720087],6
4587,84130,84130,6,[1.       1.8      2.43     2.916    3.2805   3.54294  3.720087],6
4588,9030,9030,1,[1.  1.8],1
4589,221928,221928,1,[1.  1.8],1
4590,167549,167549,1,[1.  1.8],1
4591,94258,94258,9,"[1.         1.8        2.43       2.916      3.2805     3.54294
 3.720087   3.8263752  3.87420489]",8
4592,29393,29393,9,"[1.         1.8        2.43       2.916      3.2805     3.54294
 3.720087   3.8263752  3.87420489]",8
4593,129436,129436,9,"[1.         1.8        2.43       2.916      3.2805     3.54294
 3.720087   3.8263752  3.87420489]",8
4594,168186,168186,1,[1.  1.8],1
4595,93901,93901,9,"[1.         1.8        2.43       2.916      3.2805     3.54294
 3.720087   3.8263752  3.87420489]",8
4596,325734,325734,60,"[0.25       0.45       0.6075     0.729      0.820125   0.885735
 0.93002175 0.9565938  0.96855122 0.96855122 0.95886571 0.94143179
 0.91789599 0.88965304 0.85787972 0.82356453 0.78753358 0.75047318
 0.71294952 0.67542586 0.63827744 0.60180444 0.56624327 0.53177629
 0.49854027 0.46663369 0.43612303 0.40704816 0.37942703 0.35325965
 0.32853148 0.30521634 0.28327892 0.26267681 0.24336234 0.225284
 0.2083877  0.19261782 0.17791804 0.16423203 0.15150405 0.13967934
 0.12870454 0.1185279  0.10909954 0.10037158 0.09229821 0.08483581
 0.0779429  0.07158021 0.06571063 0.06029917 0.05531289 0.05072088
 0.04649414 0.04260554 0.03902972 0.035743   0.03272334 0.02995017
 0.02740441]",60
4597,326838,326838,3,[0.29411765 0.52941176 0.71470588 0.85764706],3
4598,8728,8728,60,"[0.25       0.45       0.6075     0.729      0.820125   0.885735
 0.93002175 0.9565938  0.96855122 0.96855122 0.95886571 0.94143179
 0.91789599 0.88965304 0.85787972 0.82356453 0.78753358 0.75047318
 0.71294952 0.67542586 0.63827744 0.60180444 0.56624327 0.53177629
 0.49854027 0.46663369 0.43612303 0.40704816 0.37942703 0.35325965
 0.32853148 0.30521634 0.28327892 0.26267681 0.24336234 0.225284
 0.2083877  0.19261782 0.17791804 0.16423203 0.15150405 0.13967934
 0.12870454 0.1185279  0.10909954 0.10037158 0.09229821 0.08483581
 0.0779429  0.07158021 0.06571063 0.06029917 0.05531289 0.05072088
 0.04649414 0.04260554 0.03902972 0.035743   0.03272334 0.02995017
 0.02740441]",60
4599,177537,177537,3,[0.29411765 0.52941176 0.71470588 0.85764706],3
4600,56345,56345,6,[1.       1.8      2.43     2.916    3.2805   3.54294  3.720087],6
4601,230134,230134,3,[0.29411765 0.52941176 0.71470588 0.85764706],3
4602,240844,240844,3,[0.29411765 0.52941176 0.71470588 0.85764706],3
4603,225794,225794,6,[1.       1.8      2.43     2.916    3.2805   3.54294  3.720087],6
4604,229131,229131,6,[1.       1.8      2.43     2.916    3.2805   3.54294  3.720087],6
4605,100157,100157,3,[0.29411765 0.52941176 0.71470588 0.85764706],3
4606,253026,253026,30,"[0.25       0.45       0.6075     0.729      0.820125   0.885735
 0.93002175 0.9565938  0.96855122 0.96855122 0.95886571 0.94143179
 0.91789599 0.88965304 0.85787972 0.82356453 0.78753358 0.75047318
 0.71294952 0.67542586 0.63827744 0.60180444 0.56624327 0.53177629
 0.49854027 0.46663369 0.43612303 0.40704816 0.37942703 0.35325965
 0.32853148]",30
4607,12754,12754,60,"[0.25       0.45       0.6075     0.729      0.820125   0.885735
 0.93002175 0.9565938  0.96855122 0.96855122 0.95886571 0.94143179
 0.91789599 0.88965304 0.85787972 0.82356453 0.78753358 0.75047318
 0.71294952 0.67542586 0.63827744 0.60180444 0.56624327 0.53177629
 0.49854027 0.46663369 0.43612303 0.40704816 0.37942703 0.35325965
 0.32853148 0.30521634 0.28327892 0.26267681 0.24336234 0.225284
 0.2083877  0.19261782 0.17791804 0.16423203 0.15150405 0.13967934
 0.12870454 0.1185279  0.10909954 0.10037158 0.09229821 0.08483581
 0.0779429  0.07158021 0.06571063 0.06029917 0.05531289 0.05072088
 0.04649414 0.04260554 0.03902972 0.035743   0.03272334 0.02995017
 0.02740441]",60
4608,237468,237468,3,[0.29411765 0.52941176 0.71470588 0.85764706],3
4609,249345,249345,3,[0.29411765 0.52941176 0.71470588 0.85764706],3
4610,62106,62106,3,[0.29411765 0.52941176 0.71470588 0.85764706],3
4611,194133,194133,9,"[1.         1.8        2.43       2.916      3.2805     3.54294
 3.720087   3.8263752  3.87420489]",8
4612,74679,74679,9,"[1.         1.8        2.43       2.916      3.2805     3.54294
 3.720087   3.8263752  3.87420489]",8
4613,280915,280915,1,[1.  1.8],1
4614,112989,112989,60,"[0.25       0.45       0.6075     0.729      0.820125   0.885735
 0.93002175 0.9565938  0.96855122 0.96855122 0.95886571 0.94143179
 0.91789599 0.88965304 0.85787972 0.82356453 0.78753358 0.75047318
 0.71294952 0.67542586 0.63827744 0.60180444 0.56624327 0.53177629
 0.49854027 0.46663369 0.43612303 0.40704816 0.37942703 0.35325965
 0.32853148 0.30521634 0.28327892 0.26267681 0.24336234 0.225284
 0.2083877  0.19261782 0.17791804 0.16423203 0.15150405 0.13967934
 0.12870454 0.1185279  0.10909954 0.10037158 0.09229821 0.08483581
 0.0779429  0.07158021 0.06571063 0.06029917 0.05531289 0.05072088
 0.04649414 0.04260554 0.03902972 0.035743   0.03272334 0.02995017
 0.02740441]",60
4615,59928,59928,60,"[0.25       0.45       0.6075     0.729      0.820125   0.885735
 0.93002175 0.9565938  0.96855122 0.96855122 0.95886571 0.94143179
 0.91789599 0.88965304 0.85787972 0.82356453 0.78753358 0.75047318
 0.71294952 0.67542586 0.63827744 0.60180444 0.56624327 0.53177629
 0.49854027 0.46663369 0.43612303 0.40704816 0.37942703 0.35325965
 0.32853148 0.30521634 0.28327892 0.26267681 0.24336234 0.225284
 0.2083877  0.19261782 0.17791804 0.16423203 0.15150405 0.13967934
 0.12870454 0.1185279  0.10909954 0.10037158 0.09229821 0.08483581
 0.0779429  0.07158021 0.06571063 0.06029917 0.05531289 0.05072088
 0.04649414 0.04260554 0.03902972 0.035743   0.03272334 0.02995017
 0.02740441]",60
4616,117830,117830,6,[1.       1.8      2.43     2.916    3.2805   3.54294  3.720087],6
4617,134783,134783,9,"[1.         1.8        2.43       2.916      3.2805     3.54294
 3.720087   3.8263752  3.87420489]",8
4618,105548,105548,6,[1.       1.8      2.43     2.916    3.2805   3.54294  3.720087],6
4619,274193,274193,9,"[1.         1.8        2.43       2.916      3.2805     3.54294
 3.720087   3.8263752  3.87420489]",8
4620,12593,12593,9,"[1.         1.8        2.43       2.916      3.2805     3.54294
 3.720087   3.8263752  3.87420489]",8
4621,218396,218396,3,[0.29411765 0.52941176 0.71470588 0.85764706],3
4622,256272,256272,30,"[0.25       0.45       0.6075     0.729      0.820125   0.885735
 0.93002175 0.9565938  0.96855122 0.96855122 0.95886571 0.94143179
 0.91789599 0.88965304 0.85787972 0.82356453 0.78753358 0.75047318
 0.71294952 0.67542586 0.63827744 0.60180444 0.56624327 0.53177629
 0.49854027 0.46663369 0.43612303 0.40704816 0.37942703 0.35325965
 0.32853148]",30
4623,229541,229541,9,"[1.         1.8        2.43       2.916      3.2805     3.54294
 3.720087   3.8263752  3.87420489]",8
4624,8229,8229,9,"[1.         1.8        2.43       2.916      3.2805     3.54294
 3.720087   3.8263752  3.87420489]",8
4625,210061,210061,3,[0.29411765 0.52941176 0.71470588 0.85764706],3
4626,288098,288098,60,"[0.25       0.45       0.6075     0.729      0.820125   0.885735
 0.93002175 0.9565938  0.96855122 0.96855122 0.95886571 0.94143179
 0.91789599 0.88965304 0.85787972 0.82356453 0.78753358 0.75047318
 0.71294952 0.67542586 0.63827744 0.60180444 0.56624327 0.53177629
 0.49854027 0.46663369 0.43612303 0.40704816 0.37942703 0.35325965
 0.32853148 0.30521634 0.28327892 0.26267681 0.24336234 0.225284
 0.2083877  0.19261782 0.17791804 0.16423203 0.15150405 0.13967934
 0.12870454 0.1185279  0.10909954 0.10037158 0.09229821 0.08483581
 0.0779429  0.07158021 0.06571063 0.06029917 0.05531289 0.05072088
 0.04649414 0.04260554 0.03902972 0.035743   0.03272334 0.02995017
 0.02740441]",60
4627,88830,88830,60,"[0.25       0.45       0.6075     0.729      0.820125   0.885735
 0.93002175 0.9565938  0.96855122 0.96855122 0.95886571 0.94143179
 0.91789599 0.88965304 0.85787972 0.82356453 0.78753358 0.75047318
 0.71294952 0.67542586 0.63827744 0.60180444 0.56624327 0.53177629
 0.49854027 0.46663369 0.43612303 0.40704816 0.37942703 0.35325965
 0.32853148 0.30521634 0.28327892 0.26267681 0.24336234 0.225284
 0.2083877  0.19261782 0.17791804 0.16423203 0.15150405 0.13967934
 0.12870454 0.1185279  0.10909954 0.10037158 0.09229821 0.08483581
 0.0779429  0.07158021 0.06571063 0.06029917 0.05531289 0.05072088
 0.04649414 0.04260554 0.03902972 0.035743   0.03272334 0.02995017
 0.02740441]",60
4628,68575,68575,60,"[0.25       0.45       0.6075     0.729      0.820125   0.885735
 0.93002175 0.9565938  0.96855122 0.96855122 0.95886571 0.94143179
 0.91789599 0.88965304 0.85787972 0.82356453 0.78753358 0.75047318
 0.71294952 0.67542586 0.63827744 0.60180444 0.56624327 0.53177629
 0.49854027 0.46663369 0.43612303 0.40704816 0.37942703 0.35325965
 0.32853148 0.30521634 0.28327892 0.26267681 0.24336234 0.225284
 0.2083877  0.19261782 0.17791804 0.16423203 0.15150405 0.13967934
 0.12870454 0.1185279  0.10909954 0.10037158 0.09229821 0.08483581
 0.0779429  0.07158021 0.06571063 0.06029917 0.05531289 0.05072088
 0.04649414 0.04260554 0.03902972 0.035743   0.03272334 0.02995017
 0.02740441]",60
4629,292516,292516,9,"[1.         1.8        2.43       2.916      3.2805     3.54294
 3.720087   3.8263752  3.87420489]",8
4630,285791,285791,6,[1.       1.8      2.43     2.916    3.2805   3.54294  3.720087],6
4631,196912,196912,1,[1.  1.8],1
4632,303172,303172,9,"[1.         1.8        2.43       2.916      3.2805     3.54294
 3.720087   3.8263752  3.87420489]",8
4633,298421,298421,6,[1.       1.8      2.43     2.916    3.2805   3.54294  3.720087],6
4634,148811,148811,6,[1.       1.8      2.43     2.916    3.2805   3.54294  3.720087],6
4635,330432,330432,1,[1.  1.8],1
4636,188494,188494,3,[0.29411765 0.52941176 0.71470588 0.85764706],3
4637,46618,46618,30,"[0.25       0.45       0.6075     0.729      0.820125   0.885735
 0.93002175 0.9565938  0.96855122 0.96855122 0.95886571 0.94143179
 0.91789599 0.88965304 0.85787972 0.82356453 0.78753358 0.75047318
 0.71294952 0.67542586 0.63827744 0.60180444 0.56624327 0.53177629
 0.49854027 0.46663369 0.43612303 0.40704816 0.37942703 0.35325965
 0.32853148]",30
4638,167030,167030,60,"[0.25       0.45       0.6075     0.729      0.820125   0.885735
 0.93002175 0.9565938  0.96855122 0.96855122 0.95886571 0.94143179
 0.91789599 0.88965304 0.85787972 0.82356453 0.78753358 0.75047318
 0.71294952 0.67542586 0.63827744 0.60180444 0.56624327 0.53177629
 0.49854027 0.46663369 0.43612303 0.40704816 0.37942703 0.35325965
 0.32853148 0.30521634 0.28327892 0.26267681 0.24336234 0.225284
 0.2083877  0.19261782 0.17791804 0.16423203 0.15150405 0.13967934
 0.12870454 0.1185279  0.10909954 0.10037158 0.09229821 0.08483581
 0.0779429  0.07158021 0.06571063 0.06029917 0.05531289 0.05072088
 0.04649414 0.04260554 0.03902972 0.035743   0.03272334 0.02995017
 0.02740441]",60
4639,196759,196759,60,"[0.25       0.45       0.6075     0.729      0.820125   0.885735
 0.93002175 0.9565938  0.96855122 0.96855122 0.95886571 0.94143179
 0.91789599 0.88965304 0.85787972 0.82356453 0.78753358 0.75047318
 0.71294952 0.67542586 0.63827744 0.60180444 0.56624327 0.53177629
 0.49854027 0.46663369 0.43612303 0.40704816 0.37942703 0.35325965
 0.32853148 0.30521634 0.28327892 0.26267681 0.24336234 0.225284
 0.2083877  0.19261782 0.17791804 0.16423203 0.15150405 0.13967934
 0.12870454 0.1185279  0.10909954 0.10037158 0.09229821 0.08483581
 0.0779429  0.07158021 0.06571063 0.06029917 0.05531289 0.05072088
 0.04649414 0.04260554 0.03902972 0.035743   0.03272334 0.02995017
 0.02740441]",60
4640,315694,315694,3,[0.29411765 0.52941176 0.71470588 0.85764706],3
4641,300835,300835,6,[1.       1.8      2.43     2.916    3.2805   3.54294  3.720087],6
4642,116770,116770,9,"[1.         1.8        2.43       2.916      3.2805     3.54294
 3.720087   3.8263752  3.87420489]",8
4643,39273,39273,1,[1.  1.8],1
4644,60344,60344,1,[1.  1.8],1
4645,36188,36188,6,[1.       1.8      2.43     2.916    3.2805   3.54294  3.720087],6
4646,251509,251509,1,[1.  1.8],1
4647,337744,337744,6,[1.       1.8      2.43     2.916    3.2805   3.54294  3.720087],6
4648,73309,73309,30,"[0.25       0.45       0.6075     0.729      0.820125   0.885735
 0.93002175 0.9565938  0.96855122 0.96855122 0.95886571 0.94143179
 0.91789599 0.88965304 0.85787972 0.82356453 0.78753358 0.75047318
 0.71294952 0.67542586 0.63827744 0.60180444 0.56624327 0.53177629
 0.49854027 0.46663369 0.43612303 0.40704816 0.37942703 0.35325965
 0.32853148]",30
4649,167131,167131,30,"[0.25       0.45       0.6075     0.729      0.820125   0.885735
 0.93002175 0.9565938  0.96855122 0.96855122 0.95886571 0.94143179
 0.91789599 0.88965304 0.85787972 0.82356453 0.78753358 0.75047318
 0.71294952 0.67542586 0.63827744 0.60180444 0.56624327 0.53177629
 0.49854027 0.46663369 0.43612303 0.40704816 0.37942703 0.35325965
 0.32853148]",30
4650,162334,162334,1,[1.  1.8],1
4651,341794,341794,60,"[0.25       0.45       0.6075     0.729      0.820125   0.885735
 0.93002175 0.9565938  0.96855122 0.96855122 0.95886571 0.94143179
 0.91789599 0.88965304 0.85787972 0.82356453 0.78753358 0.75047318
 0.71294952 0.67542586 0.63827744 0.60180444 0.56624327 0.53177629
 0.49854027 0.46663369 0.43612303 0.40704816 0.37942703 0.35325965
 0.32853148 0.30521634 0.28327892 0.26267681 0.24336234 0.225284
 0.2083877  0.19261782 0.17791804 0.16423203 0.15150405 0.13967934
 0.12870454 0.1185279  0.10909954 0.10037158 0.09229821 0.08483581
 0.0779429  0.07158021 0.06571063 0.06029917 0.05531289 0.05072088
 0.04649414 0.04260554 0.03902972 0.035743   0.03272334 0.02995017
 0.02740441]",60
4652,181234,181234,30,"[0.25       0.45       0.6075     0.729      0.820125   0.885735
 0.93002175 0.9565938  0.96855122 0.96855122 0.95886571 0.94143179
 0.91789599 0.88965304 0.85787972 0.82356453 0.78753358 0.75047318
 0.71294952 0.67542586 0.63827744 0.60180444 0.56624327 0.53177629
 0.49854027 0.46663369 0.43612303 0.40704816 0.37942703 0.35325965
 0.32853148]",30
4653,347182,347182,3,[0.29411765 0.52941176 0.71470588 0.85764706],3
4654,218287,218287,30,"[0.25       0.45       0.6075     0.729      0.820125   0.885735
 0.93002175 0.9565938  0.96855122 0.96855122 0.95886571 0.94143179
 0.91789599 0.88965304 0.85787972 0.82356453 0.78753358 0.75047318
 0.71294952 0.67542586 0.63827744 0.60180444 0.56624327 0.53177629
 0.49854027 0.46663369 0.43612303 0.40704816 0.37942703 0.35325965
 0.32853148]",30
4655,1053,1053,30,"[0.25       0.45       0.6075     0.729      0.820125   0.885735
 0.93002175 0.9565938  0.96855122 0.96855122 0.95886571 0.94143179
 0.91789599 0.88965304 0.85787972 0.82356453 0.78753358 0.75047318
 0.71294952 0.67542586 0.63827744 0.60180444 0.56624327 0.53177629
 0.49854027 0.46663369 0.43612303 0.40704816 0.37942703 0.35325965
 0.32853148]",30
4656,133086,133086,9,"[1.         1.8        2.43       2.916      3.2805     3.54294
 3.720087   3.8263752  3.87420489]",8
4657,175149,175149,9,"[1.         1.8        2.43       2.916      3.2805     3.54294
 3.720087   3.8263752  3.87420489]",8
4658,298378,298378,30,"[0.25       0.45       0.6075     0.729      0.820125   0.885735
 0.93002175 0.9565938  0.96855122 0.96855122 0.95886571 0.94143179
 0.91789599 0.88965304 0.85787972 0.82356453 0.78753358 0.75047318
 0.71294952 0.67542586 0.63827744 0.60180444 0.56624327 0.53177629
 0.49854027 0.46663369 0.43612303 0.40704816 0.37942703 0.35325965
 0.32853148]",30
4659,172128,172128,1,[1.  1.8],1
4660,238006,238006,1,[1.  1.8],1
4661,255274,255274,3,[0.29411765 0.52941176 0.71470588 0.85764706],3
4662,109256,109256,30,"[0.25       0.45       0.6075     0.729      0.820125   0.885735
 0.93002175 0.9565938  0.96855122 0.96855122 0.95886571 0.94143179
 0.91789599 0.88965304 0.85787972 0.82356453 0.78753358 0.75047318
 0.71294952 0.67542586 0.63827744 0.60180444 0.56624327 0.53177629
 0.49854027 0.46663369 0.43612303 0.40704816 0.37942703 0.35325965
 0.32853148]",30
4663,81815,81815,60,"[0.25       0.45       0.6075     0.729      0.820125   0.885735
 0.93002175 0.9565938  0.96855122 0.96855122 0.95886571 0.94143179
 0.91789599 0.88965304 0.85787972 0.82356453 0.78753358 0.75047318
 0.71294952 0.67542586 0.63827744 0.60180444 0.56624327 0.53177629
 0.49854027 0.46663369 0.43612303 0.40704816 0.37942703 0.35325965
 0.32853148 0.30521634 0.28327892 0.26267681 0.24336234 0.225284
 0.2083877  0.19261782 0.17791804 0.16423203 0.15150405 0.13967934
 0.12870454 0.1185279  0.10909954 0.10037158 0.09229821 0.08483581
 0.0779429  0.07158021 0.06571063 0.06029917 0.05531289 0.05072088
 0.04649414 0.04260554 0.03902972 0.035743   0.03272334 0.02995017
 0.02740441]",60
4664,33836,33836,60,"[0.25       0.45       0.6075     0.729      0.820125   0.885735
 0.93002175 0.9565938  0.96855122 0.96855122 0.95886571 0.94143179
 0.91789599 0.88965304 0.85787972 0.82356453 0.78753358 0.75047318
 0.71294952 0.67542586 0.63827744 0.60180444 0.56624327 0.53177629
 0.49854027 0.46663369 0.43612303 0.40704816 0.37942703 0.35325965
 0.32853148 0.30521634 0.28327892 0.26267681 0.24336234 0.225284
 0.2083877  0.19261782 0.17791804 0.16423203 0.15150405 0.13967934
 0.12870454 0.1185279  0.10909954 0.10037158 0.09229821 0.08483581
 0.0779429  0.07158021 0.06571063 0.06029917 0.05531289 0.05072088
 0.04649414 0.04260554 0.03902972 0.035743   0.03272334 0.02995017
 0.02740441]",60
4665,19267,19267,9,"[1.         1.8        2.43       2.916      3.2805     3.54294
 3.720087   3.8263752  3.87420489]",8
4666,164149,164149,1,[1.  1.8],1
4667,236721,236721,30,"[0.25       0.45       0.6075     0.729      0.820125   0.885735
 0.93002175 0.9565938  0.96855122 0.96855122 0.95886571 0.94143179
 0.91789599 0.88965304 0.85787972 0.82356453 0.78753358 0.75047318
 0.71294952 0.67542586 0.63827744 0.60180444 0.56624327 0.53177629
 0.49854027 0.46663369 0.43612303 0.40704816 0.37942703 0.35325965
 0.32853148]",30
4668,209416,209416,30,"[0.25       0.45       0.6075     0.729      0.820125   0.885735
 0.93002175 0.9565938  0.96855122 0.96855122 0.95886571 0.94143179
 0.91789599 0.88965304 0.85787972 0.82356453 0.78753358 0.75047318
 0.71294952 0.67542586 0.63827744 0.60180444 0.56624327 0.53177629
 0.49854027 0.46663369 0.43612303 0.40704816 0.37942703 0.35325965
 0.32853148]",30
4669,32664,32664,9,"[1.         1.8        2.43       2.916      3.2805     3.54294
 3.720087   3.8263752  3.87420489]",8
4670,120094,120094,60,"[0.25       0.45       0.6075     0.729      0.820125   0.885735
 0.93002175 0.9565938  0.96855122 0.96855122 0.95886571 0.94143179
 0.91789599 0.88965304 0.85787972 0.82356453 0.78753358 0.75047318
 0.71294952 0.67542586 0.63827744 0.60180444 0.56624327 0.53177629
 0.49854027 0.46663369 0.43612303 0.40704816 0.37942703 0.35325965
 0.32853148 0.30521634 0.28327892 0.26267681 0.24336234 0.225284
 0.2083877  0.19261782 0.17791804 0.16423203 0.15150405 0.13967934
 0.12870454 0.1185279  0.10909954 0.10037158 0.09229821 0.08483581
 0.0779429  0.07158021 0.06571063 0.06029917 0.05531289 0.05072088
 0.04649414 0.04260554 0.03902972 0.035743   0.03272334 0.02995017
 0.02740441]",60
4671,226299,226299,1,[1.  1.8],1
4672,317960,317960,3,[0.29411765 0.52941176 0.71470588 0.85764706],3
4673,146724,146724,60,"[0.25       0.45       0.6075     0.729      0.820125   0.885735
 0.93002175 0.9565938  0.96855122 0.96855122 0.95886571 0.94143179
 0.91789599 0.88965304 0.85787972 0.82356453 0.78753358 0.75047318
 0.71294952 0.67542586 0.63827744 0.60180444 0.56624327 0.53177629
 0.49854027 0.46663369 0.43612303 0.40704816 0.37942703 0.35325965
 0.32853148 0.30521634 0.28327892 0.26267681 0.24336234 0.225284
 0.2083877  0.19261782 0.17791804 0.16423203 0.15150405 0.13967934
 0.12870454 0.1185279  0.10909954 0.10037158 0.09229821 0.08483581
 0.0779429  0.07158021 0.06571063 0.06029917 0.05531289 0.05072088
 0.04649414 0.04260554 0.03902972 0.035743   0.03272334 0.02995017
 0.02740441]",60
4674,339239,339239,1,[1.  1.8],1
4675,199040,199040,9,"[1.         1.8        2.43       2.916      3.2805     3.54294
 3.720087   3.8263752  3.87420489]",8
4676,149837,149837,60,"[0.25       0.45       0.6075     0.729      0.820125   0.885735
 0.93002175 0.9565938  0.96855122 0.96855122 0.95886571 0.94143179
 0.91789599 0.88965304 0.85787972 0.82356453 0.78753358 0.75047318
 0.71294952 0.67542586 0.63827744 0.60180444 0.56624327 0.53177629
 0.49854027 0.46663369 0.43612303 0.40704816 0.37942703 0.35325965
 0.32853148 0.30521634 0.28327892 0.26267681 0.24336234 0.225284
 0.2083877  0.19261782 0.17791804 0.16423203 0.15150405 0.13967934
 0.12870454 0.1185279  0.10909954 0.10037158 0.09229821 0.08483581
 0.0779429  0.07158021 0.06571063 0.06029917 0.05531289 0.05072088
 0.04649414 0.04260554 0.03902972 0.035743   0.03272334 0.02995017
 0.02740441]",60
4677,175937,175937,60,"[0.25       0.45       0.6075     0.729      0.820125   0.885735
 0.93002175 0.9565938  0.96855122 0.96855122 0.95886571 0.94143179
 0.91789599 0.88965304 0.85787972 0.82356453 0.78753358 0.75047318
 0.71294952 0.67542586 0.63827744 0.60180444 0.56624327 0.53177629
 0.49854027 0.46663369 0.43612303 0.40704816 0.37942703 0.35325965
 0.32853148 0.30521634 0.28327892 0.26267681 0.24336234 0.225284
 0.2083877  0.19261782 0.17791804 0.16423203 0.15150405 0.13967934
 0.12870454 0.1185279  0.10909954 0.10037158 0.09229821 0.08483581
 0.0779429  0.07158021 0.06571063 0.06029917 0.05531289 0.05072088
 0.04649414 0.04260554 0.03902972 0.035743   0.03272334 0.02995017
 0.02740441]",60
4678,184046,184046,60,"[0.25       0.45       0.6075     0.729      0.820125   0.885735
 0.93002175 0.9565938  0.96855122 0.96855122 0.95886571 0.94143179
 0.91789599 0.88965304 0.85787972 0.82356453 0.78753358 0.75047318
 0.71294952 0.67542586 0.63827744 0.60180444 0.56624327 0.53177629
 0.49854027 0.46663369 0.43612303 0.40704816 0.37942703 0.35325965
 0.32853148 0.30521634 0.28327892 0.26267681 0.24336234 0.225284
 0.2083877  0.19261782 0.17791804 0.16423203 0.15150405 0.13967934
 0.12870454 0.1185279  0.10909954 0.10037158 0.09229821 0.08483581
 0.0779429  0.07158021 0.06571063 0.06029917 0.05531289 0.05072088
 0.04649414 0.04260554 0.03902972 0.035743   0.03272334 0.02995017
 0.02740441]",60
4679,324593,324593,1,[1.  1.8],1
4680,234265,234265,3,[0.29411765 0.52941176 0.71470588 0.85764706],3
4681,30197,30197,9,"[1.         1.8        2.43       2.916      3.2805     3.54294
 3.720087   3.8263752  3.87420489]",8
4682,288462,288462,6,[1.       1.8      2.43     2.916    3.2805   3.54294  3.720087],6
4683,128854,128854,30,"[0.25       0.45       0.6075     0.729      0.820125   0.885735
 0.93002175 0.9565938  0.96855122 0.96855122 0.95886571 0.94143179
 0.91789599 0.88965304 0.85787972 0.82356453 0.78753358 0.75047318
 0.71294952 0.67542586 0.63827744 0.60180444 0.56624327 0.53177629
 0.49854027 0.46663369 0.43612303 0.40704816 0.37942703 0.35325965
 0.32853148]",30
4684,17700,17700,30,"[0.25       0.45       0.6075     0.729      0.820125   0.885735
 0.93002175 0.9565938  0.96855122 0.96855122 0.95886571 0.94143179
 0.91789599 0.88965304 0.85787972 0.82356453 0.78753358 0.75047318
 0.71294952 0.67542586 0.63827744 0.60180444 0.56624327 0.53177629
 0.49854027 0.46663369 0.43612303 0.40704816 0.37942703 0.35325965
 0.32853148]",30
4685,176304,176304,6,[1.       1.8      2.43     2.916    3.2805   3.54294  3.720087],6
4686,103351,103351,6,[1.       1.8      2.43     2.916    3.2805   3.54294  3.720087],6
4687,161978,161978,9,"[1.         1.8        2.43       2.916      3.2805     3.54294
 3.720087   3.8263752  3.87420489]",8
4688,23726,23726,30,"[0.25       0.45       0.6075     0.729      0.820125   0.885735
 0.93002175 0.9565938  0.96855122 0.96855122 0.95886571 0.94143179
 0.91789599 0.88965304 0.85787972 0.82356453 0.78753358 0.75047318
 0.71294952 0.67542586 0.63827744 0.60180444 0.56624327 0.53177629
 0.49854027 0.46663369 0.43612303 0.40704816 0.37942703 0.35325965
 0.32853148]",30
4689,13162,13162,9,"[1.         1.8        2.43       2.916      3.2805     3.54294
 3.720087   3.8263752  3.87420489]",8
4690,230473,230473,9,"[1.         1.8        2.43       2.916      3.2805     3.54294
 3.720087   3.8263752  3.87420489]",8
4691,78155,78155,6,[1.       1.8      2.43     2.916    3.2805   3.54294  3.720087],6
4692,185270,185270,30,"[0.25       0.45       0.6075     0.729      0.820125   0.885735
 0.93002175 0.9565938  0.96855122 0.96855122 0.95886571 0.94143179
 0.91789599 0.88965304 0.85787972 0.82356453 0.78753358 0.75047318
 0.71294952 0.67542586 0.63827744 0.60180444 0.56624327 0.53177629
 0.49854027 0.46663369 0.43612303 0.40704816 0.37942703 0.35325965
 0.32853148]",30
4693,348451,348451,9,"[1.         1.8        2.43       2.916      3.2805     3.54294
 3.720087   3.8263752  3.87420489]",8
4694,120426,120426,6,[1.       1.8      2.43     2.916    3.2805   3.54294  3.720087],6
4695,84450,84450,6,[1.       1.8      2.43     2.916    3.2805   3.54294  3.720087],6
4696,107858,107858,1,[1.  1.8],1
4697,200740,200740,9,"[1.         1.8        2.43       2.916      3.2805     3.54294
 3.720087   3.8263752  3.87420489]",8
4698,181332,181332,6,[1.       1.8      2.43     2.916    3.2805   3.54294  3.720087],6
4699,138785,138785,3,[0.29411765 0.52941176 0.71470588 0.85764706],3
4700,157368,157368,9,"[1.         1.8        2.43       2.916      3.2805     3.54294
 3.720087   3.8263752  3.87420489]",8
4701,95351,95351,60,"[0.25       0.45       0.6075     0.729      0.820125   0.885735
 0.93002175 0.9565938  0.96855122 0.96855122 0.95886571 0.94143179
 0.91789599 0.88965304 0.85787972 0.82356453 0.78753358 0.75047318
 0.71294952 0.67542586 0.63827744 0.60180444 0.56624327 0.53177629
 0.49854027 0.46663369 0.43612303 0.40704816 0.37942703 0.35325965
 0.32853148 0.30521634 0.28327892 0.26267681 0.24336234 0.225284
 0.2083877  0.19261782 0.17791804 0.16423203 0.15150405 0.13967934
 0.12870454 0.1185279  0.10909954 0.10037158 0.09229821 0.08483581
 0.0779429  0.07158021 0.06571063 0.06029917 0.05531289 0.05072088
 0.04649414 0.04260554 0.03902972 0.035743   0.03272334 0.02995017
 0.02740441]",60
4702,130789,130789,3,[0.29411765 0.52941176 0.71470588 0.85764706],3
4703,107037,107037,3,[0.29411765 0.52941176 0.71470588 0.85764706],3
4704,27191,27191,6,[1.       1.8      2.43     2.916    3.2805   3.54294  3.720087],6
4705,242589,242589,30,"[0.25       0.45       0.6075     0.729      0.820125   0.885735
 0.93002175 0.9565938  0.96855122 0.96855122 0.95886571 0.94143179
 0.91789599 0.88965304 0.85787972 0.82356453 0.78753358 0.75047318
 0.71294952 0.67542586 0.63827744 0.60180444 0.56624327 0.53177629
 0.49854027 0.46663369 0.43612303 0.40704816 0.37942703 0.35325965
 0.32853148]",30
4706,87219,87219,6,[1.       1.8      2.43     2.916    3.2805   3.54294  3.720087],6
4707,71279,71279,30,"[0.25       0.45       0.6075     0.729      0.820125   0.885735
 0.93002175 0.9565938  0.96855122 0.96855122 0.95886571 0.94143179
 0.91789599 0.88965304 0.85787972 0.82356453 0.78753358 0.75047318
 0.71294952 0.67542586 0.63827744 0.60180444 0.56624327 0.53177629
 0.49854027 0.46663369 0.43612303 0.40704816 0.37942703 0.35325965
 0.32853148]",30
4708,270078,270078,60,"[0.25       0.45       0.6075     0.729      0.820125   0.885735
 0.93002175 0.9565938  0.96855122 0.96855122 0.95886571 0.94143179
 0.91789599 0.88965304 0.85787972 0.82356453 0.78753358 0.75047318
 0.71294952 0.67542586 0.63827744 0.60180444 0.56624327 0.53177629
 0.49854027 0.46663369 0.43612303 0.40704816 0.37942703 0.35325965
 0.32853148 0.30521634 0.28327892 0.26267681 0.24336234 0.225284
 0.2083877  0.19261782 0.17791804 0.16423203 0.15150405 0.13967934
 0.12870454 0.1185279  0.10909954 0.10037158 0.09229821 0.08483581
 0.0779429  0.07158021 0.06571063 0.06029917 0.05531289 0.05072088
 0.04649414 0.04260554 0.03902972 0.035743   0.03272334 0.02995017
 0.02740441]",60
4709,156815,156815,60,"[0.25       0.45       0.6075     0.729      0.820125   0.885735
 0.93002175 0.9565938  0.96855122 0.96855122 0.95886571 0.94143179
 0.91789599 0.88965304 0.85787972 0.82356453 0.78753358 0.75047318
 0.71294952 0.67542586 0.63827744 0.60180444 0.56624327 0.53177629
 0.49854027 0.46663369 0.43612303 0.40704816 0.37942703 0.35325965
 0.32853148 0.30521634 0.28327892 0.26267681 0.24336234 0.225284
 0.2083877  0.19261782 0.17791804 0.16423203 0.15150405 0.13967934
 0.12870454 0.1185279  0.10909954 0.10037158 0.09229821 0.08483581
 0.0779429  0.07158021 0.06571063 0.06029917 0.05531289 0.05072088
 0.04649414 0.04260554 0.03902972 0.035743   0.03272334 0.02995017
 0.02740441]",60
4710,71563,71563,6,[1.       1.8      2.43     2.916    3.2805   3.54294  3.720087],6
4711,130113,130113,30,"[0.25       0.45       0.6075     0.729      0.820125   0.885735
 0.93002175 0.9565938  0.96855122 0.96855122 0.95886571 0.94143179
 0.91789599 0.88965304 0.85787972 0.82356453 0.78753358 0.75047318
 0.71294952 0.67542586 0.63827744 0.60180444 0.56624327 0.53177629
 0.49854027 0.46663369 0.43612303 0.40704816 0.37942703 0.35325965
 0.32853148]",30
4712,270889,270889,30,"[0.25       0.45       0.6075     0.729      0.820125   0.885735
 0.93002175 0.9565938  0.96855122 0.96855122 0.95886571 0.94143179
 0.91789599 0.88965304 0.85787972 0.82356453 0.78753358 0.75047318
 0.71294952 0.67542586 0.63827744 0.60180444 0.56624327 0.53177629
 0.49854027 0.46663369 0.43612303 0.40704816 0.37942703 0.35325965
 0.32853148]",30
4713,14627,14627,3,[0.29411765 0.52941176 0.71470588 0.85764706],3
4714,251742,251742,1,[1.  1.8],1
4715,88735,88735,9,"[1.         1.8        2.43       2.916      3.2805     3.54294
 3.720087   3.8263752  3.87420489]",8
4716,86989,86989,1,[1.  1.8],1
4717,284247,284247,60,"[0.25       0.45       0.6075     0.729      0.820125   0.885735
 0.93002175 0.9565938  0.96855122 0.96855122 0.95886571 0.94143179
 0.91789599 0.88965304 0.85787972 0.82356453 0.78753358 0.75047318
 0.71294952 0.67542586 0.63827744 0.60180444 0.56624327 0.53177629
 0.49854027 0.46663369 0.43612303 0.40704816 0.37942703 0.35325965
 0.32853148 0.30521634 0.28327892 0.26267681 0.24336234 0.225284
 0.2083877  0.19261782 0.17791804 0.16423203 0.15150405 0.13967934
 0.12870454 0.1185279  0.10909954 0.10037158 0.09229821 0.08483581
 0.0779429  0.07158021 0.06571063 0.06029917 0.05531289 0.05072088
 0.04649414 0.04260554 0.03902972 0.035743   0.03272334 0.02995017
 0.02740441]",60
4718,213249,213249,6,[1.       1.8      2.43     2.916    3.2805   3.54294  3.720087],6
4719,296827,296827,60,"[0.25       0.45       0.6075     0.729      0.820125   0.885735
 0.93002175 0.9565938  0.96855122 0.96855122 0.95886571 0.94143179
 0.91789599 0.88965304 0.85787972 0.82356453 0.78753358 0.75047318
 0.71294952 0.67542586 0.63827744 0.60180444 0.56624327 0.53177629
 0.49854027 0.46663369 0.43612303 0.40704816 0.37942703 0.35325965
 0.32853148 0.30521634 0.28327892 0.26267681 0.24336234 0.225284
 0.2083877  0.19261782 0.17791804 0.16423203 0.15150405 0.13967934
 0.12870454 0.1185279  0.10909954 0.10037158 0.09229821 0.08483581
 0.0779429  0.07158021 0.06571063 0.06029917 0.05531289 0.05072088
 0.04649414 0.04260554 0.03902972 0.035743   0.03272334 0.02995017
 0.02740441]",60
4720,181142,181142,1,[1.  1.8],1
4721,190444,190444,9,"[1.         1.8        2.43       2.916      3.2805     3.54294
 3.720087   3.8263752  3.87420489]",8
4722,211372,211372,6,[1.       1.8      2.43     2.916    3.2805   3.54294  3.720087],6
4723,224218,224218,6,[1.       1.8      2.43     2.916    3.2805   3.54294  3.720087],6
4724,152920,152920,30,"[0.25       0.45       0.6075     0.729      0.820125   0.885735
 0.93002175 0.9565938  0.96855122 0.96855122 0.95886571 0.94143179
 0.91789599 0.88965304 0.85787972 0.82356453 0.78753358 0.75047318
 0.71294952 0.67542586 0.63827744 0.60180444 0.56624327 0.53177629
 0.49854027 0.46663369 0.43612303 0.40704816 0.37942703 0.35325965
 0.32853148]",30
4725,208295,208295,60,"[0.25       0.45       0.6075     0.729      0.820125   0.885735
 0.93002175 0.9565938  0.96855122 0.96855122 0.95886571 0.94143179
 0.91789599 0.88965304 0.85787972 0.82356453 0.78753358 0.75047318
 0.71294952 0.67542586 0.63827744 0.60180444 0.56624327 0.53177629
 0.49854027 0.46663369 0.43612303 0.40704816 0.37942703 0.35325965
 0.32853148 0.30521634 0.28327892 0.26267681 0.24336234 0.225284
 0.2083877  0.19261782 0.17791804 0.16423203 0.15150405 0.13967934
 0.12870454 0.1185279  0.10909954 0.10037158 0.09229821 0.08483581
 0.0779429  0.07158021 0.06571063 0.06029917 0.05531289 0.05072088
 0.04649414 0.04260554 0.03902972 0.035743   0.03272334 0.02995017
 0.02740441]",60
4726,284316,284316,60,"[0.25       0.45       0.6075     0.729      0.820125   0.885735
 0.93002175 0.9565938  0.96855122 0.96855122 0.95886571 0.94143179
 0.91789599 0.88965304 0.85787972 0.82356453 0.78753358 0.75047318
 0.71294952 0.67542586 0.63827744 0.60180444 0.56624327 0.53177629
 0.49854027 0.46663369 0.43612303 0.40704816 0.37942703 0.35325965
 0.32853148 0.30521634 0.28327892 0.26267681 0.24336234 0.225284
 0.2083877  0.19261782 0.17791804 0.16423203 0.15150405 0.13967934
 0.12870454 0.1185279  0.10909954 0.10037158 0.09229821 0.08483581
 0.0779429  0.07158021 0.06571063 0.06029917 0.05531289 0.05072088
 0.04649414 0.04260554 0.03902972 0.035743   0.03272334 0.02995017
 0.02740441]",60
4727,346915,346915,30,"[0.25       0.45       0.6075     0.729      0.820125   0.885735
 0.93002175 0.9565938  0.96855122 0.96855122 0.95886571 0.94143179
 0.91789599 0.88965304 0.85787972 0.82356453 0.78753358 0.75047318
 0.71294952 0.67542586 0.63827744 0.60180444 0.56624327 0.53177629
 0.49854027 0.46663369 0.43612303 0.40704816 0.37942703 0.35325965
 0.32853148]",30
4728,113857,113857,9,"[1.         1.8        2.43       2.916      3.2805     3.54294
 3.720087   3.8263752  3.87420489]",8
4729,314377,314377,30,"[0.25       0.45       0.6075     0.729      0.820125   0.885735
 0.93002175 0.9565938  0.96855122 0.96855122 0.95886571 0.94143179
 0.91789599 0.88965304 0.85787972 0.82356453 0.78753358 0.75047318
 0.71294952 0.67542586 0.63827744 0.60180444 0.56624327 0.53177629
 0.49854027 0.46663369 0.43612303 0.40704816 0.37942703 0.35325965
 0.32853148]",30
4730,6679,6679,60,"[0.25       0.45       0.6075     0.729      0.820125   0.885735
 0.93002175 0.9565938  0.96855122 0.96855122 0.95886571 0.94143179
 0.91789599 0.88965304 0.85787972 0.82356453 0.78753358 0.75047318
 0.71294952 0.67542586 0.63827744 0.60180444 0.56624327 0.53177629
 0.49854027 0.46663369 0.43612303 0.40704816 0.37942703 0.35325965
 0.32853148 0.30521634 0.28327892 0.26267681 0.24336234 0.225284
 0.2083877  0.19261782 0.17791804 0.16423203 0.15150405 0.13967934
 0.12870454 0.1185279  0.10909954 0.10037158 0.09229821 0.08483581
 0.0779429  0.07158021 0.06571063 0.06029917 0.05531289 0.05072088
 0.04649414 0.04260554 0.03902972 0.035743   0.03272334 0.02995017
 0.02740441]",60
4731,118627,118627,6,[1.       1.8      2.43     2.916    3.2805   3.54294  3.720087],6
4732,11620,11620,60,"[0.25       0.45       0.6075     0.729      0.820125   0.885735
 0.93002175 0.9565938  0.96855122 0.96855122 0.95886571 0.94143179
 0.91789599 0.88965304 0.85787972 0.82356453 0.78753358 0.75047318
 0.71294952 0.67542586 0.63827744 0.60180444 0.56624327 0.53177629
 0.49854027 0.46663369 0.43612303 0.40704816 0.37942703 0.35325965
 0.32853148 0.30521634 0.28327892 0.26267681 0.24336234 0.225284
 0.2083877  0.19261782 0.17791804 0.16423203 0.15150405 0.13967934
 0.12870454 0.1185279  0.10909954 0.10037158 0.09229821 0.08483581
 0.0779429  0.07158021 0.06571063 0.06029917 0.05531289 0.05072088
 0.04649414 0.04260554 0.03902972 0.035743   0.03272334 0.02995017
 0.02740441]",60
4733,187423,187423,9,"[1.         1.8        2.43       2.916      3.2805     3.54294
 3.720087   3.8263752  3.87420489]",8
4734,264967,264967,60,"[0.25       0.45       0.6075     0.729      0.820125   0.885735
 0.93002175 0.9565938  0.96855122 0.96855122 0.95886571 0.94143179
 0.91789599 0.88965304 0.85787972 0.82356453 0.78753358 0.75047318
 0.71294952 0.67542586 0.63827744 0.60180444 0.56624327 0.53177629
 0.49854027 0.46663369 0.43612303 0.40704816 0.37942703 0.35325965
 0.32853148 0.30521634 0.28327892 0.26267681 0.24336234 0.225284
 0.2083877  0.19261782 0.17791804 0.16423203 0.15150405 0.13967934
 0.12870454 0.1185279  0.10909954 0.10037158 0.09229821 0.08483581
 0.0779429  0.07158021 0.06571063 0.06029917 0.05531289 0.05072088
 0.04649414 0.04260554 0.03902972 0.035743   0.03272334 0.02995017
 0.02740441]",60
4735,56966,56966,9,"[1.         1.8        2.43       2.916      3.2805     3.54294
 3.720087   3.8263752  3.87420489]",8
4736,7038,7038,60,"[0.25       0.45       0.6075     0.729      0.820125   0.885735
 0.93002175 0.9565938  0.96855122 0.96855122 0.95886571 0.94143179
 0.91789599 0.88965304 0.85787972 0.82356453 0.78753358 0.75047318
 0.71294952 0.67542586 0.63827744 0.60180444 0.56624327 0.53177629
 0.49854027 0.46663369 0.43612303 0.40704816 0.37942703 0.35325965
 0.32853148 0.30521634 0.28327892 0.26267681 0.24336234 0.225284
 0.2083877  0.19261782 0.17791804 0.16423203 0.15150405 0.13967934
 0.12870454 0.1185279  0.10909954 0.10037158 0.09229821 0.08483581
 0.0779429  0.07158021 0.06571063 0.06029917 0.05531289 0.05072088
 0.04649414 0.04260554 0.03902972 0.035743   0.03272334 0.02995017
 0.02740441]",60
4737,258887,258887,9,"[1.         1.8        2.43       2.916      3.2805     3.54294
 3.720087   3.8263752  3.87420489]",8
4738,182641,182641,60,"[0.25       0.45       0.6075     0.729      0.820125   0.885735
 0.93002175 0.9565938  0.96855122 0.96855122 0.95886571 0.94143179
 0.91789599 0.88965304 0.85787972 0.82356453 0.78753358 0.75047318
 0.71294952 0.67542586 0.63827744 0.60180444 0.56624327 0.53177629
 0.49854027 0.46663369 0.43612303 0.40704816 0.37942703 0.35325965
 0.32853148 0.30521634 0.28327892 0.26267681 0.24336234 0.225284
 0.2083877  0.19261782 0.17791804 0.16423203 0.15150405 0.13967934
 0.12870454 0.1185279  0.10909954 0.10037158 0.09229821 0.08483581
 0.0779429  0.07158021 0.06571063 0.06029917 0.05531289 0.05072088
 0.04649414 0.04260554 0.03902972 0.035743   0.03272334 0.02995017
 0.02740441]",60
4739,243545,243545,1,[1.  1.8],1
4740,348149,348149,30,"[0.25       0.45       0.6075     0.729      0.820125   0.885735
 0.93002175 0.9565938  0.96855122 0.96855122 0.95886571 0.94143179
 0.91789599 0.88965304 0.85787972 0.82356453 0.78753358 0.75047318
 0.71294952 0.67542586 0.63827744 0.60180444 0.56624327 0.53177629
 0.49854027 0.46663369 0.43612303 0.40704816 0.37942703 0.35325965
 0.32853148]",30
4741,143645,143645,3,[0.29411765 0.52941176 0.71470588 0.85764706],3
4742,309949,309949,30,"[0.25       0.45       0.6075     0.729      0.820125   0.885735
 0.93002175 0.9565938  0.96855122 0.96855122 0.95886571 0.94143179
 0.91789599 0.88965304 0.85787972 0.82356453 0.78753358 0.75047318
 0.71294952 0.67542586 0.63827744 0.60180444 0.56624327 0.53177629
 0.49854027 0.46663369 0.43612303 0.40704816 0.37942703 0.35325965
 0.32853148]",30
4743,53580,53580,60,"[0.25       0.45       0.6075     0.729      0.820125   0.885735
 0.93002175 0.9565938  0.96855122 0.96855122 0.95886571 0.94143179
 0.91789599 0.88965304 0.85787972 0.82356453 0.78753358 0.75047318
 0.71294952 0.67542586 0.63827744 0.60180444 0.56624327 0.53177629
 0.49854027 0.46663369 0.43612303 0.40704816 0.37942703 0.35325965
 0.32853148 0.30521634 0.28327892 0.26267681 0.24336234 0.225284
 0.2083877  0.19261782 0.17791804 0.16423203 0.15150405 0.13967934
 0.12870454 0.1185279  0.10909954 0.10037158 0.09229821 0.08483581
 0.0779429  0.07158021 0.06571063 0.06029917 0.05531289 0.05072088
 0.04649414 0.04260554 0.03902972 0.035743   0.03272334 0.02995017
 0.02740441]",60
4744,271689,271689,6,[1.       1.8      2.43     2.916    3.2805   3.54294  3.720087],6
4745,273439,273439,60,"[0.25       0.45       0.6075     0.729      0.820125   0.885735
 0.93002175 0.9565938  0.96855122 0.96855122 0.95886571 0.94143179
 0.91789599 0.88965304 0.85787972 0.82356453 0.78753358 0.75047318
 0.71294952 0.67542586 0.63827744 0.60180444 0.56624327 0.53177629
 0.49854027 0.46663369 0.43612303 0.40704816 0.37942703 0.35325965
 0.32853148 0.30521634 0.28327892 0.26267681 0.24336234 0.225284
 0.2083877  0.19261782 0.17791804 0.16423203 0.15150405 0.13967934
 0.12870454 0.1185279  0.10909954 0.10037158 0.09229821 0.08483581
 0.0779429  0.07158021 0.06571063 0.06029917 0.05531289 0.05072088
 0.04649414 0.04260554 0.03902972 0.035743   0.03272334 0.02995017
 0.02740441]",60
4746,254289,254289,30,"[0.25       0.45       0.6075     0.729      0.820125   0.885735
 0.93002175 0.9565938  0.96855122 0.96855122 0.95886571 0.94143179
 0.91789599 0.88965304 0.85787972 0.82356453 0.78753358 0.75047318
 0.71294952 0.67542586 0.63827744 0.60180444 0.56624327 0.53177629
 0.49854027 0.46663369 0.43612303 0.40704816 0.37942703 0.35325965
 0.32853148]",30
4747,230035,230035,9,"[1.         1.8        2.43       2.916      3.2805     3.54294
 3.720087   3.8263752  3.87420489]",8
4748,153775,153775,1,[1.  1.8],1
4749,79553,79553,1,[1.  1.8],1
4750,327954,327954,30,"[0.25       0.45       0.6075     0.729      0.820125   0.885735
 0.93002175 0.9565938  0.96855122 0.96855122 0.95886571 0.94143179
 0.91789599 0.88965304 0.85787972 0.82356453 0.78753358 0.75047318
 0.71294952 0.67542586 0.63827744 0.60180444 0.56624327 0.53177629
 0.49854027 0.46663369 0.43612303 0.40704816 0.37942703 0.35325965
 0.32853148]",30
4751,34617,34617,9,"[1.         1.8        2.43       2.916      3.2805     3.54294
 3.720087   3.8263752  3.87420489]",8
4752,44265,44265,60,"[0.25       0.45       0.6075     0.729      0.820125   0.885735
 0.93002175 0.9565938  0.96855122 0.96855122 0.95886571 0.94143179
 0.91789599 0.88965304 0.85787972 0.82356453 0.78753358 0.75047318
 0.71294952 0.67542586 0.63827744 0.60180444 0.56624327 0.53177629
 0.49854027 0.46663369 0.43612303 0.40704816 0.37942703 0.35325965
 0.32853148 0.30521634 0.28327892 0.26267681 0.24336234 0.225284
 0.2083877  0.19261782 0.17791804 0.16423203 0.15150405 0.13967934
 0.12870454 0.1185279  0.10909954 0.10037158 0.09229821 0.08483581
 0.0779429  0.07158021 0.06571063 0.06029917 0.05531289 0.05072088
 0.04649414 0.04260554 0.03902972 0.035743   0.03272334 0.02995017
 0.02740441]",60
4753,15224,15224,30,"[0.25       0.45       0.6075     0.729      0.820125   0.885735
 0.93002175 0.9565938  0.96855122 0.96855122 0.95886571 0.94143179
 0.91789599 0.88965304 0.85787972 0.82356453 0.78753358 0.75047318
 0.71294952 0.67542586 0.63827744 0.60180444 0.56624327 0.53177629
 0.49854027 0.46663369 0.43612303 0.40704816 0.37942703 0.35325965
 0.32853148]",30
4754,83455,83455,1,[1.  1.8],1
4755,100158,100158,1,[1.  1.8],1
4756,200478,200478,3,[0.29411765 0.52941176 0.71470588 0.85764706],3
4757,336473,336473,30,"[0.25       0.45       0.6075     0.729      0.820125   0.885735
 0.93002175 0.9565938  0.96855122 0.96855122 0.95886571 0.94143179
 0.91789599 0.88965304 0.85787972 0.82356453 0.78753358 0.75047318
 0.71294952 0.67542586 0.63827744 0.60180444 0.56624327 0.53177629
 0.49854027 0.46663369 0.43612303 0.40704816 0.37942703 0.35325965
 0.32853148]",30
4758,108631,108631,3,[0.29411765 0.52941176 0.71470588 0.85764706],3
4759,311704,311704,60,"[0.25       0.45       0.6075     0.729      0.820125   0.885735
 0.93002175 0.9565938  0.96855122 0.96855122 0.95886571 0.94143179
 0.91789599 0.88965304 0.85787972 0.82356453 0.78753358 0.75047318
 0.71294952 0.67542586 0.63827744 0.60180444 0.56624327 0.53177629
 0.49854027 0.46663369 0.43612303 0.40704816 0.37942703 0.35325965
 0.32853148 0.30521634 0.28327892 0.26267681 0.24336234 0.225284
 0.2083877  0.19261782 0.17791804 0.16423203 0.15150405 0.13967934
 0.12870454 0.1185279  0.10909954 0.10037158 0.09229821 0.08483581
 0.0779429  0.07158021 0.06571063 0.06029917 0.05531289 0.05072088
 0.04649414 0.04260554 0.03902972 0.035743   0.03272334 0.02995017
 0.02740441]",60
4760,73916,73916,9,"[1.         1.8        2.43       2.916      3.2805     3.54294
 3.720087   3.8263752  3.87420489]",8
4761,151219,151219,6,[1.       1.8      2.43     2.916    3.2805   3.54294  3.720087],6
4762,96326,96326,3,[0.29411765 0.52941176 0.71470588 0.85764706],3
4763,220253,220253,6,[1.       1.8      2.43     2.916    3.2805   3.54294  3.720087],6
4764,123859,123859,9,"[1.         1.8        2.43       2.916      3.2805     3.54294
 3.720087   3.8263752  3.87420489]",8
4765,79346,79346,6,[1.       1.8      2.43     2.916    3.2805   3.54294  3.720087],6
4766,336920,336920,1,[1.  1.8],1
4767,193087,193087,6,[1.       1.8      2.43     2.916    3.2805   3.54294  3.720087],6
4768,218805,218805,9,"[1.         1.8        2.43       2.916      3.2805     3.54294
 3.720087   3.8263752  3.87420489]",8
4769,114827,114827,30,"[0.25       0.45       0.6075     0.729      0.820125   0.885735
 0.93002175 0.9565938  0.96855122 0.96855122 0.95886571 0.94143179
 0.91789599 0.88965304 0.85787972 0.82356453 0.78753358 0.75047318
 0.71294952 0.67542586 0.63827744 0.60180444 0.56624327 0.53177629
 0.49854027 0.46663369 0.43612303 0.40704816 0.37942703 0.35325965
 0.32853148]",30
4770,1389,1389,60,"[0.25       0.45       0.6075     0.729      0.820125   0.885735
 0.93002175 0.9565938  0.96855122 0.96855122 0.95886571 0.94143179
 0.91789599 0.88965304 0.85787972 0.82356453 0.78753358 0.75047318
 0.71294952 0.67542586 0.63827744 0.60180444 0.56624327 0.53177629
 0.49854027 0.46663369 0.43612303 0.40704816 0.37942703 0.35325965
 0.32853148 0.30521634 0.28327892 0.26267681 0.24336234 0.225284
 0.2083877  0.19261782 0.17791804 0.16423203 0.15150405 0.13967934
 0.12870454 0.1185279  0.10909954 0.10037158 0.09229821 0.08483581
 0.0779429  0.07158021 0.06571063 0.06029917 0.05531289 0.05072088
 0.04649414 0.04260554 0.03902972 0.035743   0.03272334 0.02995017
 0.02740441]",60
4771,8250,8250,60,"[0.25       0.45       0.6075     0.729      0.820125   0.885735
 0.93002175 0.9565938  0.96855122 0.96855122 0.95886571 0.94143179
 0.91789599 0.88965304 0.85787972 0.82356453 0.78753358 0.75047318
 0.71294952 0.67542586 0.63827744 0.60180444 0.56624327 0.53177629
 0.49854027 0.46663369 0.43612303 0.40704816 0.37942703 0.35325965
 0.32853148 0.30521634 0.28327892 0.26267681 0.24336234 0.225284
 0.2083877  0.19261782 0.17791804 0.16423203 0.15150405 0.13967934
 0.12870454 0.1185279  0.10909954 0.10037158 0.09229821 0.08483581
 0.0779429  0.07158021 0.06571063 0.06029917 0.05531289 0.05072088
 0.04649414 0.04260554 0.03902972 0.035743   0.03272334 0.02995017
 0.02740441]",60
4772,263517,263517,30,"[0.25       0.45       0.6075     0.729      0.820125   0.885735
 0.93002175 0.9565938  0.96855122 0.96855122 0.95886571 0.94143179
 0.91789599 0.88965304 0.85787972 0.82356453 0.78753358 0.75047318
 0.71294952 0.67542586 0.63827744 0.60180444 0.56624327 0.53177629
 0.49854027 0.46663369 0.43612303 0.40704816 0.37942703 0.35325965
 0.32853148]",30
4773,304560,304560,1,[1.  1.8],1
4774,162967,162967,3,[0.29411765 0.52941176 0.71470588 0.85764706],3
4775,339001,339001,3,[0.29411765 0.52941176 0.71470588 0.85764706],3
4776,56658,56658,60,"[0.25       0.45       0.6075     0.729      0.820125   0.885735
 0.93002175 0.9565938  0.96855122 0.96855122 0.95886571 0.94143179
 0.91789599 0.88965304 0.85787972 0.82356453 0.78753358 0.75047318
 0.71294952 0.67542586 0.63827744 0.60180444 0.56624327 0.53177629
 0.49854027 0.46663369 0.43612303 0.40704816 0.37942703 0.35325965
 0.32853148 0.30521634 0.28327892 0.26267681 0.24336234 0.225284
 0.2083877  0.19261782 0.17791804 0.16423203 0.15150405 0.13967934
 0.12870454 0.1185279  0.10909954 0.10037158 0.09229821 0.08483581
 0.0779429  0.07158021 0.06571063 0.06029917 0.05531289 0.05072088
 0.04649414 0.04260554 0.03902972 0.035743   0.03272334 0.02995017
 0.02740441]",60
4777,320395,320395,1,[1.  1.8],1
4778,18841,18841,6,[1.       1.8      2.43     2.916    3.2805   3.54294  3.720087],6
4779,253742,253742,1,[1.  1.8],1
4780,144736,144736,3,[0.29411765 0.52941176 0.71470588 0.85764706],3
4781,359,359,9,"[1.         1.8        2.43       2.916      3.2805     3.54294
 3.720087   3.8263752  3.87420489]",8
4782,213026,213026,9,"[1.         1.8        2.43       2.916      3.2805     3.54294
 3.720087   3.8263752  3.87420489]",8
4783,149005,149005,60,"[0.25       0.45       0.6075     0.729      0.820125   0.885735
 0.93002175 0.9565938  0.96855122 0.96855122 0.95886571 0.94143179
 0.91789599 0.88965304 0.85787972 0.82356453 0.78753358 0.75047318
 0.71294952 0.67542586 0.63827744 0.60180444 0.56624327 0.53177629
 0.49854027 0.46663369 0.43612303 0.40704816 0.37942703 0.35325965
 0.32853148 0.30521634 0.28327892 0.26267681 0.24336234 0.225284
 0.2083877  0.19261782 0.17791804 0.16423203 0.15150405 0.13967934
 0.12870454 0.1185279  0.10909954 0.10037158 0.09229821 0.08483581
 0.0779429  0.07158021 0.06571063 0.06029917 0.05531289 0.05072088
 0.04649414 0.04260554 0.03902972 0.035743   0.03272334 0.02995017
 0.02740441]",60
4784,149123,149123,9,"[1.         1.8        2.43       2.916      3.2805     3.54294
 3.720087   3.8263752  3.87420489]",8
4785,301037,301037,6,[1.       1.8      2.43     2.916    3.2805   3.54294  3.720087],6
4786,254540,254540,9,"[1.         1.8        2.43       2.916      3.2805     3.54294
 3.720087   3.8263752  3.87420489]",8
4787,234825,234825,60,"[0.25       0.45       0.6075     0.729      0.820125   0.885735
 0.93002175 0.9565938  0.96855122 0.96855122 0.95886571 0.94143179
 0.91789599 0.88965304 0.85787972 0.82356453 0.78753358 0.75047318
 0.71294952 0.67542586 0.63827744 0.60180444 0.56624327 0.53177629
 0.49854027 0.46663369 0.43612303 0.40704816 0.37942703 0.35325965
 0.32853148 0.30521634 0.28327892 0.26267681 0.24336234 0.225284
 0.2083877  0.19261782 0.17791804 0.16423203 0.15150405 0.13967934
 0.12870454 0.1185279  0.10909954 0.10037158 0.09229821 0.08483581
 0.0779429  0.07158021 0.06571063 0.06029917 0.05531289 0.05072088
 0.04649414 0.04260554 0.03902972 0.035743   0.03272334 0.02995017
 0.02740441]",60
4788,329968,329968,1,[1.  1.8],1
4789,232309,232309,60,"[0.25       0.45       0.6075     0.729      0.820125   0.885735
 0.93002175 0.9565938  0.96855122 0.96855122 0.95886571 0.94143179
 0.91789599 0.88965304 0.85787972 0.82356453 0.78753358 0.75047318
 0.71294952 0.67542586 0.63827744 0.60180444 0.56624327 0.53177629
 0.49854027 0.46663369 0.43612303 0.40704816 0.37942703 0.35325965
 0.32853148 0.30521634 0.28327892 0.26267681 0.24336234 0.225284
 0.2083877  0.19261782 0.17791804 0.16423203 0.15150405 0.13967934
 0.12870454 0.1185279  0.10909954 0.10037158 0.09229821 0.08483581
 0.0779429  0.07158021 0.06571063 0.06029917 0.05531289 0.05072088
 0.04649414 0.04260554 0.03902972 0.035743   0.03272334 0.02995017
 0.02740441]",60
4790,191190,191190,30,"[0.25       0.45       0.6075     0.729      0.820125   0.885735
 0.93002175 0.9565938  0.96855122 0.96855122 0.95886571 0.94143179
 0.91789599 0.88965304 0.85787972 0.82356453 0.78753358 0.75047318
 0.71294952 0.67542586 0.63827744 0.60180444 0.56624327 0.53177629
 0.49854027 0.46663369 0.43612303 0.40704816 0.37942703 0.35325965
 0.32853148]",30
4791,230669,230669,1,[1.  1.8],1
4792,165661,165661,60,"[0.25       0.45       0.6075     0.729      0.820125   0.885735
 0.93002175 0.9565938  0.96855122 0.96855122 0.95886571 0.94143179
 0.91789599 0.88965304 0.85787972 0.82356453 0.78753358 0.75047318
 0.71294952 0.67542586 0.63827744 0.60180444 0.56624327 0.53177629
 0.49854027 0.46663369 0.43612303 0.40704816 0.37942703 0.35325965
 0.32853148 0.30521634 0.28327892 0.26267681 0.24336234 0.225284
 0.2083877  0.19261782 0.17791804 0.16423203 0.15150405 0.13967934
 0.12870454 0.1185279  0.10909954 0.10037158 0.09229821 0.08483581
 0.0779429  0.07158021 0.06571063 0.06029917 0.05531289 0.05072088
 0.04649414 0.04260554 0.03902972 0.035743   0.03272334 0.02995017
 0.02740441]",60
4793,159017,159017,3,[0.29411765 0.52941176 0.71470588 0.85764706],3
4794,84362,84362,3,[0.29411765 0.52941176 0.71470588 0.85764706],3
4795,91179,91179,3,[0.29411765 0.52941176 0.71470588 0.85764706],3
4796,330041,330041,30,"[0.25       0.45       0.6075     0.729      0.820125   0.885735
 0.93002175 0.9565938  0.96855122 0.96855122 0.95886571 0.94143179
 0.91789599 0.88965304 0.85787972 0.82356453 0.78753358 0.75047318
 0.71294952 0.67542586 0.63827744 0.60180444 0.56624327 0.53177629
 0.49854027 0.46663369 0.43612303 0.40704816 0.37942703 0.35325965
 0.32853148]",30
4797,345059,345059,3,[0.29411765 0.52941176 0.71470588 0.85764706],3
4798,56462,56462,6,[1.       1.8      2.43     2.916    3.2805   3.54294  3.720087],6
4799,164584,164584,9,"[1.         1.8        2.43       2.916      3.2805     3.54294
 3.720087   3.8263752  3.87420489]",8
4800,42420,42420,30,"[0.25       0.45       0.6075     0.729      0.820125   0.885735
 0.93002175 0.9565938  0.96855122 0.96855122 0.95886571 0.94143179
 0.91789599 0.88965304 0.85787972 0.82356453 0.78753358 0.75047318
 0.71294952 0.67542586 0.63827744 0.60180444 0.56624327 0.53177629
 0.49854027 0.46663369 0.43612303 0.40704816 0.37942703 0.35325965
 0.32853148]",30
4801,222785,222785,30,"[0.25       0.45       0.6075     0.729      0.820125   0.885735
 0.93002175 0.9565938  0.96855122 0.96855122 0.95886571 0.94143179
 0.91789599 0.88965304 0.85787972 0.82356453 0.78753358 0.75047318
 0.71294952 0.67542586 0.63827744 0.60180444 0.56624327 0.53177629
 0.49854027 0.46663369 0.43612303 0.40704816 0.37942703 0.35325965
 0.32853148]",30
4802,26309,26309,6,[1.       1.8      2.43     2.916    3.2805   3.54294  3.720087],6
4803,337551,337551,3,[0.29411765 0.52941176 0.71470588 0.85764706],3
4804,170160,170160,30,"[0.25       0.45       0.6075     0.729      0.820125   0.885735
 0.93002175 0.9565938  0.96855122 0.96855122 0.95886571 0.94143179
 0.91789599 0.88965304 0.85787972 0.82356453 0.78753358 0.75047318
 0.71294952 0.67542586 0.63827744 0.60180444 0.56624327 0.53177629
 0.49854027 0.46663369 0.43612303 0.40704816 0.37942703 0.35325965
 0.32853148]",30
4805,141815,141815,60,"[0.25       0.45       0.6075     0.729      0.820125   0.885735
 0.93002175 0.9565938  0.96855122 0.96855122 0.95886571 0.94143179
 0.91789599 0.88965304 0.85787972 0.82356453 0.78753358 0.75047318
 0.71294952 0.67542586 0.63827744 0.60180444 0.56624327 0.53177629
 0.49854027 0.46663369 0.43612303 0.40704816 0.37942703 0.35325965
 0.32853148 0.30521634 0.28327892 0.26267681 0.24336234 0.225284
 0.2083877  0.19261782 0.17791804 0.16423203 0.15150405 0.13967934
 0.12870454 0.1185279  0.10909954 0.10037158 0.09229821 0.08483581
 0.0779429  0.07158021 0.06571063 0.06029917 0.05531289 0.05072088
 0.04649414 0.04260554 0.03902972 0.035743   0.03272334 0.02995017
 0.02740441]",60
4806,221135,221135,30,"[0.25       0.45       0.6075     0.729      0.820125   0.885735
 0.93002175 0.9565938  0.96855122 0.96855122 0.95886571 0.94143179
 0.91789599 0.88965304 0.85787972 0.82356453 0.78753358 0.75047318
 0.71294952 0.67542586 0.63827744 0.60180444 0.56624327 0.53177629
 0.49854027 0.46663369 0.43612303 0.40704816 0.37942703 0.35325965
 0.32853148]",30
4807,110377,110377,6,[1.       1.8      2.43     2.916    3.2805   3.54294  3.720087],6
4808,102524,102524,60,"[0.25       0.45       0.6075     0.729      0.820125   0.885735
 0.93002175 0.9565938  0.96855122 0.96855122 0.95886571 0.94143179
 0.91789599 0.88965304 0.85787972 0.82356453 0.78753358 0.75047318
 0.71294952 0.67542586 0.63827744 0.60180444 0.56624327 0.53177629
 0.49854027 0.46663369 0.43612303 0.40704816 0.37942703 0.35325965
 0.32853148 0.30521634 0.28327892 0.26267681 0.24336234 0.225284
 0.2083877  0.19261782 0.17791804 0.16423203 0.15150405 0.13967934
 0.12870454 0.1185279  0.10909954 0.10037158 0.09229821 0.08483581
 0.0779429  0.07158021 0.06571063 0.06029917 0.05531289 0.05072088
 0.04649414 0.04260554 0.03902972 0.035743   0.03272334 0.02995017
 0.02740441]",60
4809,74757,74757,1,[1.  1.8],1
4810,187086,187086,60,"[0.25       0.45       0.6075     0.729      0.820125   0.885735
 0.93002175 0.9565938  0.96855122 0.96855122 0.95886571 0.94143179
 0.91789599 0.88965304 0.85787972 0.82356453 0.78753358 0.75047318
 0.71294952 0.67542586 0.63827744 0.60180444 0.56624327 0.53177629
 0.49854027 0.46663369 0.43612303 0.40704816 0.37942703 0.35325965
 0.32853148 0.30521634 0.28327892 0.26267681 0.24336234 0.225284
 0.2083877  0.19261782 0.17791804 0.16423203 0.15150405 0.13967934
 0.12870454 0.1185279  0.10909954 0.10037158 0.09229821 0.08483581
 0.0779429  0.07158021 0.06571063 0.06029917 0.05531289 0.05072088
 0.04649414 0.04260554 0.03902972 0.035743   0.03272334 0.02995017
 0.02740441]",60
4811,217398,217398,60,"[0.25       0.45       0.6075     0.729      0.820125   0.885735
 0.93002175 0.9565938  0.96855122 0.96855122 0.95886571 0.94143179
 0.91789599 0.88965304 0.85787972 0.82356453 0.78753358 0.75047318
 0.71294952 0.67542586 0.63827744 0.60180444 0.56624327 0.53177629
 0.49854027 0.46663369 0.43612303 0.40704816 0.37942703 0.35325965
 0.32853148 0.30521634 0.28327892 0.26267681 0.24336234 0.225284
 0.2083877  0.19261782 0.17791804 0.16423203 0.15150405 0.13967934
 0.12870454 0.1185279  0.10909954 0.10037158 0.09229821 0.08483581
 0.0779429  0.07158021 0.06571063 0.06029917 0.05531289 0.05072088
 0.04649414 0.04260554 0.03902972 0.035743   0.03272334 0.02995017
 0.02740441]",60
4812,229573,229573,30,"[0.25       0.45       0.6075     0.729      0.820125   0.885735
 0.93002175 0.9565938  0.96855122 0.96855122 0.95886571 0.94143179
 0.91789599 0.88965304 0.85787972 0.82356453 0.78753358 0.75047318
 0.71294952 0.67542586 0.63827744 0.60180444 0.56624327 0.53177629
 0.49854027 0.46663369 0.43612303 0.40704816 0.37942703 0.35325965
 0.32853148]",30
4813,114692,114692,3,[0.29411765 0.52941176 0.71470588 0.85764706],3
4814,87160,87160,6,[1.       1.8      2.43     2.916    3.2805   3.54294  3.720087],6
4815,284401,284401,6,[1.       1.8      2.43     2.916    3.2805   3.54294  3.720087],6
4816,156994,156994,60,"[0.25       0.45       0.6075     0.729      0.820125   0.885735
 0.93002175 0.9565938  0.96855122 0.96855122 0.95886571 0.94143179
 0.91789599 0.88965304 0.85787972 0.82356453 0.78753358 0.75047318
 0.71294952 0.67542586 0.63827744 0.60180444 0.56624327 0.53177629
 0.49854027 0.46663369 0.43612303 0.40704816 0.37942703 0.35325965
 0.32853148 0.30521634 0.28327892 0.26267681 0.24336234 0.225284
 0.2083877  0.19261782 0.17791804 0.16423203 0.15150405 0.13967934
 0.12870454 0.1185279  0.10909954 0.10037158 0.09229821 0.08483581
 0.0779429  0.07158021 0.06571063 0.06029917 0.05531289 0.05072088
 0.04649414 0.04260554 0.03902972 0.035743   0.03272334 0.02995017
 0.02740441]",60
4817,140102,140102,1,[1.  1.8],1
4818,170325,170325,60,"[0.25       0.45       0.6075     0.729      0.820125   0.885735
 0.93002175 0.9565938  0.96855122 0.96855122 0.95886571 0.94143179
 0.91789599 0.88965304 0.85787972 0.82356453 0.78753358 0.75047318
 0.71294952 0.67542586 0.63827744 0.60180444 0.56624327 0.53177629
 0.49854027 0.46663369 0.43612303 0.40704816 0.37942703 0.35325965
 0.32853148 0.30521634 0.28327892 0.26267681 0.24336234 0.225284
 0.2083877  0.19261782 0.17791804 0.16423203 0.15150405 0.13967934
 0.12870454 0.1185279  0.10909954 0.10037158 0.09229821 0.08483581
 0.0779429  0.07158021 0.06571063 0.06029917 0.05531289 0.05072088
 0.04649414 0.04260554 0.03902972 0.035743   0.03272334 0.02995017
 0.02740441]",60
4819,139931,139931,9,"[1.         1.8        2.43       2.916      3.2805     3.54294
 3.720087   3.8263752  3.87420489]",8
4820,72202,72202,30,"[0.25       0.45       0.6075     0.729      0.820125   0.885735
 0.93002175 0.9565938  0.96855122 0.96855122 0.95886571 0.94143179
 0.91789599 0.88965304 0.85787972 0.82356453 0.78753358 0.75047318
 0.71294952 0.67542586 0.63827744 0.60180444 0.56624327 0.53177629
 0.49854027 0.46663369 0.43612303 0.40704816 0.37942703 0.35325965
 0.32853148]",30
4821,131810,131810,60,"[0.25       0.45       0.6075     0.729      0.820125   0.885735
 0.93002175 0.9565938  0.96855122 0.96855122 0.95886571 0.94143179
 0.91789599 0.88965304 0.85787972 0.82356453 0.78753358 0.75047318
 0.71294952 0.67542586 0.63827744 0.60180444 0.56624327 0.53177629
 0.49854027 0.46663369 0.43612303 0.40704816 0.37942703 0.35325965
 0.32853148 0.30521634 0.28327892 0.26267681 0.24336234 0.225284
 0.2083877  0.19261782 0.17791804 0.16423203 0.15150405 0.13967934
 0.12870454 0.1185279  0.10909954 0.10037158 0.09229821 0.08483581
 0.0779429  0.07158021 0.06571063 0.06029917 0.05531289 0.05072088
 0.04649414 0.04260554 0.03902972 0.035743   0.03272334 0.02995017
 0.02740441]",60
4822,175583,175583,6,[1.       1.8      2.43     2.916    3.2805   3.54294  3.720087],6
4823,106357,106357,60,"[0.25       0.45       0.6075     0.729      0.820125   0.885735
 0.93002175 0.9565938  0.96855122 0.96855122 0.95886571 0.94143179
 0.91789599 0.88965304 0.85787972 0.82356453 0.78753358 0.75047318
 0.71294952 0.67542586 0.63827744 0.60180444 0.56624327 0.53177629
 0.49854027 0.46663369 0.43612303 0.40704816 0.37942703 0.35325965
 0.32853148 0.30521634 0.28327892 0.26267681 0.24336234 0.225284
 0.2083877  0.19261782 0.17791804 0.16423203 0.15150405 0.13967934
 0.12870454 0.1185279  0.10909954 0.10037158 0.09229821 0.08483581
 0.0779429  0.07158021 0.06571063 0.06029917 0.05531289 0.05072088
 0.04649414 0.04260554 0.03902972 0.035743   0.03272334 0.02995017
 0.02740441]",60
4824,97626,97626,60,"[0.25       0.45       0.6075     0.729      0.820125   0.885735
 0.93002175 0.9565938  0.96855122 0.96855122 0.95886571 0.94143179
 0.91789599 0.88965304 0.85787972 0.82356453 0.78753358 0.75047318
 0.71294952 0.67542586 0.63827744 0.60180444 0.56624327 0.53177629
 0.49854027 0.46663369 0.43612303 0.40704816 0.37942703 0.35325965
 0.32853148 0.30521634 0.28327892 0.26267681 0.24336234 0.225284
 0.2083877  0.19261782 0.17791804 0.16423203 0.15150405 0.13967934
 0.12870454 0.1185279  0.10909954 0.10037158 0.09229821 0.08483581
 0.0779429  0.07158021 0.06571063 0.06029917 0.05531289 0.05072088
 0.04649414 0.04260554 0.03902972 0.035743   0.03272334 0.02995017
 0.02740441]",60
4825,338247,338247,30,"[0.25       0.45       0.6075     0.729      0.820125   0.885735
 0.93002175 0.9565938  0.96855122 0.96855122 0.95886571 0.94143179
 0.91789599 0.88965304 0.85787972 0.82356453 0.78753358 0.75047318
 0.71294952 0.67542586 0.63827744 0.60180444 0.56624327 0.53177629
 0.49854027 0.46663369 0.43612303 0.40704816 0.37942703 0.35325965
 0.32853148]",30
4826,26143,26143,3,[0.29411765 0.52941176 0.71470588 0.85764706],3
4827,127929,127929,6,[1.       1.8      2.43     2.916    3.2805   3.54294  3.720087],6
4828,124480,124480,1,[1.  1.8],1
4829,57544,57544,30,"[0.25       0.45       0.6075     0.729      0.820125   0.885735
 0.93002175 0.9565938  0.96855122 0.96855122 0.95886571 0.94143179
 0.91789599 0.88965304 0.85787972 0.82356453 0.78753358 0.75047318
 0.71294952 0.67542586 0.63827744 0.60180444 0.56624327 0.53177629
 0.49854027 0.46663369 0.43612303 0.40704816 0.37942703 0.35325965
 0.32853148]",30
4830,218787,218787,30,"[0.25       0.45       0.6075     0.729      0.820125   0.885735
 0.93002175 0.9565938  0.96855122 0.96855122 0.95886571 0.94143179
 0.91789599 0.88965304 0.85787972 0.82356453 0.78753358 0.75047318
 0.71294952 0.67542586 0.63827744 0.60180444 0.56624327 0.53177629
 0.49854027 0.46663369 0.43612303 0.40704816 0.37942703 0.35325965
 0.32853148]",30
4831,124834,124834,3,[0.29411765 0.52941176 0.71470588 0.85764706],3
4832,301746,301746,60,"[0.25       0.45       0.6075     0.729      0.820125   0.885735
 0.93002175 0.9565938  0.96855122 0.96855122 0.95886571 0.94143179
 0.91789599 0.88965304 0.85787972 0.82356453 0.78753358 0.75047318
 0.71294952 0.67542586 0.63827744 0.60180444 0.56624327 0.53177629
 0.49854027 0.46663369 0.43612303 0.40704816 0.37942703 0.35325965
 0.32853148 0.30521634 0.28327892 0.26267681 0.24336234 0.225284
 0.2083877  0.19261782 0.17791804 0.16423203 0.15150405 0.13967934
 0.12870454 0.1185279  0.10909954 0.10037158 0.09229821 0.08483581
 0.0779429  0.07158021 0.06571063 0.06029917 0.05531289 0.05072088
 0.04649414 0.04260554 0.03902972 0.035743   0.03272334 0.02995017
 0.02740441]",60
4833,194952,194952,60,"[0.25       0.45       0.6075     0.729      0.820125   0.885735
 0.93002175 0.9565938  0.96855122 0.96855122 0.95886571 0.94143179
 0.91789599 0.88965304 0.85787972 0.82356453 0.78753358 0.75047318
 0.71294952 0.67542586 0.63827744 0.60180444 0.56624327 0.53177629
 0.49854027 0.46663369 0.43612303 0.40704816 0.37942703 0.35325965
 0.32853148 0.30521634 0.28327892 0.26267681 0.24336234 0.225284
 0.2083877  0.19261782 0.17791804 0.16423203 0.15150405 0.13967934
 0.12870454 0.1185279  0.10909954 0.10037158 0.09229821 0.08483581
 0.0779429  0.07158021 0.06571063 0.06029917 0.05531289 0.05072088
 0.04649414 0.04260554 0.03902972 0.035743   0.03272334 0.02995017
 0.02740441]",60
4834,241252,241252,30,"[0.25       0.45       0.6075     0.729      0.820125   0.885735
 0.93002175 0.9565938  0.96855122 0.96855122 0.95886571 0.94143179
 0.91789599 0.88965304 0.85787972 0.82356453 0.78753358 0.75047318
 0.71294952 0.67542586 0.63827744 0.60180444 0.56624327 0.53177629
 0.49854027 0.46663369 0.43612303 0.40704816 0.37942703 0.35325965
 0.32853148]",30
4835,30486,30486,1,[1.  1.8],1
4836,13899,13899,9,"[1.         1.8        2.43       2.916      3.2805     3.54294
 3.720087   3.8263752  3.87420489]",8
4837,8490,8490,3,[0.29411765 0.52941176 0.71470588 0.85764706],3
4838,230677,230677,30,"[0.25       0.45       0.6075     0.729      0.820125   0.885735
 0.93002175 0.9565938  0.96855122 0.96855122 0.95886571 0.94143179
 0.91789599 0.88965304 0.85787972 0.82356453 0.78753358 0.75047318
 0.71294952 0.67542586 0.63827744 0.60180444 0.56624327 0.53177629
 0.49854027 0.46663369 0.43612303 0.40704816 0.37942703 0.35325965
 0.32853148]",30
4839,168307,168307,3,[0.29411765 0.52941176 0.71470588 0.85764706],3
4840,257546,257546,6,[1.       1.8      2.43     2.916    3.2805   3.54294  3.720087],6
4841,207086,207086,60,"[0.25       0.45       0.6075     0.729      0.820125   0.885735
 0.93002175 0.9565938  0.96855122 0.96855122 0.95886571 0.94143179
 0.91789599 0.88965304 0.85787972 0.82356453 0.78753358 0.75047318
 0.71294952 0.67542586 0.63827744 0.60180444 0.56624327 0.53177629
 0.49854027 0.46663369 0.43612303 0.40704816 0.37942703 0.35325965
 0.32853148 0.30521634 0.28327892 0.26267681 0.24336234 0.225284
 0.2083877  0.19261782 0.17791804 0.16423203 0.15150405 0.13967934
 0.12870454 0.1185279  0.10909954 0.10037158 0.09229821 0.08483581
 0.0779429  0.07158021 0.06571063 0.06029917 0.05531289 0.05072088
 0.04649414 0.04260554 0.03902972 0.035743   0.03272334 0.02995017
 0.02740441]",60
4842,86927,86927,9,"[1.         1.8        2.43       2.916      3.2805     3.54294
 3.720087   3.8263752  3.87420489]",8
4843,41945,41945,3,[0.29411765 0.52941176 0.71470588 0.85764706],3
4844,142410,142410,3,[0.29411765 0.52941176 0.71470588 0.85764706],3
4845,175431,175431,1,[1.  1.8],1
4846,334116,334116,60,"[0.25       0.45       0.6075     0.729      0.820125   0.885735
 0.93002175 0.9565938  0.96855122 0.96855122 0.95886571 0.94143179
 0.91789599 0.88965304 0.85787972 0.82356453 0.78753358 0.75047318
 0.71294952 0.67542586 0.63827744 0.60180444 0.56624327 0.53177629
 0.49854027 0.46663369 0.43612303 0.40704816 0.37942703 0.35325965
 0.32853148 0.30521634 0.28327892 0.26267681 0.24336234 0.225284
 0.2083877  0.19261782 0.17791804 0.16423203 0.15150405 0.13967934
 0.12870454 0.1185279  0.10909954 0.10037158 0.09229821 0.08483581
 0.0779429  0.07158021 0.06571063 0.06029917 0.05531289 0.05072088
 0.04649414 0.04260554 0.03902972 0.035743   0.03272334 0.02995017
 0.02740441]",60
4847,95037,95037,30,"[0.25       0.45       0.6075     0.729      0.820125   0.885735
 0.93002175 0.9565938  0.96855122 0.96855122 0.95886571 0.94143179
 0.91789599 0.88965304 0.85787972 0.82356453 0.78753358 0.75047318
 0.71294952 0.67542586 0.63827744 0.60180444 0.56624327 0.53177629
 0.49854027 0.46663369 0.43612303 0.40704816 0.37942703 0.35325965
 0.32853148]",30
4848,294855,294855,9,"[1.         1.8        2.43       2.916      3.2805     3.54294
 3.720087   3.8263752  3.87420489]",8
4849,343445,343445,60,"[0.25       0.45       0.6075     0.729      0.820125   0.885735
 0.93002175 0.9565938  0.96855122 0.96855122 0.95886571 0.94143179
 0.91789599 0.88965304 0.85787972 0.82356453 0.78753358 0.75047318
 0.71294952 0.67542586 0.63827744 0.60180444 0.56624327 0.53177629
 0.49854027 0.46663369 0.43612303 0.40704816 0.37942703 0.35325965
 0.32853148 0.30521634 0.28327892 0.26267681 0.24336234 0.225284
 0.2083877  0.19261782 0.17791804 0.16423203 0.15150405 0.13967934
 0.12870454 0.1185279  0.10909954 0.10037158 0.09229821 0.08483581
 0.0779429  0.07158021 0.06571063 0.06029917 0.05531289 0.05072088
 0.04649414 0.04260554 0.03902972 0.035743   0.03272334 0.02995017
 0.02740441]",60
4850,241176,241176,1,[1.  1.8],1
4851,139393,139393,3,[0.29411765 0.52941176 0.71470588 0.85764706],3
4852,106829,106829,3,[0.29411765 0.52941176 0.71470588 0.85764706],3
4853,194561,194561,6,[1.       1.8      2.43     2.916    3.2805   3.54294  3.720087],6
4854,188123,188123,9,"[1.         1.8        2.43       2.916      3.2805     3.54294
 3.720087   3.8263752  3.87420489]",8
4855,109875,109875,6,[1.       1.8      2.43     2.916    3.2805   3.54294  3.720087],6
4856,22637,22637,1,[1.  1.8],1
4857,234671,234671,30,"[0.25       0.45       0.6075     0.729      0.820125   0.885735
 0.93002175 0.9565938  0.96855122 0.96855122 0.95886571 0.94143179
 0.91789599 0.88965304 0.85787972 0.82356453 0.78753358 0.75047318
 0.71294952 0.67542586 0.63827744 0.60180444 0.56624327 0.53177629
 0.49854027 0.46663369 0.43612303 0.40704816 0.37942703 0.35325965
 0.32853148]",30
4858,189345,189345,1,[1.  1.8],1
4859,294465,294465,1,[1.  1.8],1
4860,42743,42743,30,"[0.25       0.45       0.6075     0.729      0.820125   0.885735
 0.93002175 0.9565938  0.96855122 0.96855122 0.95886571 0.94143179
 0.91789599 0.88965304 0.85787972 0.82356453 0.78753358 0.75047318
 0.71294952 0.67542586 0.63827744 0.60180444 0.56624327 0.53177629
 0.49854027 0.46663369 0.43612303 0.40704816 0.37942703 0.35325965
 0.32853148]",30
4861,255187,255187,30,"[0.25       0.45       0.6075     0.729      0.820125   0.885735
 0.93002175 0.9565938  0.96855122 0.96855122 0.95886571 0.94143179
 0.91789599 0.88965304 0.85787972 0.82356453 0.78753358 0.75047318
 0.71294952 0.67542586 0.63827744 0.60180444 0.56624327 0.53177629
 0.49854027 0.46663369 0.43612303 0.40704816 0.37942703 0.35325965
 0.32853148]",30
4862,116030,116030,1,[1.  1.8],1
4863,51417,51417,60,"[0.25       0.45       0.6075     0.729      0.820125   0.885735
 0.93002175 0.9565938  0.96855122 0.96855122 0.95886571 0.94143179
 0.91789599 0.88965304 0.85787972 0.82356453 0.78753358 0.75047318
 0.71294952 0.67542586 0.63827744 0.60180444 0.56624327 0.53177629
 0.49854027 0.46663369 0.43612303 0.40704816 0.37942703 0.35325965
 0.32853148 0.30521634 0.28327892 0.26267681 0.24336234 0.225284
 0.2083877  0.19261782 0.17791804 0.16423203 0.15150405 0.13967934
 0.12870454 0.1185279  0.10909954 0.10037158 0.09229821 0.08483581
 0.0779429  0.07158021 0.06571063 0.06029917 0.05531289 0.05072088
 0.04649414 0.04260554 0.03902972 0.035743   0.03272334 0.02995017
 0.02740441]",60
4864,231319,231319,3,[0.29411765 0.52941176 0.71470588 0.85764706],3
4865,203072,203072,9,"[1.         1.8        2.43       2.916      3.2805     3.54294
 3.720087   3.8263752  3.87420489]",8
4866,24912,24912,3,[0.29411765 0.52941176 0.71470588 0.85764706],3
4867,96088,96088,9,"[1.         1.8        2.43       2.916      3.2805     3.54294
 3.720087   3.8263752  3.87420489]",8
4868,304801,304801,60,"[0.25       0.45       0.6075     0.729      0.820125   0.885735
 0.93002175 0.9565938  0.96855122 0.96855122 0.95886571 0.94143179
 0.91789599 0.88965304 0.85787972 0.82356453 0.78753358 0.75047318
 0.71294952 0.67542586 0.63827744 0.60180444 0.56624327 0.53177629
 0.49854027 0.46663369 0.43612303 0.40704816 0.37942703 0.35325965
 0.32853148 0.30521634 0.28327892 0.26267681 0.24336234 0.225284
 0.2083877  0.19261782 0.17791804 0.16423203 0.15150405 0.13967934
 0.12870454 0.1185279  0.10909954 0.10037158 0.09229821 0.08483581
 0.0779429  0.07158021 0.06571063 0.06029917 0.05531289 0.05072088
 0.04649414 0.04260554 0.03902972 0.035743   0.03272334 0.02995017
 0.02740441]",60
4869,196581,196581,3,[0.29411765 0.52941176 0.71470588 0.85764706],3
4870,270348,270348,3,[0.29411765 0.52941176 0.71470588 0.85764706],3
4871,127501,127501,60,"[0.25       0.45       0.6075     0.729      0.820125   0.885735
 0.93002175 0.9565938  0.96855122 0.96855122 0.95886571 0.94143179
 0.91789599 0.88965304 0.85787972 0.82356453 0.78753358 0.75047318
 0.71294952 0.67542586 0.63827744 0.60180444 0.56624327 0.53177629
 0.49854027 0.46663369 0.43612303 0.40704816 0.37942703 0.35325965
 0.32853148 0.30521634 0.28327892 0.26267681 0.24336234 0.225284
 0.2083877  0.19261782 0.17791804 0.16423203 0.15150405 0.13967934
 0.12870454 0.1185279  0.10909954 0.10037158 0.09229821 0.08483581
 0.0779429  0.07158021 0.06571063 0.06029917 0.05531289 0.05072088
 0.04649414 0.04260554 0.03902972 0.035743   0.03272334 0.02995017
 0.02740441]",60
4872,271580,271580,3,[0.29411765 0.52941176 0.71470588 0.85764706],3
4873,21033,21033,1,[1.  1.8],1
4874,268179,268179,30,"[0.25       0.45       0.6075     0.729      0.820125   0.885735
 0.93002175 0.9565938  0.96855122 0.96855122 0.95886571 0.94143179
 0.91789599 0.88965304 0.85787972 0.82356453 0.78753358 0.75047318
 0.71294952 0.67542586 0.63827744 0.60180444 0.56624327 0.53177629
 0.49854027 0.46663369 0.43612303 0.40704816 0.37942703 0.35325965
 0.32853148]",30
4875,33931,33931,6,[1.       1.8      2.43     2.916    3.2805   3.54294  3.720087],6
4876,219778,219778,3,[0.29411765 0.52941176 0.71470588 0.85764706],3
4877,335733,335733,30,"[0.25       0.45       0.6075     0.729      0.820125   0.885735
 0.93002175 0.9565938  0.96855122 0.96855122 0.95886571 0.94143179
 0.91789599 0.88965304 0.85787972 0.82356453 0.78753358 0.75047318
 0.71294952 0.67542586 0.63827744 0.60180444 0.56624327 0.53177629
 0.49854027 0.46663369 0.43612303 0.40704816 0.37942703 0.35325965
 0.32853148]",30
4878,124611,124611,3,[0.29411765 0.52941176 0.71470588 0.85764706],3
4879,173540,173540,3,[0.29411765 0.52941176 0.71470588 0.85764706],3
4880,27993,27993,1,[1.  1.8],1
4881,336327,336327,30,"[0.25       0.45       0.6075     0.729      0.820125   0.885735
 0.93002175 0.9565938  0.96855122 0.96855122 0.95886571 0.94143179
 0.91789599 0.88965304 0.85787972 0.82356453 0.78753358 0.75047318
 0.71294952 0.67542586 0.63827744 0.60180444 0.56624327 0.53177629
 0.49854027 0.46663369 0.43612303 0.40704816 0.37942703 0.35325965
 0.32853148]",30
4882,47342,47342,30,"[0.25       0.45       0.6075     0.729      0.820125   0.885735
 0.93002175 0.9565938  0.96855122 0.96855122 0.95886571 0.94143179
 0.91789599 0.88965304 0.85787972 0.82356453 0.78753358 0.75047318
 0.71294952 0.67542586 0.63827744 0.60180444 0.56624327 0.53177629
 0.49854027 0.46663369 0.43612303 0.40704816 0.37942703 0.35325965
 0.32853148]",30
4883,147815,147815,3,[0.29411765 0.52941176 0.71470588 0.85764706],3
4884,234529,234529,1,[1.  1.8],1
4885,178920,178920,6,[1.       1.8      2.43     2.916    3.2805   3.54294  3.720087],6
4886,287065,287065,9,"[1.         1.8        2.43       2.916      3.2805     3.54294
 3.720087   3.8263752  3.87420489]",8
4887,142402,142402,60,"[0.25       0.45       0.6075     0.729      0.820125   0.885735
 0.93002175 0.9565938  0.96855122 0.96855122 0.95886571 0.94143179
 0.91789599 0.88965304 0.85787972 0.82356453 0.78753358 0.75047318
 0.71294952 0.67542586 0.63827744 0.60180444 0.56624327 0.53177629
 0.49854027 0.46663369 0.43612303 0.40704816 0.37942703 0.35325965
 0.32853148 0.30521634 0.28327892 0.26267681 0.24336234 0.225284
 0.2083877  0.19261782 0.17791804 0.16423203 0.15150405 0.13967934
 0.12870454 0.1185279  0.10909954 0.10037158 0.09229821 0.08483581
 0.0779429  0.07158021 0.06571063 0.06029917 0.05531289 0.05072088
 0.04649414 0.04260554 0.03902972 0.035743   0.03272334 0.02995017
 0.02740441]",60
4888,17088,17088,3,[0.29411765 0.52941176 0.71470588 0.85764706],3
4889,19220,19220,60,"[0.25       0.45       0.6075     0.729      0.820125   0.885735
 0.93002175 0.9565938  0.96855122 0.96855122 0.95886571 0.94143179
 0.91789599 0.88965304 0.85787972 0.82356453 0.78753358 0.75047318
 0.71294952 0.67542586 0.63827744 0.60180444 0.56624327 0.53177629
 0.49854027 0.46663369 0.43612303 0.40704816 0.37942703 0.35325965
 0.32853148 0.30521634 0.28327892 0.26267681 0.24336234 0.225284
 0.2083877  0.19261782 0.17791804 0.16423203 0.15150405 0.13967934
 0.12870454 0.1185279  0.10909954 0.10037158 0.09229821 0.08483581
 0.0779429  0.07158021 0.06571063 0.06029917 0.05531289 0.05072088
 0.04649414 0.04260554 0.03902972 0.035743   0.03272334 0.02995017
 0.02740441]",60
4890,84677,84677,30,"[0.25       0.45       0.6075     0.729      0.820125   0.885735
 0.93002175 0.9565938  0.96855122 0.96855122 0.95886571 0.94143179
 0.91789599 0.88965304 0.85787972 0.82356453 0.78753358 0.75047318
 0.71294952 0.67542586 0.63827744 0.60180444 0.56624327 0.53177629
 0.49854027 0.46663369 0.43612303 0.40704816 0.37942703 0.35325965
 0.32853148]",30
4891,190832,190832,3,[0.29411765 0.52941176 0.71470588 0.85764706],3
4892,262197,262197,3,[0.29411765 0.52941176 0.71470588 0.85764706],3
4893,208578,208578,30,"[0.25       0.45       0.6075     0.729      0.820125   0.885735
 0.93002175 0.9565938  0.96855122 0.96855122 0.95886571 0.94143179
 0.91789599 0.88965304 0.85787972 0.82356453 0.78753358 0.75047318
 0.71294952 0.67542586 0.63827744 0.60180444 0.56624327 0.53177629
 0.49854027 0.46663369 0.43612303 0.40704816 0.37942703 0.35325965
 0.32853148]",30
4894,104694,104694,6,[1.       1.8      2.43     2.916    3.2805   3.54294  3.720087],6
4895,218297,218297,6,[1.       1.8      2.43     2.916    3.2805   3.54294  3.720087],6
4896,188150,188150,30,"[0.25       0.45       0.6075     0.729      0.820125   0.885735
 0.93002175 0.9565938  0.96855122 0.96855122 0.95886571 0.94143179
 0.91789599 0.88965304 0.85787972 0.82356453 0.78753358 0.75047318
 0.71294952 0.67542586 0.63827744 0.60180444 0.56624327 0.53177629
 0.49854027 0.46663369 0.43612303 0.40704816 0.37942703 0.35325965
 0.32853148]",30
4897,78518,78518,6,[1.       1.8      2.43     2.916    3.2805   3.54294  3.720087],6
4898,198500,198500,30,"[0.25       0.45       0.6075     0.729      0.820125   0.885735
 0.93002175 0.9565938  0.96855122 0.96855122 0.95886571 0.94143179
 0.91789599 0.88965304 0.85787972 0.82356453 0.78753358 0.75047318
 0.71294952 0.67542586 0.63827744 0.60180444 0.56624327 0.53177629
 0.49854027 0.46663369 0.43612303 0.40704816 0.37942703 0.35325965
 0.32853148]",30
4899,138278,138278,60,"[0.25       0.45       0.6075     0.729      0.820125   0.885735
 0.93002175 0.9565938  0.96855122 0.96855122 0.95886571 0.94143179
 0.91789599 0.88965304 0.85787972 0.82356453 0.78753358 0.75047318
 0.71294952 0.67542586 0.63827744 0.60180444 0.56624327 0.53177629
 0.49854027 0.46663369 0.43612303 0.40704816 0.37942703 0.35325965
 0.32853148 0.30521634 0.28327892 0.26267681 0.24336234 0.225284
 0.2083877  0.19261782 0.17791804 0.16423203 0.15150405 0.13967934
 0.12870454 0.1185279  0.10909954 0.10037158 0.09229821 0.08483581
 0.0779429  0.07158021 0.06571063 0.06029917 0.05531289 0.05072088
 0.04649414 0.04260554 0.03902972 0.035743   0.03272334 0.02995017
 0.02740441]",60
4900,216865,216865,1,[1.  1.8],1
4901,127040,127040,30,"[0.25       0.45       0.6075     0.729      0.820125   0.885735
 0.93002175 0.9565938  0.96855122 0.96855122 0.95886571 0.94143179
 0.91789599 0.88965304 0.85787972 0.82356453 0.78753358 0.75047318
 0.71294952 0.67542586 0.63827744 0.60180444 0.56624327 0.53177629
 0.49854027 0.46663369 0.43612303 0.40704816 0.37942703 0.35325965
 0.32853148]",30
4902,270451,270451,6,[1.       1.8      2.43     2.916    3.2805   3.54294  3.720087],6
4903,66898,66898,1,[1.  1.8],1
4904,144831,144831,6,[1.       1.8      2.43     2.916    3.2805   3.54294  3.720087],6
4905,110377,110377,30,"[0.25       0.45       0.6075     0.729      0.820125   0.885735
 0.93002175 0.9565938  0.96855122 0.96855122 0.95886571 0.94143179
 0.91789599 0.88965304 0.85787972 0.82356453 0.78753358 0.75047318
 0.71294952 0.67542586 0.63827744 0.60180444 0.56624327 0.53177629
 0.49854027 0.46663369 0.43612303 0.40704816 0.37942703 0.35325965
 0.32853148]",30
4906,137839,137839,6,[1.       1.8      2.43     2.916    3.2805   3.54294  3.720087],6
4907,82309,82309,6,[1.       1.8      2.43     2.916    3.2805   3.54294  3.720087],6
4908,195757,195757,30,"[0.25       0.45       0.6075     0.729      0.820125   0.885735
 0.93002175 0.9565938  0.96855122 0.96855122 0.95886571 0.94143179
 0.91789599 0.88965304 0.85787972 0.82356453 0.78753358 0.75047318
 0.71294952 0.67542586 0.63827744 0.60180444 0.56624327 0.53177629
 0.49854027 0.46663369 0.43612303 0.40704816 0.37942703 0.35325965
 0.32853148]",30
4909,166944,166944,1,[1.  1.8],1
4910,229727,229727,1,[1.  1.8],1
4911,329252,329252,9,"[1.         1.8        2.43       2.916      3.2805     3.54294
 3.720087   3.8263752  3.87420489]",8
4912,156330,156330,30,"[0.25       0.45       0.6075     0.729      0.820125   0.885735
 0.93002175 0.9565938  0.96855122 0.96855122 0.95886571 0.94143179
 0.91789599 0.88965304 0.85787972 0.82356453 0.78753358 0.75047318
 0.71294952 0.67542586 0.63827744 0.60180444 0.56624327 0.53177629
 0.49854027 0.46663369 0.43612303 0.40704816 0.37942703 0.35325965
 0.32853148]",30
4913,166920,166920,3,[0.29411765 0.52941176 0.71470588 0.85764706],3
4914,51209,51209,30,"[0.25       0.45       0.6075     0.729      0.820125   0.885735
 0.93002175 0.9565938  0.96855122 0.96855122 0.95886571 0.94143179
 0.91789599 0.88965304 0.85787972 0.82356453 0.78753358 0.75047318
 0.71294952 0.67542586 0.63827744 0.60180444 0.56624327 0.53177629
 0.49854027 0.46663369 0.43612303 0.40704816 0.37942703 0.35325965
 0.32853148]",30
4915,258543,258543,60,"[0.25       0.45       0.6075     0.729      0.820125   0.885735
 0.93002175 0.9565938  0.96855122 0.96855122 0.95886571 0.94143179
 0.91789599 0.88965304 0.85787972 0.82356453 0.78753358 0.75047318
 0.71294952 0.67542586 0.63827744 0.60180444 0.56624327 0.53177629
 0.49854027 0.46663369 0.43612303 0.40704816 0.37942703 0.35325965
 0.32853148 0.30521634 0.28327892 0.26267681 0.24336234 0.225284
 0.2083877  0.19261782 0.17791804 0.16423203 0.15150405 0.13967934
 0.12870454 0.1185279  0.10909954 0.10037158 0.09229821 0.08483581
 0.0779429  0.07158021 0.06571063 0.06029917 0.05531289 0.05072088
 0.04649414 0.04260554 0.03902972 0.035743   0.03272334 0.02995017
 0.02740441]",60
4916,183862,183862,6,[1.       1.8      2.43     2.916    3.2805   3.54294  3.720087],6
4917,183611,183611,6,[1.       1.8      2.43     2.916    3.2805   3.54294  3.720087],6
4918,130459,130459,60,"[0.25       0.45       0.6075     0.729      0.820125   0.885735
 0.93002175 0.9565938  0.96855122 0.96855122 0.95886571 0.94143179
 0.91789599 0.88965304 0.85787972 0.82356453 0.78753358 0.75047318
 0.71294952 0.67542586 0.63827744 0.60180444 0.56624327 0.53177629
 0.49854027 0.46663369 0.43612303 0.40704816 0.37942703 0.35325965
 0.32853148 0.30521634 0.28327892 0.26267681 0.24336234 0.225284
 0.2083877  0.19261782 0.17791804 0.16423203 0.15150405 0.13967934
 0.12870454 0.1185279  0.10909954 0.10037158 0.09229821 0.08483581
 0.0779429  0.07158021 0.06571063 0.06029917 0.05531289 0.05072088
 0.04649414 0.04260554 0.03902972 0.035743   0.03272334 0.02995017
 0.02740441]",60
4919,175103,175103,1,[1.  1.8],1
4920,219468,219468,30,"[0.25       0.45       0.6075     0.729      0.820125   0.885735
 0.93002175 0.9565938  0.96855122 0.96855122 0.95886571 0.94143179
 0.91789599 0.88965304 0.85787972 0.82356453 0.78753358 0.75047318
 0.71294952 0.67542586 0.63827744 0.60180444 0.56624327 0.53177629
 0.49854027 0.46663369 0.43612303 0.40704816 0.37942703 0.35325965
 0.32853148]",30
4921,263705,263705,3,[0.29411765 0.52941176 0.71470588 0.85764706],3
4922,325234,325234,30,"[0.25       0.45       0.6075     0.729      0.820125   0.885735
 0.93002175 0.9565938  0.96855122 0.96855122 0.95886571 0.94143179
 0.91789599 0.88965304 0.85787972 0.82356453 0.78753358 0.75047318
 0.71294952 0.67542586 0.63827744 0.60180444 0.56624327 0.53177629
 0.49854027 0.46663369 0.43612303 0.40704816 0.37942703 0.35325965
 0.32853148]",30
4923,72215,72215,60,"[0.25       0.45       0.6075     0.729      0.820125   0.885735
 0.93002175 0.9565938  0.96855122 0.96855122 0.95886571 0.94143179
 0.91789599 0.88965304 0.85787972 0.82356453 0.78753358 0.75047318
 0.71294952 0.67542586 0.63827744 0.60180444 0.56624327 0.53177629
 0.49854027 0.46663369 0.43612303 0.40704816 0.37942703 0.35325965
 0.32853148 0.30521634 0.28327892 0.26267681 0.24336234 0.225284
 0.2083877  0.19261782 0.17791804 0.16423203 0.15150405 0.13967934
 0.12870454 0.1185279  0.10909954 0.10037158 0.09229821 0.08483581
 0.0779429  0.07158021 0.06571063 0.06029917 0.05531289 0.05072088
 0.04649414 0.04260554 0.03902972 0.035743   0.03272334 0.02995017
 0.02740441]",60
4924,34098,34098,6,[1.       1.8      2.43     2.916    3.2805   3.54294  3.720087],6
4925,31813,31813,1,[1.  1.8],1
4926,42491,42491,9,"[1.         1.8        2.43       2.916      3.2805     3.54294
 3.720087   3.8263752  3.87420489]",8
4927,238330,238330,30,"[0.25       0.45       0.6075     0.729      0.820125   0.885735
 0.93002175 0.9565938  0.96855122 0.96855122 0.95886571 0.94143179
 0.91789599 0.88965304 0.85787972 0.82356453 0.78753358 0.75047318
 0.71294952 0.67542586 0.63827744 0.60180444 0.56624327 0.53177629
 0.49854027 0.46663369 0.43612303 0.40704816 0.37942703 0.35325965
 0.32853148]",30
4928,123277,123277,3,[0.29411765 0.52941176 0.71470588 0.85764706],3
4929,147414,147414,3,[0.29411765 0.52941176 0.71470588 0.85764706],3
4930,159090,159090,30,"[0.25       0.45       0.6075     0.729      0.820125   0.885735
 0.93002175 0.9565938  0.96855122 0.96855122 0.95886571 0.94143179
 0.91789599 0.88965304 0.85787972 0.82356453 0.78753358 0.75047318
 0.71294952 0.67542586 0.63827744 0.60180444 0.56624327 0.53177629
 0.49854027 0.46663369 0.43612303 0.40704816 0.37942703 0.35325965
 0.32853148]",30
4931,346886,346886,6,[1.       1.8      2.43     2.916    3.2805   3.54294  3.720087],6
4932,114738,114738,9,"[1.         1.8        2.43       2.916      3.2805     3.54294
 3.720087   3.8263752  3.87420489]",8
4933,245481,245481,6,[1.       1.8      2.43     2.916    3.2805   3.54294  3.720087],6
4934,184396,184396,3,[0.29411765 0.52941176 0.71470588 0.85764706],3
4935,214549,214549,60,"[0.25       0.45       0.6075     0.729      0.820125   0.885735
 0.93002175 0.9565938  0.96855122 0.96855122 0.95886571 0.94143179
 0.91789599 0.88965304 0.85787972 0.82356453 0.78753358 0.75047318
 0.71294952 0.67542586 0.63827744 0.60180444 0.56624327 0.53177629
 0.49854027 0.46663369 0.43612303 0.40704816 0.37942703 0.35325965
 0.32853148 0.30521634 0.28327892 0.26267681 0.24336234 0.225284
 0.2083877  0.19261782 0.17791804 0.16423203 0.15150405 0.13967934
 0.12870454 0.1185279  0.10909954 0.10037158 0.09229821 0.08483581
 0.0779429  0.07158021 0.06571063 0.06029917 0.05531289 0.05072088
 0.04649414 0.04260554 0.03902972 0.035743   0.03272334 0.02995017
 0.02740441]",60
4936,73158,73158,9,"[1.         1.8        2.43       2.916      3.2805     3.54294
 3.720087   3.8263752  3.87420489]",8
4937,52156,52156,30,"[0.25       0.45       0.6075     0.729      0.820125   0.885735
 0.93002175 0.9565938  0.96855122 0.96855122 0.95886571 0.94143179
 0.91789599 0.88965304 0.85787972 0.82356453 0.78753358 0.75047318
 0.71294952 0.67542586 0.63827744 0.60180444 0.56624327 0.53177629
 0.49854027 0.46663369 0.43612303 0.40704816 0.37942703 0.35325965
 0.32853148]",30
4938,98963,98963,3,[0.29411765 0.52941176 0.71470588 0.85764706],3
4939,35451,35451,60,"[0.25       0.45       0.6075     0.729      0.820125   0.885735
 0.93002175 0.9565938  0.96855122 0.96855122 0.95886571 0.94143179
 0.91789599 0.88965304 0.85787972 0.82356453 0.78753358 0.75047318
 0.71294952 0.67542586 0.63827744 0.60180444 0.56624327 0.53177629
 0.49854027 0.46663369 0.43612303 0.40704816 0.37942703 0.35325965
 0.32853148 0.30521634 0.28327892 0.26267681 0.24336234 0.225284
 0.2083877  0.19261782 0.17791804 0.16423203 0.15150405 0.13967934
 0.12870454 0.1185279  0.10909954 0.10037158 0.09229821 0.08483581
 0.0779429  0.07158021 0.06571063 0.06029917 0.05531289 0.05072088
 0.04649414 0.04260554 0.03902972 0.035743   0.03272334 0.02995017
 0.02740441]",60
4940,156119,156119,60,"[0.25       0.45       0.6075     0.729      0.820125   0.885735
 0.93002175 0.9565938  0.96855122 0.96855122 0.95886571 0.94143179
 0.91789599 0.88965304 0.85787972 0.82356453 0.78753358 0.75047318
 0.71294952 0.67542586 0.63827744 0.60180444 0.56624327 0.53177629
 0.49854027 0.46663369 0.43612303 0.40704816 0.37942703 0.35325965
 0.32853148 0.30521634 0.28327892 0.26267681 0.24336234 0.225284
 0.2083877  0.19261782 0.17791804 0.16423203 0.15150405 0.13967934
 0.12870454 0.1185279  0.10909954 0.10037158 0.09229821 0.08483581
 0.0779429  0.07158021 0.06571063 0.06029917 0.05531289 0.05072088
 0.04649414 0.04260554 0.03902972 0.035743   0.03272334 0.02995017
 0.02740441]",60
4941,204007,204007,60,"[0.25       0.45       0.6075     0.729      0.820125   0.885735
 0.93002175 0.9565938  0.96855122 0.96855122 0.95886571 0.94143179
 0.91789599 0.88965304 0.85787972 0.82356453 0.78753358 0.75047318
 0.71294952 0.67542586 0.63827744 0.60180444 0.56624327 0.53177629
 0.49854027 0.46663369 0.43612303 0.40704816 0.37942703 0.35325965
 0.32853148 0.30521634 0.28327892 0.26267681 0.24336234 0.225284
 0.2083877  0.19261782 0.17791804 0.16423203 0.15150405 0.13967934
 0.12870454 0.1185279  0.10909954 0.10037158 0.09229821 0.08483581
 0.0779429  0.07158021 0.06571063 0.06029917 0.05531289 0.05072088
 0.04649414 0.04260554 0.03902972 0.035743   0.03272334 0.02995017
 0.02740441]",60
4942,87567,87567,60,"[0.25       0.45       0.6075     0.729      0.820125   0.885735
 0.93002175 0.9565938  0.96855122 0.96855122 0.95886571 0.94143179
 0.91789599 0.88965304 0.85787972 0.82356453 0.78753358 0.75047318
 0.71294952 0.67542586 0.63827744 0.60180444 0.56624327 0.53177629
 0.49854027 0.46663369 0.43612303 0.40704816 0.37942703 0.35325965
 0.32853148 0.30521634 0.28327892 0.26267681 0.24336234 0.225284
 0.2083877  0.19261782 0.17791804 0.16423203 0.15150405 0.13967934
 0.12870454 0.1185279  0.10909954 0.10037158 0.09229821 0.08483581
 0.0779429  0.07158021 0.06571063 0.06029917 0.05531289 0.05072088
 0.04649414 0.04260554 0.03902972 0.035743   0.03272334 0.02995017
 0.02740441]",60
4943,109228,109228,1,[1.  1.8],1
4944,258600,258600,30,"[0.25       0.45       0.6075     0.729      0.820125   0.885735
 0.93002175 0.9565938  0.96855122 0.96855122 0.95886571 0.94143179
 0.91789599 0.88965304 0.85787972 0.82356453 0.78753358 0.75047318
 0.71294952 0.67542586 0.63827744 0.60180444 0.56624327 0.53177629
 0.49854027 0.46663369 0.43612303 0.40704816 0.37942703 0.35325965
 0.32853148]",30
4945,111853,111853,9,"[1.         1.8        2.43       2.916      3.2805     3.54294
 3.720087   3.8263752  3.87420489]",8
4946,87803,87803,9,"[1.         1.8        2.43       2.916      3.2805     3.54294
 3.720087   3.8263752  3.87420489]",8
4947,50062,50062,3,[0.29411765 0.52941176 0.71470588 0.85764706],3
4948,183995,183995,30,"[0.25       0.45       0.6075     0.729      0.820125   0.885735
 0.93002175 0.9565938  0.96855122 0.96855122 0.95886571 0.94143179
 0.91789599 0.88965304 0.85787972 0.82356453 0.78753358 0.75047318
 0.71294952 0.67542586 0.63827744 0.60180444 0.56624327 0.53177629
 0.49854027 0.46663369 0.43612303 0.40704816 0.37942703 0.35325965
 0.32853148]",30
4949,62233,62233,1,[1.  1.8],1
4950,75040,75040,30,"[0.25       0.45       0.6075     0.729      0.820125   0.885735
 0.93002175 0.9565938  0.96855122 0.96855122 0.95886571 0.94143179
 0.91789599 0.88965304 0.85787972 0.82356453 0.78753358 0.75047318
 0.71294952 0.67542586 0.63827744 0.60180444 0.56624327 0.53177629
 0.49854027 0.46663369 0.43612303 0.40704816 0.37942703 0.35325965
 0.32853148]",30
4951,22377,22377,9,"[1.         1.8        2.43       2.916      3.2805     3.54294
 3.720087   3.8263752  3.87420489]",8
4952,204893,204893,60,"[0.25       0.45       0.6075     0.729      0.820125   0.885735
 0.93002175 0.9565938  0.96855122 0.96855122 0.95886571 0.94143179
 0.91789599 0.88965304 0.85787972 0.82356453 0.78753358 0.75047318
 0.71294952 0.67542586 0.63827744 0.60180444 0.56624327 0.53177629
 0.49854027 0.46663369 0.43612303 0.40704816 0.37942703 0.35325965
 0.32853148 0.30521634 0.28327892 0.26267681 0.24336234 0.225284
 0.2083877  0.19261782 0.17791804 0.16423203 0.15150405 0.13967934
 0.12870454 0.1185279  0.10909954 0.10037158 0.09229821 0.08483581
 0.0779429  0.07158021 0.06571063 0.06029917 0.05531289 0.05072088
 0.04649414 0.04260554 0.03902972 0.035743   0.03272334 0.02995017
 0.02740441]",60
4953,39859,39859,30,"[0.25       0.45       0.6075     0.729      0.820125   0.885735
 0.93002175 0.9565938  0.96855122 0.96855122 0.95886571 0.94143179
 0.91789599 0.88965304 0.85787972 0.82356453 0.78753358 0.75047318
 0.71294952 0.67542586 0.63827744 0.60180444 0.56624327 0.53177629
 0.49854027 0.46663369 0.43612303 0.40704816 0.37942703 0.35325965
 0.32853148]",30
4954,52003,52003,60,"[0.25       0.45       0.6075     0.729      0.820125   0.885735
 0.93002175 0.9565938  0.96855122 0.96855122 0.95886571 0.94143179
 0.91789599 0.88965304 0.85787972 0.82356453 0.78753358 0.75047318
 0.71294952 0.67542586 0.63827744 0.60180444 0.56624327 0.53177629
 0.49854027 0.46663369 0.43612303 0.40704816 0.37942703 0.35325965
 0.32853148 0.30521634 0.28327892 0.26267681 0.24336234 0.225284
 0.2083877  0.19261782 0.17791804 0.16423203 0.15150405 0.13967934
 0.12870454 0.1185279  0.10909954 0.10037158 0.09229821 0.08483581
 0.0779429  0.07158021 0.06571063 0.06029917 0.05531289 0.05072088
 0.04649414 0.04260554 0.03902972 0.035743   0.03272334 0.02995017
 0.02740441]",60
4955,220619,220619,6,[1.       1.8      2.43     2.916    3.2805   3.54294  3.720087],6
4956,242041,242041,60,"[0.25       0.45       0.6075     0.729      0.820125   0.885735
 0.93002175 0.9565938  0.96855122 0.96855122 0.95886571 0.94143179
 0.91789599 0.88965304 0.85787972 0.82356453 0.78753358 0.75047318
 0.71294952 0.67542586 0.63827744 0.60180444 0.56624327 0.53177629
 0.49854027 0.46663369 0.43612303 0.40704816 0.37942703 0.35325965
 0.32853148 0.30521634 0.28327892 0.26267681 0.24336234 0.225284
 0.2083877  0.19261782 0.17791804 0.16423203 0.15150405 0.13967934
 0.12870454 0.1185279  0.10909954 0.10037158 0.09229821 0.08483581
 0.0779429  0.07158021 0.06571063 0.06029917 0.05531289 0.05072088
 0.04649414 0.04260554 0.03902972 0.035743   0.03272334 0.02995017
 0.02740441]",60
4957,335116,335116,60,"[0.25       0.45       0.6075     0.729      0.820125   0.885735
 0.93002175 0.9565938  0.96855122 0.96855122 0.95886571 0.94143179
 0.91789599 0.88965304 0.85787972 0.82356453 0.78753358 0.75047318
 0.71294952 0.67542586 0.63827744 0.60180444 0.56624327 0.53177629
 0.49854027 0.46663369 0.43612303 0.40704816 0.37942703 0.35325965
 0.32853148 0.30521634 0.28327892 0.26267681 0.24336234 0.225284
 0.2083877  0.19261782 0.17791804 0.16423203 0.15150405 0.13967934
 0.12870454 0.1185279  0.10909954 0.10037158 0.09229821 0.08483581
 0.0779429  0.07158021 0.06571063 0.06029917 0.05531289 0.05072088
 0.04649414 0.04260554 0.03902972 0.035743   0.03272334 0.02995017
 0.02740441]",60
4958,335604,335604,3,[0.29411765 0.52941176 0.71470588 0.85764706],3
4959,300219,300219,9,"[1.         1.8        2.43       2.916      3.2805     3.54294
 3.720087   3.8263752  3.87420489]",8
4960,250386,250386,9,"[1.         1.8        2.43       2.916      3.2805     3.54294
 3.720087   3.8263752  3.87420489]",8
4961,252789,252789,9,"[1.         1.8        2.43       2.916      3.2805     3.54294
 3.720087   3.8263752  3.87420489]",8
4962,184532,184532,3,[0.29411765 0.52941176 0.71470588 0.85764706],3
4963,218089,218089,30,"[0.25       0.45       0.6075     0.729      0.820125   0.885735
 0.93002175 0.9565938  0.96855122 0.96855122 0.95886571 0.94143179
 0.91789599 0.88965304 0.85787972 0.82356453 0.78753358 0.75047318
 0.71294952 0.67542586 0.63827744 0.60180444 0.56624327 0.53177629
 0.49854027 0.46663369 0.43612303 0.40704816 0.37942703 0.35325965
 0.32853148]",30
4964,189975,189975,30,"[0.25       0.45       0.6075     0.729      0.820125   0.885735
 0.93002175 0.9565938  0.96855122 0.96855122 0.95886571 0.94143179
 0.91789599 0.88965304 0.85787972 0.82356453 0.78753358 0.75047318
 0.71294952 0.67542586 0.63827744 0.60180444 0.56624327 0.53177629
 0.49854027 0.46663369 0.43612303 0.40704816 0.37942703 0.35325965
 0.32853148]",30
4965,320014,320014,1,[1.  1.8],1
4966,200893,200893,6,[1.       1.8      2.43     2.916    3.2805   3.54294  3.720087],6
4967,181991,181991,6,[1.       1.8      2.43     2.916    3.2805   3.54294  3.720087],6
4968,117245,117245,1,[1.  1.8],1
4969,259717,259717,3,[0.29411765 0.52941176 0.71470588 0.85764706],3
4970,1447,1447,6,[1.       1.8      2.43     2.916    3.2805   3.54294  3.720087],6
4971,229721,229721,30,"[0.25       0.45       0.6075     0.729      0.820125   0.885735
 0.93002175 0.9565938  0.96855122 0.96855122 0.95886571 0.94143179
 0.91789599 0.88965304 0.85787972 0.82356453 0.78753358 0.75047318
 0.71294952 0.67542586 0.63827744 0.60180444 0.56624327 0.53177629
 0.49854027 0.46663369 0.43612303 0.40704816 0.37942703 0.35325965
 0.32853148]",30
4972,29378,29378,1,[1.  1.8],1
4973,48027,48027,3,[0.29411765 0.52941176 0.71470588 0.85764706],3
4974,154455,154455,3,[0.29411765 0.52941176 0.71470588 0.85764706],3
4975,189892,189892,1,[1.  1.8],1
4976,216095,216095,9,"[1.         1.8        2.43       2.916      3.2805     3.54294
 3.720087   3.8263752  3.87420489]",8
4977,165315,165315,6,[1.       1.8      2.43     2.916    3.2805   3.54294  3.720087],6
4978,104361,104361,30,"[0.25       0.45       0.6075     0.729      0.820125   0.885735
 0.93002175 0.9565938  0.96855122 0.96855122 0.95886571 0.94143179
 0.91789599 0.88965304 0.85787972 0.82356453 0.78753358 0.75047318
 0.71294952 0.67542586 0.63827744 0.60180444 0.56624327 0.53177629
 0.49854027 0.46663369 0.43612303 0.40704816 0.37942703 0.35325965
 0.32853148]",30
4979,4530,4530,30,"[0.25       0.45       0.6075     0.729      0.820125   0.885735
 0.93002175 0.9565938  0.96855122 0.96855122 0.95886571 0.94143179
 0.91789599 0.88965304 0.85787972 0.82356453 0.78753358 0.75047318
 0.71294952 0.67542586 0.63827744 0.60180444 0.56624327 0.53177629
 0.49854027 0.46663369 0.43612303 0.40704816 0.37942703 0.35325965
 0.32853148]",30
4980,326696,326696,3,[0.29411765 0.52941176 0.71470588 0.85764706],3
4981,212388,212388,6,[1.       1.8      2.43     2.916    3.2805   3.54294  3.720087],6
4982,231618,231618,60,"[0.25       0.45       0.6075     0.729      0.820125   0.885735
 0.93002175 0.9565938  0.96855122 0.96855122 0.95886571 0.94143179
 0.91789599 0.88965304 0.85787972 0.82356453 0.78753358 0.75047318
 0.71294952 0.67542586 0.63827744 0.60180444 0.56624327 0.53177629
 0.49854027 0.46663369 0.43612303 0.40704816 0.37942703 0.35325965
 0.32853148 0.30521634 0.28327892 0.26267681 0.24336234 0.225284
 0.2083877  0.19261782 0.17791804 0.16423203 0.15150405 0.13967934
 0.12870454 0.1185279  0.10909954 0.10037158 0.09229821 0.08483581
 0.0779429  0.07158021 0.06571063 0.06029917 0.05531289 0.05072088
 0.04649414 0.04260554 0.03902972 0.035743   0.03272334 0.02995017
 0.02740441]",60
4983,286827,286827,1,[1.  1.8],1
4984,127763,127763,3,[0.29411765 0.52941176 0.71470588 0.85764706],3
4985,102900,102900,60,"[0.25       0.45       0.6075     0.729      0.820125   0.885735
 0.93002175 0.9565938  0.96855122 0.96855122 0.95886571 0.94143179
 0.91789599 0.88965304 0.85787972 0.82356453 0.78753358 0.75047318
 0.71294952 0.67542586 0.63827744 0.60180444 0.56624327 0.53177629
 0.49854027 0.46663369 0.43612303 0.40704816 0.37942703 0.35325965
 0.32853148 0.30521634 0.28327892 0.26267681 0.24336234 0.225284
 0.2083877  0.19261782 0.17791804 0.16423203 0.15150405 0.13967934
 0.12870454 0.1185279  0.10909954 0.10037158 0.09229821 0.08483581
 0.0779429  0.07158021 0.06571063 0.06029917 0.05531289 0.05072088
 0.04649414 0.04260554 0.03902972 0.035743   0.03272334 0.02995017
 0.02740441]",60
4986,55497,55497,1,[1.  1.8],1
4987,76627,76627,9,"[1.         1.8        2.43       2.916      3.2805     3.54294
 3.720087   3.8263752  3.87420489]",8
4988,174435,174435,3,[0.29411765 0.52941176 0.71470588 0.85764706],3
4989,124176,124176,3,[0.29411765 0.52941176 0.71470588 0.85764706],3
4990,292001,292001,1,[1.  1.8],1
4991,244830,244830,1,[1.  1.8],1
4992,27130,27130,9,"[1.         1.8        2.43       2.916      3.2805     3.54294
 3.720087   3.8263752  3.87420489]",8
4993,174193,174193,3,[0.29411765 0.52941176 0.71470588 0.85764706],3
4994,105322,105322,3,[0.29411765 0.52941176 0.71470588 0.85764706],3
4995,218040,218040,30,"[0.25       0.45       0.6075     0.729      0.820125   0.885735
 0.93002175 0.9565938  0.96855122 0.96855122 0.95886571 0.94143179
 0.91789599 0.88965304 0.85787972 0.82356453 0.78753358 0.75047318
 0.71294952 0.67542586 0.63827744 0.60180444 0.56624327 0.53177629
 0.49854027 0.46663369 0.43612303 0.40704816 0.37942703 0.35325965
 0.32853148]",30
4996,97756,97756,30,"[0.25       0.45       0.6075     0.729      0.820125   0.885735
 0.93002175 0.9565938  0.96855122 0.96855122 0.95886571 0.94143179
 0.91789599 0.88965304 0.85787972 0.82356453 0.78753358 0.75047318
 0.71294952 0.67542586 0.63827744 0.60180444 0.56624327 0.53177629
 0.49854027 0.46663369 0.43612303 0.40704816 0.37942703 0.35325965
 0.32853148]",30
4997,118428,118428,3,[0.29411765 0.52941176 0.71470588 0.85764706],3
4998,200619,200619,30,"[0.25       0.45       0.6075     0.729      0.820125   0.885735
 0.93002175 0.9565938  0.96855122 0.96855122 0.95886571 0.94143179
 0.91789599 0.88965304 0.85787972 0.82356453 0.78753358 0.75047318
 0.71294952 0.67542586 0.63827744 0.60180444 0.56624327 0.53177629
 0.49854027 0.46663369 0.43612303 0.40704816 0.37942703 0.35325965
 0.32853148]",30
4999,341173,341173,3,[0.29411765 0.52941176 0.71470588 0.85764706],3
5000,265186,265186,30,"[0.25       0.45       0.6075     0.729      0.820125   0.885735
 0.93002175 0.9565938  0.96855122 0.96855122 0.95886571 0.94143179
 0.91789599 0.88965304 0.85787972 0.82356453 0.78753358 0.75047318
 0.71294952 0.67542586 0.63827744 0.60180444 0.56624327 0.53177629
 0.49854027 0.46663369 0.43612303 0.40704816 0.37942703 0.35325965
 0.32853148]",30
